0.20211	0.34557	0.39894	0.40311	0.34937	0.36202	0.3423	0.35366	0.29069	0.30967	0	0	0	0	0	0	0	0	0	0	0	0	0	0	
0.22414	0.36266	0.40914	0.41353	0.41232	0.43123	0.48845	0.30854	0.32305	0	0	0	0	0	0	0	0	0	0	0	0	0	0	0	
0.21334	0.33187	0.41272	0.42214	0.44427	0.47503	0.41209	0.3702	0.23009	0.23874	0.24021	0	0	0	0	0	0	0	0	0	0	0	0	0	
0.1727	0.33794	0.44006	0.46418	0.47122	0.43129	0.39766	0.3289	0.33367	0.33124	0.23553	0.22233	0	0	0	0	0	0	0	0	0	0	0	0	
0.20719	0.33811	0.41218	0.46264	0.43998	0.47274	0.40661	0.37492	0.2301	0.21387	0.19848	0	0	0	0	0	0	0	0	0	0	0	0	0	
0.20691	0.36883	0.52233	0.42334	0.47815	0.48167	0.52148	0.52119	0.5292	0.18006	0	0	0	0	0	0	0	0	0	0	0	0	0	0	
0.24715	0.39408	0.43351	0.4304	0.44269	0.47015	0.41917	0.41251	0.42031	0.44259	0.42711	0	0	0	0	0	0	0	0	0	0	0	0	0	
0.22454	0.35747	0.41224	0.42059	0.45645	0.48654	0.46217	0.41856	0.40153	0.40356	0	0	0	0	0	0	0	0	0	0	0	0	0	0	
0.20351	0.32625	0.3967	0.38703	0.40218	0.40797	0.37776	0.3883	0.42204	0.42366	0	0	0	0	0	0	0	0	0	0	0	0	0	0	
0.19938	0.28479	0.34978	0.36446	0.48149	0.46571	0.41763	0.41606	0.47618	0	0	0	0	0	0	0	0	0	0	0	0	0	0	0	
0.18213	0.29847	0.39856	0.42414	0.41635	0.44288	0.42861	0.48706	0	0	0	0	0	0	0	0	0	0	0	0	0	0	0	0	
0.1836	0.33202	0.45503	0.41435	0.40259	0.40145	0.47883	0.27575	0.28895	0	0	0	0	0	0	0	0	0	0	0	0	0	0	0	
0.21625	0.34366	0.38734	0.37606	0.38109	0.41718	0.42121	0.29252	0	0	0	0	0	0	0	0	0	0	0	0	0	0	0	0	
0.24682	0.35123	0.38543	0.40691	0.43327	0.53426	0.40599	0.24687	0	0	0	0	0	0	0	0	0	0	0	0	0	0	0	0	
0.1895	0.33687	0.44027	0.46215	0.61328	0.59029	0.55114	0.62962	0	0	0	0	0	0	0	0	0	0	0	0	0	0	0	0	
0.24397	0.36218	0.48358	0.66851	0.66987	0.63611	0.60726	0.59907	0.60472	0.62036	0.22675	0	0	0	0	0	0	0	0	0	0	0	0	0	
0.21099	0.3692	0.66248	0.67394	0.61484	0.59505	0.6149	0.62708	0.62746	0.42595	0	0	0	0	0	0	0	0	0	0	0	0	0	0	
0.25299	0.65031	0.77599	0.62998	0.62129	0.53661	0.46249	0.37834	0.22107	0	0	0	0	0	0	0	0	0	0	0	0	0	0	0	
0.57628	0.75156	0.66334	0.64876	0.65117	0.63746	0.59648	0.37129	0	0	0	0	0	0	0	0	0	0	0	0	0	0	0	0	
0.50506	0.5562	0.60882	0.58381	0.57672	0.56359	0.4791	0	0	0	0	0	0	0	0	0	0	0	0	0	0	0	0	0	
0.21581	0.33608	0.41061	0.4648	0.52733	0.4676	0.22152	0	0	0	0	0	0	0	0	0	0	0	0	0	0	0	0	0	
0.24075	0.38074	0.49037	0.51456	0.48796	0.44934	0.27772	0.26032	0	0	0	0	0	0	0	0	0	0	0	0	0	0	0	0	
0.22212	0.39848	0.46623	0.48672	0.5047	0.51366	0.52988	0.59546	0.43526	0.27779	0.27378	0.27826	0.27242	0.26852	0	0	0	0	0	0	0	0	0	0	
0.2433	0.37408	0.51044	0.50554	0.48954	0.48216	0.57143	0.429	0.45696	0.34142	0.28185	0.27451	0.26819	0	0	0	0	0	0	0	0	0	0	0	
0.2114	0.40861	0.61331	0.47991	0.47652	0.58001	0.47941	0.47064	0.3381	0	0	0	0	0	0	0	0	0	0	0	0	0	0	0	
0.29857	0.42339	0.49059	0.44539	0.48	0.40771	0.4242	0.40939	0.36386	0.30131	0.36687	0.41581	0.4041	0	0	0	0	0	0	0	0	0	0	0	
0.31813	0.43676	0.55043	0.50639	0.46237	0.42515	0.39117	0.34192	0.17883	0.20351	0	0	0	0	0	0	0	0	0	0	0	0	0	0	
0.22081	0.35088	0.46535	0.39219	0.41473	0.39547	0.37207	0.33242	0.26387	0.18779	0	0	0	0	0	0	0	0	0	0	0	0	0	0	
0.19195	0.27808	0.35495	0.3963	0.37862	0.38202	0.42393	0.56759	0.44806	0.51476	0.50196	0.49649	0	0	0	0	0	0	0	0	0	0	0	0	
0.17391	0.30519	0.40036	0.40039	0.43445	0.47011	0.45258	0.40863	0.45081	0.44812	0.47188	0	0	0	0	0	0	0	0	0	0	0	0	0	
0.20329	0.29913	0.35298	0.38115	0.43022	0.44391	0.47195	0.41629	0.38631	0.3885	0.15747	0.15858	0.15278	0	0	0	0	0	0	0	0	0	0	0	
0.20069	0.27135	0.35245	0.41208	0.45725	0.49698	0.52086	0.56408	0.46454	0.36112	0.3444	0.15193	0	0	0	0	0	0	0	0	0	0	0	0	
0.20319	0.30779	0.39042	0.41966	0.47379	0.49795	0.50809	0.46972	0.35033	0.33516	0.15403	0	0	0	0	0	0	0	0	0	0	0	0	0	
0.21727	0.34444	0.43629	0.45239	0.48322	0.52289	0.45635	0.35573	0.34157	0.16214	0	0	0	0	0	0	0	0	0	0	0	0	0	0	
0.28645	0.38063	0.4796	0.50325	0.52371	0.44246	0.4012	0.38274	0.24402	0.2578	0	0	0	0	0	0	0	0	0	0	0	0	0	0	
0.24594	0.38416	0.58377	0.51448	0.49007	0.47039	0.42264	0.26494	0	0	0	0	0	0	0	0	0	0	0	0	0	0	0	0	
0.25644	0.38671	0.52162	0.49708	0.4507	0.40768	0.31928	0.23729	0	0	0	0	0	0	0	0	0	0	0	0	0	0	0	0	
0.28183	0.44741	0.48542	0.48116	0.45241	0.36018	0.25194	0	0	0	0	0	0	0	0	0	0	0	0	0	0	0	0	0	
0.2888	0.38162	0.44793	0.45095	0.3854	0.44973	0.25087	0.27939	0.2863	0	0	0	0	0	0	0	0	0	0	0	0	0	0	0	
0.24791	0.32417	0.3586	0.35243	0.42859	0.34243	0.23835	0.24654	0	0	0	0	0	0	0	0	0	0	0	0	0	0	0	0	
0.16489	0.28499	0.34961	0.38424	0.34306	0.37527	0.27676	0	0	0	0	0	0	0	0	0	0	0	0	0	0	0	0	0	
0.20686	0.29137	0.38469	0.37429	0.48186	0.22826	0	0	0	0	0	0	0	0	0	0	0	0	0	0	0	0	0	0	
0.17962	0.34243	0.4907	0.5369	0.56887	0.68651	0.36675	0	0	0	0	0	0	0	0	0	0	0	0	0	0	0	0	0	
0.22684	0.357	0.49527	0.5327	0.60623	0.56761	0.4103	0	0	0	0	0	0	0	0	0	0	0	0	0	0	0	0	0	
0.22763	0.38836	0.4796	0.56494	0.54377	0.59505	0.70051	0.59325	0	0	0	0	0	0	0	0	0	0	0	0	0	0	0	0	
0.22399	0.38442	0.50605	0.45893	0.53291	0.46596	0.13129	0	0	0	0	0	0	0	0	0	0	0	0	0	0	0	0	0	
0.25648	0.41917	0.46836	0.50715	0.50829	0.25158	0	0	0	0	0	0	0	0	0	0	0	0	0	0	0	0	0	0	
0.21957	0.35562	0.46065	0.53267	0.43696	0.41538	0	0	0	0	0	0	0	0	0	0	0	0	0	0	0	0	0	0	
0.23369	0.39036	0.45456	0.48283	0.50361	0.34691	0.37003	0.39382	0.32639	0.32126	0.25566	0	0	0	0	0	0	0	0	0	0	0	0	0	
0.21328	0.36916	0.49055	0.50105	0.4276	0.41301	0.40517	0.42009	0.42729	0.26666	0	0	0	0	0	0	0	0	0	0	0	0	0	0	
0.21849	0.37555	0.4958	0.44594	0.44531	0.38448	0.39451	0.40088	0.33137	0.22573	0	0	0	0	0	0	0	0	0	0	0	0	0	0	
0.21317	0.36015	0.45609	0.43425	0.41545	0.47882	0.41546	0.3486	0.23048	0	0	0	0	0	0	0	0	0	0	0	0	0	0	0	
0.18204	0.3233	0.40724	0.37488	0.41814	0.43599	0.43201	0.35035	0.28299	0.3072	0	0	0	0	0	0	0	0	0	0	0	0	0	0	
0.19683	0.3323	0.39136	0.45532	0.44906	0.45317	0.48013	0.4369	0.40437	0.30049	0.30128	0.29538	0.2825	0.26728	0.28	0.27645	0.26706	0	0	0	0	0	0	0	
0.17517	0.30055	0.3852	0.39528	0.41873	0.4489	0.46718	0.43376	0.3979	0.29041	0.28736	0.27635	0.25821	0.27477	0.27329	0.2622	0	0	0	0	0	0	0	0	
0.18267	0.34117	0.42494	0.44834	0.48498	0.52296	0.54675	0.36919	0.28365	0.27462	0.2644	0.24852	0.26348	0.26035	0.25236	0	0	0	0	0	0	0	0	0	
0.17859	0.34675	0.42034	0.41894	0.39173	0.39699	0.36039	0.3273	0.33012	0	0	0	0	0	0	0	0	0	0	0	0	0	0	0	
0.23153	0.35527	0.40357	0.38554	0.43903	0.47241	0.40743	0.43153	0.31446	0.30282	0.22391	0.21874	0.21937	0	0	0	0	0	0	0	0	0	0	0	
0.15633	0.26377	0.3231	0.41373	0.54029	0.52724	0.51882	0.5121	0.44415	0.4884	0.22208	0.22041	0	0	0	0	0	0	0	0	0	0	0	0	
0.17218	0.28939	0.44211	0.55668	0.4943	0.51613	0.52918	0.49263	0.51682	0.21256	0.20846	0	0	0	0	0	0	0	0	0	0	0	0	0	
0.17626	0.31734	0.46775	0.47229	0.51333	0.42891	0.43299	0.339	0.30791	0.30985	0.28164	0	0	0	0	0	0	0	0	0	0	0	0	0	
0.22979	0.39339	0.48574	0.47346	0.45399	0.52977	0.40406	0.32673	0.34608	0.29863	0	0	0	0	0	0	0	0	0	0	0	0	0	0	
0.22584	0.3485	0.45531	0.47931	0.46185	0.43603	0.33291	0.34746	0.29815	0.25352	0.24527	0	0	0	0	0	0	0	0	0	0	0	0	0	
0.22073	0.37091	0.43432	0.42577	0.45415	0.44933	0.46469	0.47954	0.32615	0.34972	0.28686	0.30324	0	0	0	0	0	0	0	0	0	0	0	0	
0.23251	0.34713	0.41481	0.4327	0.45335	0.48367	0.49362	0.45854	0.41352	0.38765	0.29526	0.16888	0	0	0	0	0	0	0	0	0	0	0	0	
0.17044	0.30108	0.36183	0.35661	0.42648	0.45275	0.45273	0.43269	0.36207	0.40079	0.36619	0	0	0	0	0	0	0	0	0	0	0	0	0	
0.19251	0.28793	0.39776	0.39011	0.4209	0.45109	0.45983	0.45134	0.4068	0.36747	0	0	0	0	0	0	0	0	0	0	0	0	0	0	
0.18801	0.30527	0.37222	0.40255	0.43844	0.4598	0.41631	0.38241	0.35206	0.18414	0.1824	0.16973	0	0	0	0	0	0	0	0	0	0	0	0	
0.17856	0.29295	0.42295	0.38315	0.38041	0.38464	0.36461	0.36147	0.32783	0.28926	0.28606	0	0	0	0	0	0	0	0	0	0	0	0	0	
0.19726	0.3045	0.38735	0.37074	0.41966	0.42184	0.4164	0.34503	0.29099	0.28757	0	0	0	0	0	0	0	0	0	0	0	0	0	0	
0.1942	0.31818	0.36153	0.37681	0.4284	0.43779	0.34612	0.29577	0.29089	0	0	0	0	0	0	0	0	0	0	0	0	0	0	0	
0.17638	0.29783	0.39073	0.39774	0.35873	0.3839	0.33392	0.3336	0.28722	0.31488	0	0	0	0	0	0	0	0	0	0	0	0	0	0	
0.20182	0.31413	0.40898	0.37574	0.42711	0.43996	0.39335	0.47219	0.31153	0	0	0	0	0	0	0	0	0	0	0	0	0	0	0	
0.21585	0.3375	0.36011	0.37968	0.3816	0.37906	0.46688	0.33015	0	0	0	0	0	0	0	0	0	0	0	0	0	0	0	0	
0.21825	0.34503	0.40374	0.42299	0.42353	0.44287	0.32493	0	0	0	0	0	0	0	0	0	0	0	0	0	0	0	0	0	
0.21761	0.37283	0.39711	0.37528	0.44075	0.34197	0.11432	0.10445	0.12137	0.14597	0	0	0	0	0	0	0	0	0	0	0	0	0	0	
0.22295	0.34336	0.46213	0.51897	0.33865	0.28169	0.25936	0.28966	0.31344	0.27154	0	0	0	0	0	0	0	0	0	0	0	0	0	0	
0.2113	0.34922	0.43773	0.43977	0.54466	0.36132	0.40773	0.36216	0.37907	0	0	0	0	0	0	0	0	0	0	0	0	0	0	0	
0.24116	0.36815	0.46365	0.55431	0.40525	0.42886	0.37458	0.39414	0	0	0	0	0	0	0	0	0	0	0	0	0	0	0	0	
0.23187	0.38316	0.48418	0.42301	0.44763	0.37096	0.39586	0	0	0	0	0	0	0	0	0	0	0	0	0	0	0	0	0	
0.23318	0.38	0.39453	0.46647	0.41001	0.41024	0.18804	0.18039	0	0	0	0	0	0	0	0	0	0	0	0	0	0	0	0	
0.22283	0.36129	0.45741	0.41433	0.48356	0.37797	0.31087	0.31401	0.17721	0.17346	0.16988	0	0	0	0	0	0	0	0	0	0	0	0	0	
0.22465	0.35538	0.39492	0.48128	0.44339	0.43259	0.37764	0.36726	0.32181	0.17622	0	0	0	0	0	0	0	0	0	0	0	0	0	0	
0.22799	0.36868	0.50253	0.42517	0.45002	0.37045	0.36771	0.34809	0.26528	0.22029	0.24087	0.22742	0	0	0	0	0	0	0	0	0	0	0	0	
0.24311	0.39097	0.47499	0.40404	0.35516	0.32891	0.31488	0.22732	0.23304	0.22966	0.21941	0	0	0	0	0	0	0	0	0	0	0	0	0	
0.24924	0.37826	0.4299	0.36224	0.31095	0.30377	0.22716	0.23468	0.23528	0.22051	0	0	0	0	0	0	0	0	0	0	0	0	0	0	
0.24218	0.33639	0.39331	0.34408	0.39409	0.37788	0.29781	0.29973	0.30258	0.25567	0.26144	0.28548	0.27892	0.2746	0.27739	0	0	0	0	0	0	0	0	0	
0.19123	0.30476	0.34772	0.36425	0.34755	0.34882	0.3067	0.301	0.28389	0.28599	0.31259	0.3072	0.20354	0.19789	0	0	0	0	0	0	0	0	0	0	
0.20398	0.31911	0.39736	0.38789	0.36548	0.33841	0.34442	0.33119	0.30092	0.33577	0.33076	0.2611	0.26188	0	0	0	0	0	0	0	0	0	0	0	
0.22298	0.33985	0.38378	0.37187	0.39408	0.3849	0.43783	0.30613	0.34775	0.33489	0.26301	0.26191	0.18689	0	0	0	0	0	0	0	0	0	0	0	
0.18775	0.31524	0.36164	0.40434	0.41032	0.43708	0.33359	0.36457	0.32613	0.25535	0.26142	0.1823	0	0	0	0	0	0	0	0	0	0	0	0	
0.20351	0.33279	0.3872	0.37762	0.40481	0.33147	0.32045	0.27061	0.2108	0.21972	0.13847	0	0	0	0	0	0	0	0	0	0	0	0	0	
0.23318	0.34902	0.40171	0.42978	0.38831	0.36231	0.3703	0.30168	0.28899	0	0	0	0	0	0	0	0	0	0	0	0	0	0	0	
0.25315	0.35785	0.42641	0.37752	0.39908	0.32195	0.27751	0.26155	0	0	0	0	0	0	0	0	0	0	0	0	0	0	0	0	
0.27658	0.40658	0.4298	0.4333	0.38824	0.35062	0.31493	0.22636	0.16418	0	0	0	0	0	0	0	0	0	0	0	0	0	0	0	
0.22079	0.32089	0.3965	0.40703	0.41377	0.36167	0.2442	0.15948	0	0	0	0	0	0	0	0	0	0	0	0	0	0	0	0	
0.2139	0.36809	0.48812	0.47911	0.42692	0.30736	0.3256	0.29663	0.29653	0	0	0	0	0	0	0	0	0	0	0	0	0	0	0	
0.24319	0.39168	0.43521	0.39452	0.3212	0.30774	0.31525	0.31931	0.28593	0.30088	0.30976	0.32749	0	0	0	0	0	0	0	0	0	0	0	0	
0.24145	0.33852	0.39492	0.34936	0.37102	0.31202	0.3561	0.38784	0.34317	0.35937	0.31958	0	0	0	0	0	0	0	0	0	0	0	0	0	
0.20769	0.32417	0.35891	0.38718	0.3514	0.39471	0.4273	0.43955	0.3926	0.38422	0	0	0	0	0	0	0	0	0	0	0	0	0	0	
0.22239	0.35054	0.40048	0.39682	0.42982	0.42239	0.44307	0.41883	0.4282	0	0	0	0	0	0	0	0	0	0	0	0	0	0	0	
0.19401	0.31985	0.37913	0.39943	0.41165	0.45549	0.44085	0.43602	0	0	0	0	0	0	0	0	0	0	0	0	0	0	0	0	
0.20967	0.3232	0.40407	0.4572	0.47528	0.5035	0.53224	0.51001	0.33317	0.32267	0	0	0	0	0	0	0	0	0	0	0	0	0	0	
0.20417	0.33408	0.44284	0.46236	0.47773	0.5173	0.56927	0.5318	0.47511	0.38382	0.38462	0	0	0	0	0	0	0	0	0	0	0	0	0	
0.22021	0.37518	0.53411	0.43119	0.48253	0.47774	0.48052	0.44476	0.36656	0.37634	0	0	0	0	0	0	0	0	0	0	0	0	0	0	
0.28604	0.48946	0.49264	0.50196	0.46351	0.49753	0.43827	0.35675	0.361	0	0	0	0	0	0	0	0	0	0	0	0	0	0	0	
0.43079	0.49741	0.54737	0.50281	0.52573	0.44835	0.32935	0.33699	0.1788	0	0	0	0	0	0	0	0	0	0	0	0	0	0	0	
0.27623	0.42772	0.44938	0.45394	0.41485	0.39304	0.26903	0	0	0	0	0	0	0	0	0	0	0	0	0	0	0	0	0	
0.32048	0.4325	0.51915	0.47395	0.4254	0.43377	0.26952	0	0	0	0	0	0	0	0	0	0	0	0	0	0	0	0	0	
0.31164	0.45497	0.49718	0.49419	0.4483	0.33099	0.2461	0.23665	0.1471	0	0	0	0	0	0	0	0	0	0	0	0	0	0	0	
0.33907	0.44511	0.49655	0.47751	0.4024	0.42959	0.53749	0.34984	0	0	0	0	0	0	0	0	0	0	0	0	0	0	0	0	
0.24086	0.38598	0.48294	0.4375	0.46662	0.57155	0.44877	0.31677	0	0	0	0	0	0	0	0	0	0	0	0	0	0	0	0	
0.22647	0.37367	0.46912	0.46749	0.50911	0.48254	0.35963	0.3668	0.34948	0	0	0	0	0	0	0	0	0	0	0	0	0	0	0	
0.24154	0.37525	0.48606	0.51011	0.54625	0.43722	0.36268	0.33952	0	0	0	0	0	0	0	0	0	0	0	0	0	0	0	0	
0.23276	0.38979	0.45472	0.48997	0.45437	0.40902	0.44662	0.21745	0	0	0	0	0	0	0	0	0	0	0	0	0	0	0	0	
0.29596	0.39816	0.47529	0.44658	0.3699	0.2749	0.28117	0	0	0	0	0	0	0	0	0	0	0	0	0	0	0	0	0	
0.19705	0.36141	0.43971	0.37337	0.36804	0.355	0.20215	0.2186	0	0	0	0	0	0	0	0	0	0	0	0	0	0	0	0	
0.25847	0.39318	0.41889	0.37733	0.41713	0.39021	0.37769	0.23317	0.24824	0.2521	0.24246	0	0	0	0	0	0	0	0	0	0	0	0	0	
0.25495	0.35838	0.39577	0.43007	0.37645	0.39706	0	0	0	0	0	0	0	0	0	0	0	0	0	0	0	0	0	0	
0.2429	0.35555	0.41932	0.42072	0.44994	0.23557	0	0	0	0	0	0	0	0	0	0	0	0	0	0	0	0	0	0	
0.23739	0.33174	0.34485	0.3636	0.24515	0.16962	0.15611	0.15225	0	0	0	0	0	0	0	0	0	0	0	0	0	0	0	0	
0.20775	0.31958	0.39879	0.31952	0.26699	0.25069	0.23087	0.21491	0.21657	0	0	0	0	0	0	0	0	0	0	0	0	0	0	0	
0.16543	0.34439	0.38557	0.38712	0.37069	0.39042	0.41659	0.30461	0.2113	0.20971	0.21744	0	0	0	0	0	0	0	0	0	0	0	0	0	
0.23131	0.33044	0.4012	0.41663	0.45647	0.51092	0.52256	0.52899	0.52433	0.53124	0.50986	0	0	0	0	0	0	0	0	0	0	0	0	0	
0.23595	0.37206	0.48109	0.49193	0.50969	0.55036	0.44773	0.34831	0.37309	0	0	0	0	0	0	0	0	0	0	0	0	0	0	0	
0.2258	0.35926	0.46002	0.46471	0.49105	0.45914	0.50832	0.5017	0.50555	0	0	0	0	0	0	0	0	0	0	0	0	0	0	0	
0.21921	0.36661	0.45333	0.46122	0.43759	0.48923	0.49509	0.51927	0.22216	0.23845	0.26455	0.27933	0.29408	0	0	0	0	0	0	0	0	0	0	0	
0.26528	0.36612	0.45538	0.48179	0.48677	0.51647	0.52433	0.34497	0.40578	0.43803	0.45357	0.47855	0	0	0	0	0	0	0	0	0	0	0	0	
0.246	0.39747	0.4143	0.42922	0.4621	0.4702	0.42973	0.40134	0.43547	0.44798	0.45538	0	0	0	0	0	0	0	0	0	0	0	0	0	
0.30217	0.37026	0.41273	0.44992	0.42808	0.4228	0.43528	0.46871	0.48326	0.48454	0.32064	0	0	0	0	0	0	0	0	0	0	0	0	0	
0.20744	0.33336	0.39751	0.38833	0.40893	0.42737	0.42752	0.43291	0.42292	0	0	0	0	0	0	0	0	0	0	0	0	0	0	0	
0.20908	0.33939	0.4023	0.42326	0.42959	0.42309	0.42841	0.38586	0.22209	0.21736	0.2375	0.25535	0	0	0	0	0	0	0	0	0	0	0	0	
0.23779	0.34188	0.45882	0.4588	0.51197	0.46527	0.44881	0.18945	0.18659	0.21796	0.24713	0	0	0	0	0	0	0	0	0	0	0	0	0	
0.18985	0.36938	0.47458	0.48519	0.45729	0.47881	0.42256	0.28802	0.29853	0.35293	0.3179	0.35347	0.35729	0	0	0	0	0	0	0	0	0	0	0	
0.27364	0.37232	0.45821	0.4634	0.50458	0.51358	0.46829	0.41556	0.46671	0.49647	0.51704	0.36653	0	0	0	0	0	0	0	0	0	0	0	0	
0.2124	0.34594	0.43404	0.45865	0.49368	0.49895	0.47404	0.45613	0.49096	0.51207	0.38091	0	0	0	0	0	0	0	0	0	0	0	0	0	
0.22564	0.35268	0.42362	0.45015	0.48727	0.47927	0.4396	0.4414	0.45319	0.20649	0	0	0	0	0	0	0	0	0	0	0	0	0	0	
0.2168	0.33502	0.40532	0.44217	0.44193	0.49259	0.44539	0.46952	0.33536	0.18864	0.18963	0	0	0	0	0	0	0	0	0	0	0	0	0	
0.20067	0.31795	0.40281	0.41891	0.42364	0.42834	0.43988	0.38436	0.20335	0.20535	0	0	0	0	0	0	0	0	0	0	0	0	0	0	
0.18421	0.33661	0.42716	0.44202	0.4461	0.45295	0.49451	0.50309	0.50256	0.2396	0.24457	0.23381	0.21998	0.20845	0	0	0	0	0	0	0	0	0	0	
0.21215	0.35213	0.46035	0.43274	0.48227	0.5736	0.6475	0.54393	0.43142	0.24681	0.23298	0.21961	0.20609	0	0	0	0	0	0	0	0	0	0	0	
0.21022	0.36991	0.45584	0.45689	0.5074	0.59256	0.51428	0.46117	0.21999	0.2035	0.1937	0.17998	0	0	0	0	0	0	0	0	0	0	0	0	
0.21385	0.34735	0.41419	0.48759	0.52997	0.56632	0.61066	0.35679	0.22055	0.20857	0.193	0	0	0	0	0	0	0	0	0	0	0	0	0	
0.21458	0.32284	0.43211	0.46855	0.47651	0.49861	0.42228	0.3725	0.3695	0.30327	0.27051	0.27508	0.30443	0.29893	0	0	0	0	0	0	0	0	0	0	
0.17858	0.40181	0.50424	0.53248	0.60961	0.45412	0.4087	0.41298	0.4057	0.27004	0.27238	0.30212	0.29942	0	0	0	0	0	0	0	0	0	0	0	
0.3457	0.45679	0.58595	0.59436	0.54817	0.53286	0.56009	0.51288	0.26845	0.26908	0.29711	0.30006	0	0	0	0	0	0	0	0	0	0	0	0	
0.23908	0.45126	0.53647	0.57982	0.55527	0.56464	0.56866	0.40992	0.39787	0.40037	0.28997	0	0	0	0	0	0	0	0	0	0	0	0	0	
0.30615	0.45638	0.59313	0.5134	0.54696	0.52771	0.52128	0.46498	0.36673	0.29744	0	0	0	0	0	0	0	0	0	0	0	0	0	0	
0.24046	0.38037	0.47665	0.42528	0.43699	0.49588	0.52956	0.63238	0.45541	0	0	0	0	0	0	0	0	0	0	0	0	0	0	0	
0.23603	0.33745	0.43588	0.39318	0.39196	0.44216	0.44157	0.47051	0	0	0	0	0	0	0	0	0	0	0	0	0	0	0	0	
0.19504	0.32429	0.39342	0.39182	0.49432	0.40479	0.46746	0.45022	0.45947	0.33499	0	0	0	0	0	0	0	0	0	0	0	0	0	0	
0.2364	0.3354	0.42918	0.46955	0.47749	0.47139	0.44019	0.45568	0.39983	0.34298	0.19913	0	0	0	0	0	0	0	0	0	0	0	0	0	
0.21349	0.31599	0.43638	0.40445	0.46421	0.48756	0.4647	0.42483	0.4342	0.39941	0.4086	0.3684	0.30151	0.3208	0.33256	0.32599	0.32019	0.34579	0.3471	0.35686	0.36909	0.36407	0.37087	0	
0.17506	0.34407	0.412	0.47425	0.48223	0.46584	0.42018	0.4142	0.39957	0.42014	0.40522	0.27697	0.30654	0.32269	0.31492	0.30716	0.33952	0.34385	0.35374	0.36474	0.36056	0.36698	0	0	
0.22281	0.33188	0.46508	0.47326	0.46582	0.40272	0.41417	0.38112	0.387	0.36385	0	0	0	0	0	0	0	0	0	0	0	0	0	0	
0.1753	0.37104	0.41253	0.41847	0.37693	0.38143	0.35843	0.33572	0.30574	0.2414	0.26978	0.30035	0.29078	0.2817	0.32707	0.338	0.34777	0.35595	0.35376	0.35947	0	0	0	0	
0.26647	0.37009	0.40582	0.38311	0.37766	0.41575	0.33606	0.2965	0.295	0.32571	0.35326	0.36928	0.30032	0.34524	0.35354	0.36182	0.37006	0.3653	0.36967	0	0	0	0	0	
0.17678	0.27052	0.3689	0.30631	0.30432	0.29144	0.27435	0.28419	0.30051	0.33386	0.34025	0.34337	0.36541	0.3725	0.38031	0.38906	0.38122	0.38391	0	0	0	0	0	0	
0.21149	0.28688	0.32031	0.28371	0.28014	0.24116	0.27974	0.30503	0.3026	0.32344	0.31498	0.32403	0.36688	0.37464	0.38599	0.37507	0.37864	0	0	0	0	0	0	0	
0.20948	0.29611	0.31288	0.27905	0.23911	0.26267	0.30078	0.33163	0.31653	0.31242	0.32353	0.36126	0.37014	0.38507	0.37113	0.37572	0	0	0	0	0	0	0	0	
0.18662	0.27496	0.32579	0.30648	0.33352	0.38858	0.38629	0.43367	0.50221	0.4131	0.45756	0.37945	0.3978	0.38029	0.38499	0	0	0	0	0	0	0	0	0	
0.21064	0.30483	0.3532	0.32722	0.36701	0.38428	0.43371	0.37339	0.38631	0.42487	0.38059	0.4043	0.38334	0.3893	0	0	0	0	0	0	0	0	0	0	
0.21496	0.30556	0.30567	0.34162	0.35417	0.43503	0.3973	0.43984	0.46404	0.37969	0.41139	0.38771	0.39605	0	0	0	0	0	0	0	0	0	0	0	
0.17815	0.26502	0.32538	0.33575	0.40968	0.3742	0.3683	0.41812	0.43634	0.48599	0.4602	0.4168	0	0	0	0	0	0	0	0	0	0	0	0	
0.1752	0.32154	0.37813	0.39402	0.3817	0.33292	0.3951	0.43783	0.49885	0.47223	0.43904	0	0	0	0	0	0	0	0	0	0	0	0	0	
0.20985	0.32292	0.41954	0.38476	0.37863	0.38652	0.44178	0.50501	0.47752	0.46443	0	0	0	0	0	0	0	0	0	0	0	0	0	0	
0.19985	0.36055	0.42937	0.40455	0.46023	0.42756	0.36769	0.42663	0.28536	0	0	0	0	0	0	0	0	0	0	0	0	0	0	0	
0.21394	0.34483	0.40709	0.47208	0.47587	0.49422	0.51071	0.45444	0	0	0	0	0	0	0	0	0	0	0	0	0	0	0	0	
0.21379	0.32513	0.44919	0.46805	0.4842	0.5104	0.44019	0	0	0	0	0	0	0	0	0	0	0	0	0	0	0	0	0	
0.19343	0.37499	0.45848	0.47423	0.55832	0.49902	0.22547	0	0	0	0	0	0	0	0	0	0	0	0	0	0	0	0	0	
0.27531	0.42173	0.49932	0.53819	0.50394	0.34499	0.31462	0.37045	0.39541	0.38208	0	0	0	0	0	0	0	0	0	0	0	0	0	0	
0.24308	0.38203	0.43245	0.39828	0.40353	0.34912	0.36561	0.40008	0.38865	0	0	0	0	0	0	0	0	0	0	0	0	0	0	0	
0.2301	0.35388	0.45043	0.43154	0.42333	0.56025	0.40308	0.40161	0	0	0	0	0	0	0	0	0	0	0	0	0	0	0	0	
0.20166	0.36872	0.41876	0.41692	0.56057	0.42696	0.41093	0	0	0	0	0	0	0	0	0	0	0	0	0	0	0	0	0	
0.22924	0.37489	0.45346	0.62795	0.60852	0.52414	0.26636	0.28132	0.27532	0.26629	0.26377	0.25806	0.25968	0.24658	0.25747	0	0	0	0	0	0	0	0	0	
0.24764	0.37026	0.48395	0.48842	0.59012	0.43431	0.23605	0.2456	0.2377	0.24055	0.23913	0.24055	0.22679	0.24207	0	0	0	0	0	0	0	0	0	0	
0.20821	0.40229	0.46639	0.60356	0.50627	0.23942	0.24791	0.24525	0.24726	0.24657	0.24457	0.23122	0.24724	0	0	0	0	0	0	0	0	0	0	0	
0.25279	0.4204	0.539	0.47173	0.41668	0.47326	0.50107	0.27025	0.26739	0.26312	0.24793	0.26509	0	0	0	0	0	0	0	0	0	0	0	0	
0.24214	0.38832	0.45585	0.50652	0.51945	0.45911	0.27798	0.26841	0.27736	0.26544	0.26302	0	0	0	0	0	0	0	0	0	0	0	0	0	
0.2092	0.37027	0.55484	0.49746	0.53866	0.27708	0.26069	0.27418	0.26155	0.2561	0	0	0	0	0	0	0	0	0	0	0	0	0	0	
0.18032	0.36756	0.48749	0.52247	0.2844	0.26491	0.26478	0.25092	0.24248	0	0	0	0	0	0	0	0	0	0	0	0	0	0	0	
0.19207	0.36686	0.50727	0.31105	0.27124	0.29934	0.30573	0.24479	0	0	0	0	0	0	0	0	0	0	0	0	0	0	0	0	
0.18812	0.34594	0.42	0.33708	0.39793	0.39685	0.44925	0.30213	0.34241	0.32831	0.334	0	0	0	0	0	0	0	0	0	0	0	0	0	
0.18488	0.33918	0.39447	0.38837	0.37008	0.43949	0.3189	0.34643	0.32315	0.334	0	0	0	0	0	0	0	0	0	0	0	0	0	0	
0.22174	0.32346	0.36763	0.40041	0.36503	0	0	0	0	0	0	0	0	0	0	0	0	0	0	0	0	0	0	0	
0.20762	0.32937	0.50938	0.46398	0.46721	0.36787	0.36233	0.37024	0.24195	0	0	0	0	0	0	0	0	0	0	0	0	0	0	0	
0.23258	0.38873	0.48783	0.48081	0.42839	0.43313	0.44307	0.3631	0	0	0	0	0	0	0	0	0	0	0	0	0	0	0	0	
0.23147	0.40234	0.48406	0.45712	0.49037	0.49208	0.3497	0	0	0	0	0	0	0	0	0	0	0	0	0	0	0	0	0	
0.2467	0.41843	0.50114	0.59368	0.64219	0.48564	0	0	0	0	0	0	0	0	0	0	0	0	0	0	0	0	0	0	
0.33559	0.47177	0.5482	0.60441	0.54071	0.44741	0	0	0	0	0	0	0	0	0	0	0	0	0	0	0	0	0	0	
0.30065	0.46313	0.56346	0.62963	0.53827	0.31125	0.22104	0	0	0	0	0	0	0	0	0	0	0	0	0	0	0	0	0	
0.27173	0.39215	0.48204	0.455	0.47804	0.36246	0.26127	0.2713	0.31281	0	0	0	0	0	0	0	0	0	0	0	0	0	0	0	
0.21764	0.35226	0.44934	0.44929	0.457	0.48336	0.3923	0.43647	0	0	0	0	0	0	0	0	0	0	0	0	0	0	0	0	
0.25501	0.4123	0.44982	0.54761	0.43105	0.40953	0.43894	0	0	0	0	0	0	0	0	0	0	0	0	0	0	0	0	0	
0.24366	0.35863	0.43451	0.4233	0.45228	0.40265	0.1528	0	0	0	0	0	0	0	0	0	0	0	0	0	0	0	0	0	
0.2104	0.35707	0.42535	0.42635	0.42073	0.35812	0.39877	0.37193	0.36402	0	0	0	0	0	0	0	0	0	0	0	0	0	0	0	
0.23813	0.37632	0.41661	0.44795	0.32962	0.27047	0	0	0	0	0	0	0	0	0	0	0	0	0	0	0	0	0	0	
0.21755	0.36804	0.44821	0.53607	0.38571	0.23576	0.24281	0.26223	0	0	0	0	0	0	0	0	0	0	0	0	0	0	0	0	
0.23316	0.36484	0.43418	0.45689	0.46972	0.51106	0.47426	0.50222	0	0	0	0	0	0	0	0	0	0	0	0	0	0	0	0	
0.21492	0.35132	0.39533	0.44666	0.45657	0.41191	0.42768	0	0	0	0	0	0	0	0	0	0	0	0	0	0	0	0	0	
