0	0.96721	0.93878	0.96429	0.82609	0.85714	0.71429	1	1	1	0	0	0	0	0	0	0	0	0	0	0	0	0	0	
0	0.93886	0.92035	0.88889	0.9	0.8	1	1	1	0	0	0	0	0	0	0	0	0	0	0	0	0	0	0	
0	0.94182	0.94175	0.94118	0.90909	1	1	1	1	1	1	0	0	0	0	0	0	0	0	0	0	0	0	0	
0	0.96283	0.96491	0.92453	0.92	1	1	1	1	1	1	1	0	0	0	0	0	0	0	0	0	0	0	0	
0	0.97378	0.95575	0.88462	0.875	0.86667	0.71429	0.5	0.5	1	1	0	0	0	0	0	0	0	0	0	0	0	0	0	
0	0.96537	0.86458	0.85714	0.79167	0.75	0.625	0.66667	1	1	0	0	0	0	0	0	0	0	0	0	0	0	0	0	
0	0.9434	0.96341	0.90909	0.92	0.875	0.77778	0.8	1	1	1	0	0	0	0	0	0	0	0	0	0	0	0	0	
0	0.95673	0.91837	0.91304	0.86207	0.83333	0.90909	0.88889	1	1	0	0	0	0	0	0	0	0	0	0	0	0	0	0	
0	0.95781	0.9604	0.91935	0.90244	0.875	0.8125	0.8	0.77778	0.5	0	0	0	0	0	0	0	0	0	0	0	0	0	0	
0	0.98106	0.96581	0.89474	0.82857	0.8	0.75	0.77778	0.75	0	0	0	0	0	0	0	0	0	0	0	0	0	0	0	
0	0.9685	0.93333	0.92982	0.9	0.84211	0.73333	0.75	0	0	0	0	0	0	0	0	0	0	0	0	0	0	0	0	
0	0.96396	0.94393	0.92727	0.9	0.85714	0.66667	0.25	0.33333	0	0	0	0	0	0	0	0	0	0	0	0	0	0	0	
0	0.97115	0.94624	0.88889	0.82143	0.7	0.5	0.33333	0	0	0	0	0	0	0	0	0	0	0	0	0	0	0	0	
0	0.94167	0.93069	0.92308	0.84211	0.61538	0.375	0.2	0	0	0	0	0	0	0	0	0	0	0	0	0	0	0	0	
0	0.94215	0.86275	0.80488	0.60714	0.58824	0.63636	0.5	0	0	0	0	0	0	0	0	0	0	0	0	0	0	0	0	
0	0.96121	0.94937	0.79545	0.66667	0.70588	0.6	0.75	0.75	0.75	0.5	0	0	0	0	0	0	0	0	0	0	0	0	0	
0	0.94536	0.75342	0.77143	0.83333	0.83333	0.85714	0.83333	1	1	0	0	0	0	0	0	0	0	0	0	0	0	0	0	
0	0.70286	0.59155	0.62162	0.56522	0.5	0.42857	0.4	0.33333	0	0	0	0	0	0	0	0	0	0	0	0	0	0	0	
0	0.7069	0.71795	0.78571	0.71429	0.5	0.71429	0.5	0	0	0	0	0	0	0	0	0	0	0	0	0	0	0	0	
0	0.90217	0.88372	0.82609	0.74074	0.66667	0.5	0	0	0	0	0	0	0	0	0	0	0	0	0	0	0	0	0	
0	0.9646	0.93182	0.81395	0.85714	0.88889	0.5	0	0	0	0	0	0	0	0	0	0	0	0	0	0	0	0	0	
0	0.965	0.95402	0.97143	0.89474	0.71429	0.25	0.33333	0	0	0	0	0	0	0	0	0	0	0	0	0	0	0	0	
0	0.95982	0.96471	0.81579	0.8125	0.7	1	1	1	1	1	1	1	1	0	0	0	0	0	0	0	0	0	0	
0	0.97436	0.93204	0.86538	0.75	0.61538	0.5	0.5	0.6	0.66667	0.5	0.5	0.5	0	0	0	0	0	0	0	0	0	0	0	
0	0.93462	0.91398	0.80952	0.86364	0.75	0.625	0.57143	0.5	0	0	0	0	0	0	0	0	0	0	0	0	0	0	0	
0	0.93722	0.90625	0.93617	0.88462	0.76471	0.71429	0.7	0.8	0.66667	0.66667	1	1	0	0	0	0	0	0	0	0	0	0	0	
0	0.9322	0.94253	0.90909	0.70833	0.6875	0.6	0.66667	0.33333	0.5	0	0	0	0	0	0	0	0	0	0	0	0	0	0	
0	0.98031	0.94444	0.90741	0.93333	0.875	0.77778	0.8	0.66667	0.5	0	0	0	0	0	0	0	0	0	0	0	0	0	0	
0	0.94366	0.95349	0.94203	0.88095	0.875	0.86667	0.85714	0.75	0.66667	1	1	0	0	0	0	0	0	0	0	0	0	0	0	
0	0.9708	0.96748	0.92647	0.90909	0.92308	0.8	0.8	0.75	1	1	0	0	0	0	0	0	0	0	0	0	0	0	0	
0	0.98258	0.97163	0.94048	0.89796	0.82353	0.72727	0.66667	0.75	0.66667	1	1	1	0	0	0	0	0	0	0	0	0	0	0	
0	0.98319	0.97826	0.95283	0.94444	0.94737	0.86667	0.875	0.8	1	1	1	0	0	0	0	0	0	0	0	0	0	0	0	
0	0.95913	0.95676	0.86667	0.84375	0.77273	0.7	0.8	1	1	1	0	0	0	0	0	0	0	0	0	0	0	0	0	
0	0.97468	0.9798	0.93878	0.86667	0.91667	0.83333	1	1	1	0	0	0	0	0	0	0	0	0	0	0	0	0	0	
0	0.95872	0.98889	0.90909	0.89474	0.6	0.5	0.66667	1	1	0	0	0	0	0	0	0	0	0	0	0	0	0	0	
0	0.97044	0.85542	0.8	0.72222	0.77778	0.71429	0.66667	0	0	0	0	0	0	0	0	0	0	0	0	0	0	0	0	
0	0.95814	0.87179	0.87097	0.84615	0.77778	0.8	1	0	0	0	0	0	0	0	0	0	0	0	0	0	0	0	0	
0	0.93642	0.91525	0.91304	0.875	0.875	0.5	0	0	0	0	0	0	0	0	0	0	0	0	0	0	0	0	0	
0	0.95679	0.96552	0.89655	1	1	1	1	1	0	0	0	0	0	0	0	0	0	0	0	0	0	0	0	
0	0.95531	0.91781	0.90909	0.92857	1	1	1	0	0	0	0	0	0	0	0	0	0	0	0	0	0	0	0	
0	0.94554	0.92857	0.9697	0.875	1	0.5	0	0	0	0	0	0	0	0	0	0	0	0	0	0	0	0	0	
0	0.9593	0.98387	1	0.83333	0.5	0	0	0	0	0	0	0	0	0	0	0	0	0	0	0	0	0	0	
0	0.98802	0.98	1	0.8	0.66667	0.33333	0	0	0	0	0	0	0	0	0	0	0	0	0	0	0	0	0	
0	0.95918	0.90741	0.93103	0.89474	0.81818	0.6	0	0	0	0	0	0	0	0	0	0	0	0	0	0	0	0	0	
0	0.95882	0.97059	0.94118	0.92857	1	1	0.5	0	0	0	0	0	0	0	0	0	0	0	0	0	0	0	0	
0	0.97647	0.93939	0.90909	0.8125	0.75	0.33333	0	0	0	0	0	0	0	0	0	0	0	0	0	0	0	0	0	
0	0.97093	0.93333	0.91892	0.71429	0.4	0	0	0	0	0	0	0	0	0	0	0	0	0	0	0	0	0	0	
0	0.94845	0.95122	0.87097	0.58333	0.25	0	0	0	0	0	0	0	0	0	0	0	0	0	0	0	0	0	0	
0	0.95928	0.96104	0.89655	0.83333	0.8	1	1	1	1	1	0	0	0	0	0	0	0	0	0	0	0	0	0	
0	0.97396	0.94937	0.94737	0.93333	0.90909	1	1	1	1	0	0	0	0	0	0	0	0	0	0	0	0	0	0	
0	0.95408	0.92857	0.875	0.84211	0.81818	0.85714	0.8	1	1	0	0	0	0	0	0	0	0	0	0	0	0	0	0	
0	0.97183	0.96739	0.95238	0.96	1	0.77778	0.75	0.5	0	0	0	0	0	0	0	0	0	0	0	0	0	0	0	
0	0.95413	0.9625	0.95	0.90909	0.85714	0.875	0.66667	0.5	0.5	0	0	0	0	0	0	0	0	0	0	0	0	0	0	
0	0.9693	0.94681	0.9375	0.80952	0.85714	0.85714	0.8	0.66667	1	1	1	1	1	1	1	1	0	0	0	0	0	0	0	
0	0.92373	0.96078	0.95238	0.93333	0.875	0.83333	0.71429	0.66667	0.5	0.5	1	1	1	1	1	0	0	0	0	0	0	0	0	
0	0.96296	0.92708	0.89474	0.82759	0.73684	0.66667	0.66667	0.5	0.5	1	1	1	1	1	0	0	0	0	0	0	0	0	0	
0	0.9625	0.94444	0.96	0.89286	0.83333	1	1	1	0	0	0	0	0	0	0	0	0	0	0	0	0	0	0	
0	0.97619	0.99065	0.95	0.88889	0.91667	0.83333	1	1	1	1	1	1	0	0	0	0	0	0	0	0	0	0	0	
0	0.98519	0.96875	0.89655	1	0.94444	0.81818	0.77778	0.66667	1	1	1	0	0	0	0	0	0	0	0	0	0	0	0	
0	0.97279	0.90566	0.91304	0.76667	0.78571	0.63636	0.33333	0.66667	1	1	0	0	0	0	0	0	0	0	0	0	0	0	0	
0	0.9697	0.97938	0.92727	0.88	0.78571	0.75	0.8	1	1	1	0	0	0	0	0	0	0	0	0	0	0	0	0	
0	0.9726	0.97674	0.89744	0.91304	0.86667	0.8	1	1	1	0	0	0	0	0	0	0	0	0	0	0	0	0	0	
0	0.9633	0.925	0.84091	0.78261	0.84615	0.71429	0.71429	0.6	1	1	0	0	0	0	0	0	0	0	0	0	0	0	0	
0	0.95928	0.94	0.86275	0.84615	0.875	0.78571	0.77778	0.5	1	1	1	0	0	0	0	0	0	0	0	0	0	0	0	
0	0.98227	0.97414	0.95918	0.89655	0.88889	0.88235	0.8	0.85714	0.75	1	1	0	0	0	0	0	0	0	0	0	0	0	0	
0	0.97727	0.96154	0.96226	0.94737	0.90909	1	1	0.75	1	1	0	0	0	0	0	0	0	0	0	0	0	0	0	
0	0.97388	0.98387	0.92958	0.86842	0.9	0.91667	0.83333	0.75	1	0	0	0	0	0	0	0	0	0	0	0	0	0	0	
0	0.98305	0.97581	0.89474	0.88571	0.86364	0.9	0.875	0.66667	0.33333	0.5	0.5	0	0	0	0	0	0	0	0	0	0	0	0	
0	0.97297	0.9469	0.91379	0.92593	0.92857	0.88889	1	1	1	1	0	0	0	0	0	0	0	0	0	0	0	0	0	
0	0.95918	0.95238	0.95652	0.92	0.92308	1	1	1	1	0	0	0	0	0	0	0	0	0	0	0	0	0	0	
0	0.94595	0.94595	1	1	1	0.85714	0.66667	0.66667	0	0	0	0	0	0	0	0	0	0	0	0	0	0	0	
0	0.97561	0.975	0.95122	0.96429	1	1	1	1	1	0	0	0	0	0	0	0	0	0	0	0	0	0	0	
0	0.9803	0.93617	0.91304	0.875	0.9	0.85714	0.75	1	0	0	0	0	0	0	0	0	0	0	0	0	0	0	0	
0	0.97391	0.95192	0.96154	0.96	0.9	0.83333	1	0	0	0	0	0	0	0	0	0	0	0	0	0	0	0	0	
0	0.96	0.92632	0.92683	0.94118	0.85714	1	0	0	0	0	0	0	0	0	0	0	0	0	0	0	0	0	0	
0	0.9703	0.94805	0.86667	1	1	1	1	1	1	0	0	0	0	0	0	0	0	0	0	0	0	0	0	
0	0.95429	0.93103	0.94737	0.85714	1	1	1	1	1	0	0	0	0	0	0	0	0	0	0	0	0	0	0	
0	0.97838	0.96552	0.90476	1	1	1	1	1	0	0	0	0	0	0	0	0	0	0	0	0	0	0	0	
0	0.94079	0.89583	0.83333	1	1	1	1	0	0	0	0	0	0	0	0	0	0	0	0	0	0	0	0	
0	0.97351	0.97778	0.94737	1	1	1	0	0	0	0	0	0	0	0	0	0	0	0	0	0	0	0	0	
0	0.94245	0.90385	1	1	1	1	1	0	0	0	0	0	0	0	0	0	0	0	0	0	0	0	0	
0	0.92949	0.92157	0.93103	0.875	0.875	0.83333	0.75	0.5	1	1	0	0	0	0	0	0	0	0	0	0	0	0	0	
0	0.94578	0.95238	0.85714	0.84211	0.91667	0.83333	0.75	1	1	0	0	0	0	0	0	0	0	0	0	0	0	0	0	
0	0.96341	0.8125	0.81818	0.88889	0.875	0.8	1	1	1	1	1	0	0	0	0	0	0	0	0	0	0	0	0	
0	0.93902	0.90625	0.85294	0.86667	0.88889	1	1	1	1	1	0	0	0	0	0	0	0	0	0	0	0	0	0	
0	0.97516	0.94366	0.92308	0.83333	1	1	1	1	1	0	0	0	0	0	0	0	0	0	0	0	0	0	0	
0	0.94709	0.92188	0.92593	1	1	1	1	1	1	1	1	1	1	1	0	0	0	0	0	0	0	0	0	
0	0.95455	0.9375	0.97368	0.91667	0.9375	0.875	1	1	1	1	1	1	1	0	0	0	0	0	0	0	0	0	0	
0	0.97309	0.97849	0.93617	1	0.92308	0.9	0.85714	0.83333	1	1	1	1	0	0	0	0	0	0	0	0	0	0	0	
0	0.95133	0.92473	0.9375	0.96	1	1	0.83333	1	1	1	1	1	0	0	0	0	0	0	0	0	0	0	0	
0	0.95434	0.95789	0.93617	0.89286	1	0.88889	1	1	1	1	1	0	0	0	0	0	0	0	0	0	0	0	0	
0	0.97738	0.96552	0.90909	1	0.91667	1	1	1	1	1	0	0	0	0	0	0	0	0	0	0	0	0	0	
0	0.95633	0.93617	0.97143	0.89474	1	1	1	1	0	0	0	0	0	0	0	0	0	0	0	0	0	0	0	
0	0.9633	0.96	0.95	0.92857	0.875	0.75	1	0	0	0	0	0	0	0	0	0	0	0	0	0	0	0	0	
0	0.96585	0.92308	0.88462	0.8	0.66667	1	1	1	0	0	0	0	0	0	0	0	0	0	0	0	0	0	0	
0	0.9292	0.9	0.82857	0.8125	0.88889	1	0.5	0	0	0	0	0	0	0	0	0	0	0	0	0	0	0	0	
0	0.93717	0.96053	0.88235	0.94737	1	0.8	1	1	0	0	0	0	0	0	0	0	0	0	0	0	0	0	0	
0	0.94737	0.95588	0.9375	0.93333	0.8	0.875	1	1	1	1	1	0	0	0	0	0	0	0	0	0	0	0	0	
0	0.95928	0.95699	0.93023	0.95833	0.88889	0.91667	0.88889	1	1	1	0	0	0	0	0	0	0	0	0	0	0	0	0	
0	0.95349	0.90625	0.86957	0.93103	1	1	1	0.8	1	0	0	0	0	0	0	0	0	0	0	0	0	0	0	
0	0.95472	0.94545	0.92188	0.94286	0.90476	0.8	0.71429	0.8	0	0	0	0	0	0	0	0	0	0	0	0	0	0	0	
0	0.97112	0.992	0.95	0.90625	0.86667	0.85714	0.8	0	0	0	0	0	0	0	0	0	0	0	0	0	0	0	0	
0	0.97859	0.96528	0.88889	0.83871	0.78571	0.875	1	1	1	0	0	0	0	0	0	0	0	0	0	0	0	0	0	
0	0.97386	0.9469	0.85417	0.86364	0.8	0.75	0.6	1	1	1	0	0	0	0	0	0	0	0	0	0	0	0	0	
0	0.97468	0.93023	0.92308	0.95455	0.9	0.875	1	1	1	0	0	0	0	0	0	0	0	0	0	0	0	0	0	
0	0.94	0.95	0.85366	0.83333	0.8	1	1	1	0	0	0	0	0	0	0	0	0	0	0	0	0	0	0	
0	0.9345	0.92135	0.89189	0.88889	1	1	1	1	0	0	0	0	0	0	0	0	0	0	0	0	0	0	0	
0	0.90141	0.87692	0.78125	0.84615	0.6	0.5	0	0	0	0	0	0	0	0	0	0	0	0	0	0	0	0	0	
0	0.91346	0.85915	0.85714	0.75	0.83333	1	0	0	0	0	0	0	0	0	0	0	0	0	0	0	0	0	0	
0	0.90795	0.90588	0.83871	0.84615	1	1	1	1	0	0	0	0	0	0	0	0	0	0	0	0	0	0	0	
0	0.93953	0.89744	0.96774	0.83333	0.66667	0.8	1	0	0	0	0	0	0	0	0	0	0	0	0	0	0	0	0	
0	0.94836	0.94737	0.88571	0.8	0.8	1	1	0	0	0	0	0	0	0	0	0	0	0	0	0	0	0	0	
0	0.94397	0.92784	0.94444	0.95833	0.93333	1	1	1	0	0	0	0	0	0	0	0	0	0	0	0	0	0	0	
0	0.90551	0.86316	0.78431	0.80952	0.875	1	1	0	0	0	0	0	0	0	0	0	0	0	0	0	0	0	0	
0	0.92469	0.88182	0.78723	0.85	0.77778	1	1	0	0	0	0	0	0	0	0	0	0	0	0	0	0	0	0	
0	0.91949	0.86364	0.90625	0.84615	0.75	1	0	0	0	0	0	0	0	0	0	0	0	0	0	0	0	0	0	
0	0.92704	0.9186	0.88889	0.81818	1	1	1	0	0	0	0	0	0	0	0	0	0	0	0	0	0	0	0	
0	0.94089	0.93243	0.92857	1	1	1	1	1	1	1	0	0	0	0	0	0	0	0	0	0	0	0	0	
0	0.94194	0.98246	0.96429	1	1	0	0	0	0	0	0	0	0	0	0	0	0	0	0	0	0	0	0	
0	0.97468	0.92958	0.95652	0.88889	1	0	0	0	0	0	0	0	0	0	0	0	0	0	0	0	0	0	0	
0	0.98148	0.90741	0.82353	1	1	1	1	0	0	0	0	0	0	0	0	0	0	0	0	0	0	0	0	
0	0.96063	0.97059	1	1	1	1	1	1	0	0	0	0	0	0	0	0	0	0	0	0	0	0	0	
0	0.9854	0.97826	1	1	1	1	1	1	1	1	0	0	0	0	0	0	0	0	0	0	0	0	0	
0	0.97576	0.98529	0.97059	1	1	1	1	1	1	1	0	0	0	0	0	0	0	0	0	0	0	0	0	
0	0.98266	0.95455	0.91176	0.92857	0.9	0.71429	0.75	0.75	0	0	0	0	0	0	0	0	0	0	0	0	0	0	0	
0	0.92647	0.94186	0.92105	0.95	0.92308	1	1	1	0	0	0	0	0	0	0	0	0	0	0	0	0	0	0	
0	0.9378	0.92222	0.94737	0.95652	1	1	1	1	1	1	1	1	0	0	0	0	0	0	0	0	0	0	0	
0	0.9457	0.95181	0.96	0.96667	1	1	1	1	1	1	1	0	0	0	0	0	0	0	0	0	0	0	0	
0	0.95098	0.9697	0.94915	0.92593	1	1	1	1	1	1	0	0	0	0	0	0	0	0	0	0	0	0	0	
0	0.95397	0.95283	0.93333	1	1	1	1	1	1	1	0	0	0	0	0	0	0	0	0	0	0	0	0	
0	0.96667	0.91	0.95349	1	1	1	1	1	0	0	0	0	0	0	0	0	0	0	0	0	0	0	0	
0	0.95781	0.96629	1	0.95238	0.9	0.875	0.8	1	1	1	1	0	0	0	0	0	0	0	0	0	0	0	0	
0	0.97561	0.96154	0.98039	0.95238	0.92308	0.85714	1	1	1	1	0	0	0	0	0	0	0	0	0	0	0	0	0	
0	0.98162	0.97222	0.90909	0.84615	0.75	0.71429	0.66667	0.66667	0.66667	0.5	0.5	0.5	0	0	0	0	0	0	0	0	0	0	0	
0	0.97119	0.93617	0.85965	0.85294	0.72222	0.7	0.75	0.75	0.75	0.75	0.5	0	0	0	0	0	0	0	0	0	0	0	0	
0	0.95539	0.9322	0.89474	0.86364	0.85714	0.9	0.83333	0.75	0.75	0.5	0	0	0	0	0	0	0	0	0	0	0	0	0	
0	0.96654	0.92174	0.92157	0.90909	0.91667	0.875	0.8	1	1	0	0	0	0	0	0	0	0	0	0	0	0	0	0	
0	0.93704	0.93939	0.87805	0.73077	0.76471	0.5	0.625	0.4	1	1	0	0	0	0	0	0	0	0	0	0	0	0	0	
0	0.9596	0.94574	0.86885	0.8	0.63636	0.77778	0.66667	1	1	0	0	0	0	0	0	0	0	0	0	0	0	0	0	
0	0.98137	0.92701	0.96875	0.90625	0.85714	0.8	0.75	0.75	1	1	1	1	1	0	0	0	0	0	0	0	0	0	0	
0	0.97143	0.9845	0.91379	0.84848	0.77778	0.72727	0.71429	0.66667	1	1	1	1	0	0	0	0	0	0	0	0	0	0	0	
0	0.96721	0.96825	0.92188	0.875	0.78571	0.75	0.75	1	1	1	1	0	0	0	0	0	0	0	0	0	0	0	0	
0	0.96726	0.95276	0.87719	0.80769	0.875	0.875	1	1	1	1	0	0	0	0	0	0	0	0	0	0	0	0	0	
0	0.95975	0.94574	0.83333	0.70588	0.71429	0.71429	0.75	1	1	1	1	1	1	0	0	0	0	0	0	0	0	0	0	
0	0.94932	0.92035	0.85417	0.88	0.76923	0.85714	1	1	1	1	1	1	0	0	0	0	0	0	0	0	0	0	0	
0	0.93455	0.90265	0.88	0.78571	0.76471	0.9	0.83333	0.5	0.5	1	1	0	0	0	0	0	0	0	0	0	0	0	0	
0	0.92857	0.90816	0.81579	0.7619	0.8	0.875	0.66667	0.66667	1	1	0	0	0	0	0	0	0	0	0	0	0	0	0	
0	0.95035	0.95146	0.94231	0.92857	0.92857	0.85714	0.66667	0.66667	1	0	0	0	0	0	0	0	0	0	0	0	0	0	0	
0	0.9812	0.94444	0.84211	0.86667	0.78947	0.81818	0.71429	0.66667	0	0	0	0	0	0	0	0	0	0	0	0	0	0	0	
0	0.96	0.92308	0.88525	0.77143	0.53846	0.625	1	0	0	0	0	0	0	0	0	0	0	0	0	0	0	0	0	
0	0.95873	0.96212	0.9403	0.84	0.77778	0.81818	0.6	0.6	0.5	0	0	0	0	0	0	0	0	0	0	0	0	0	0	
0	0.97324	0.96899	0.85455	0.81818	0.875	0.77778	0.77778	0.75	0.5	0.5	0	0	0	0	0	0	0	0	0	0	0	0	0	
0	0.98058	0.95082	0.88732	0.85294	0.8	0.83333	0.81818	0.71429	1	1	1	1	1	1	1	1	1	1	1	1	1	1	0	
0	0.97603	0.9542	0.8871	0.85714	0.9	0.875	0.81818	1	1	1	1	1	1	1	1	1	1	1	1	1	1	0	0	
0	0.98986	0.9661	0.90741	0.90323	0.73913	0.6875	0.875	0.8	1	0	0	0	0	0	0	0	0	0	0	0	0	0	0	
0	0.97122	0.92373	0.92424	0.91429	0.91667	0.86667	0.8	0.71429	0.66667	0.5	0.5	0.5	0.5	0.5	0.5	1	1	1	1	0	0	0	0	
0	0.9708	0.96124	0.92208	0.88636	0.92308	0.89474	0.90909	0.8	0.66667	0.66667	0.66667	0.5	0.5	0.5	1	1	1	1	0	0	0	0	0	
0	0.96407	0.92025	0.82796	0.79167	0.76471	0.80952	0.75	0.75	0.6	0.5	0.66667	0.5	0.5	1	1	1	1	0	0	0	0	0	0	
0	0.97734	0.95906	0.89873	0.85714	0.89474	0.84	0.76471	0.75	0.66667	0.6	0.66667	0.5	1	1	1	1	0	0	0	0	0	0	0	
0	0.97612	0.95139	0.88506	0.83051	0.82051	0.79167	0.78571	0.66667	0.6	0.66667	0.5	1	1	1	1	0	0	0	0	0	0	0	0	
0	0.9871	0.98052	0.97872	0.93548	0.92105	0.90909	0.83333	1	1	1	1	1	1	1	0	0	0	0	0	0	0	0	0	
0	0.97321	0.97436	0.91765	0.89796	0.85185	0.73333	1	1	1	1	1	1	1	0	0	0	0	0	0	0	0	0	0	
0	0.96648	0.94118	0.81579	0.7551	0.65217	0.875	0.8	0.75	1	1	1	1	0	0	0	0	0	0	0	0	0	0	0	
0	0.96825	0.95105	0.93333	0.8	0.8125	0.75	0.66667	1	1	1	1	0	0	0	0	0	0	0	0	0	0	0	0	
0	0.99029	0.96032	0.81633	0.86957	0.83333	0.66667	1	1	1	1	0	0	0	0	0	0	0	0	0	0	0	0	0	
0	0.96466	0.91398	0.925	0.91304	0.625	1	1	1	1	0	0	0	0	0	0	0	0	0	0	0	0	0	0	
0	0.94323	0.91954	0.86364	0.71429	0.71429	0.6	0.75	0.5	0	0	0	0	0	0	0	0	0	0	0	0	0	0	0	
0	0.94643	0.89899	0.8	0.83333	1	1	1	0	0	0	0	0	0	0	0	0	0	0	0	0	0	0	0	
0	0.95312	0.91667	0.86111	0.8	0.83333	1	0	0	0	0	0	0	0	0	0	0	0	0	0	0	0	0	0	
0	0.92917	0.93333	0.80769	0.81818	0.8	1	0	0	0	0	0	0	0	0	0	0	0	0	0	0	0	0	0	
0	0.95722	0.95161	0.92857	0.69231	0.8	1	1	1	1	0	0	0	0	0	0	0	0	0	0	0	0	0	0	
0	0.94643	0.92857	0.88889	0.83333	0.85714	0.66667	1	1	0	0	0	0	0	0	0	0	0	0	0	0	0	0	0	
0	0.95187	0.93443	0.95833	0.93333	0.71429	1	1	0	0	0	0	0	0	0	0	0	0	0	0	0	0	0	0	
0	0.93452	0.9434	0.95455	0.875	1	1	0	0	0	0	0	0	0	0	0	0	0	0	0	0	0	0	0	
0	0.94558	1	0.80952	1	1	1	1	1	1	1	1	1	1	1	0	0	0	0	0	0	0	0	0	
0	0.98658	0.95349	0.92857	1	1	1	1	1	1	1	1	1	1	0	0	0	0	0	0	0	0	0	0	
0	0.9375	1	1	1	1	1	1	1	1	1	1	1	0	0	0	0	0	0	0	0	0	0	0	
0	0.95804	0.93617	1	0.85714	1	1	1	1	1	1	1	0	0	0	0	0	0	0	0	0	0	0	0	
0	0.95425	1	1	1	0.8	0.66667	0.66667	1	1	1	0	0	0	0	0	0	0	0	0	0	0	0	0	
0	0.94805	0.92453	0.90909	0.88889	0.75	0.75	1	1	1	0	0	0	0	0	0	0	0	0	0	0	0	0	0	
0	0.94326	0.90909	0.91304	0.72727	0.625	1	1	1	0	0	0	0	0	0	0	0	0	0	0	0	0	0	0	
0	0.94904	0.96154	0.84211	0.7	1	1	1	0	0	0	0	0	0	0	0	0	0	0	0	0	0	0	0	
0	0.95906	0.92308	0.83333	0.92308	1	1	1	1	1	1	0	0	0	0	0	0	0	0	0	0	0	0	0	
0	0.97386	0.84906	0.83333	0.78571	0.71429	1	1	1	1	0	0	0	0	0	0	0	0	0	0	0	0	0	0	
0	0.9359	0.92727	0.86364	0.71429	0	0	0	0	0	0	0	0	0	0	0	0	0	0	0	0	0	0	0	
0	0.93989	0.92308	0.80952	0.75	0.5	0.5	0.66667	0.5	0	0	0	0	0	0	0	0	0	0	0	0	0	0	0	
0	0.92647	0.83871	0.72727	0.7	0.66667	0.75	0.66667	0	0	0	0	0	0	0	0	0	0	0	0	0	0	0	0	
0	0.94186	0.88889	0.8	0.83333	0.8	0.66667	0	0	0	0	0	0	0	0	0	0	0	0	0	0	0	0	0	
0	0.93478	0.90909	0.85714	0.81818	0.6	0	0	0	0	0	0	0	0	0	0	0	0	0	0	0	0	0	0	
0	0.92414	0.84	0.79167	0.75	1	0	0	0	0	0	0	0	0	0	0	0	0	0	0	0	0	0	0	
0	0.91908	0.875	0.9	1	1	1	0	0	0	0	0	0	0	0	0	0	0	0	0	0	0	0	0	
0	0.97297	0.9	0.95	1	1	1	1	1	0	0	0	0	0	0	0	0	0	0	0	0	0	0	0	
0	0.95266	0.98182	0.90909	0.88889	0.8	1	1	0	0	0	0	0	0	0	0	0	0	0	0	0	0	0	0	
0	0.9661	0.94	0.95	0.88889	1	1	0	0	0	0	0	0	0	0	0	0	0	0	0	0	0	0	0	
0	0.95652	0.86207	0.85	0.92308	1	1	0	0	0	0	0	0	0	0	0	0	0	0	0	0	0	0	0	
0	0.94	0.91111	0.95	0.9	0.75	0.5	1	1	0	0	0	0	0	0	0	0	0	0	0	0	0	0	0	
0	0.89516	0.91304	0.875	0.83333	0.5	0	0	0	0	0	0	0	0	0	0	0	0	0	0	0	0	0	0	
0	0.94231	0.86207	0.9	0.57143	0.5	0.5	1	0	0	0	0	0	0	0	0	0	0	0	0	0	0	0	0	
0	0.93878	0.95312	0.95238	1	1	1	1	0	0	0	0	0	0	0	0	0	0	0	0	0	0	0	0	
0	0.95337	0.92308	0.875	0.83333	0.63636	0.66667	0	0	0	0	0	0	0	0	0	0	0	0	0	0	0	0	0	
