701	126	29	9	4	2	1	0	0	0	0	0	0	0	0	0	0	0	0	0	0	0	0	0	
682	109	23	7	2	1	0	0	0	0	0	0	0	0	0	0	0	0	0	0	0	0	0	0	
645	107	32	8	2	0	0	0	0	0	0	0	0	0	0	0	0	0	0	0	0	0	0	0	
698	120	32	8	2	1	0	0	0	0	0	0	0	0	0	0	0	0	0	0	0	0	0	0	
662	114	26	8	3	0	0	0	0	0	0	0	0	0	0	0	0	0	0	0	0	0	0	0	
689	133	25	7	3	1	0	0	0	0	0	0	0	0	0	0	0	0	0	0	0	0	0	0	
742	129	33	9	2	1	0	0	0	0	0	0	0	0	0	0	0	0	0	0	0	0	0	0	
741	136	38	12	4	1	1	1	1	0	0	0	0	0	0	0	0	0	0	0	0	0	0	0	
740	132	27	11	2	0	0	0	0	0	0	0	0	0	0	0	0	0	0	0	0	0	0	0	
773	132	33	10	6	3	3	2	0	0	0	0	0	0	0	0	0	0	0	0	0	0	0	0	
754	145	39	16	8	5	2	0	0	0	0	0	0	0	0	0	0	0	0	0	0	0	0	0	
743	123	41	14	7	1	0	0	0	0	0	0	0	0	0	0	0	0	0	0	0	0	0	0	
750	156	47	18	5	1	0	0	0	0	0	0	0	0	0	0	0	0	0	0	0	0	0	0	
761	148	46	17	6	2	0	0	0	0	0	0	0	0	0	0	0	0	0	0	0	0	0	0	
744	153	46	14	5	0	0	0	0	0	0	0	0	0	0	0	0	0	0	0	0	0	0	0	
764	142	40	19	7	4	3	1	1	0	0	0	0	0	0	0	0	0	0	0	0	0	0	0	
790	155	50	17	10	6	4	2	1	1	1	0	0	0	0	0	0	0	0	0	0	0	0	0	
752	170	58	26	15	9	6	4	3	3	0	0	0	0	0	0	0	0	0	0	0	0	0	0	
804	180	56	23	14	7	5	3	3	0	0	0	0	0	0	0	0	0	0	0	0	0	0	0	
735	143	51	26	12	9	4	4	0	0	0	0	0	0	0	0	0	0	0	0	0	0	0	0	
734	160	67	28	15	7	6	1	1	1	1	1	0	0	0	0	0	0	0	0	0	0	0	0	
777	165	54	27	10	7	1	1	1	1	1	0	0	0	0	0	0	0	0	0	0	0	0	0	
780	174	56	23	12	4	2	2	1	1	0	0	0	0	0	0	0	0	0	0	0	0	0	0	
795	173	49	24	8	5	3	2	2	1	0	0	0	0	0	0	0	0	0	0	0	0	0	0	
806	181	63	26	13	6	4	2	1	0	0	0	0	0	0	0	0	0	0	0	0	0	0	0	
838	185	61	29	11	4	1	0	0	0	0	0	0	0	0	0	0	0	0	0	0	0	0	0	
863	209	82	33	16	6	3	1	1	1	1	1	1	1	1	0	0	0	0	0	0	0	0	0	
947	233	68	24	11	7	4	2	1	1	1	1	1	1	0	0	0	0	0	0	0	0	0	0	
999	216	64	26	17	6	2	1	1	1	1	1	1	0	0	0	0	0	0	0	0	0	0	0	
1007	216	66	36	14	7	4	1	1	1	1	1	0	0	0	0	0	0	0	0	0	0	0	0	
1037	251	96	30	14	7	3	1	1	1	1	0	0	0	0	0	0	0	0	0	0	0	0	0	
1227	288	89	42	21	8	3	1	1	1	0	0	0	0	0	0	0	0	0	0	0	0	0	0	
1239	272	86	40	16	7	2	0	0	0	0	0	0	0	0	0	0	0	0	0	0	0	0	0	
1166	265	102	39	21	8	4	1	0	0	0	0	0	0	0	0	0	0	0	0	0	0	0	0	
1221	291	92	39	12	5	1	0	0	0	0	0	0	0	0	0	0	0	0	0	0	0	0	0	
1171	263	92	28	11	5	1	1	1	0	0	0	0	0	0	0	0	0	0	0	0	0	0	0	
1176	292	100	39	14	5	2	2	1	0	0	0	0	0	0	0	0	0	0	0	0	0	0	0	
1399	350	130	53	27	13	6	1	0	0	0	0	0	0	0	0	0	0	0	0	0	0	0	0	
1547	359	109	41	17	7	1	0	0	0	0	0	0	0	0	0	0	0	0	0	0	0	0	0	
1430	351	95	44	20	7	2	2	1	1	1	0	0	0	0	0	0	0	0	0	0	0	0	0	
1465	347	118	47	18	6	4	2	2	2	1	0	0	0	0	0	0	0	0	0	0	0	0	0	
1615	396	150	55	19	12	7	5	5	4	2	0	0	0	0	0	0	0	0	0	0	0	0	0	
1574	422	129	46	22	11	7	6	5	3	1	0	0	0	0	0	0	0	0	0	0	0	0	0	
1678	420	123	49	23	8	6	5	2	1	0	0	0	0	0	0	0	0	0	0	0	0	0	0	
1677	380	133	48	19	11	8	4	2	1	1	0	0	0	0	0	0	0	0	0	0	0	0	0	
1648	418	123	48	24	14	5	2	1	1	0	0	0	0	0	0	0	0	0	0	0	0	0	0	
1720	375	126	53	27	12	5	2	2	1	1	1	1	1	1	1	0	0	0	0	0	0	0	0	
1677	395	144	62	24	10	5	4	4	3	3	1	1	1	1	0	0	0	0	0	0	0	0	0	
1639	436	157	75	28	14	9	6	5	4	2	2	2	2	1	1	1	1	1	1	1	1	1	0	
1685	502	174	53	23	13	9	6	4	2	2	2	2	1	1	1	1	1	1	1	1	1	0	0	
1870	506	163	77	43	26	13	7	4	2	2	2	1	1	1	1	1	1	1	1	1	0	0	0	
1811	467	192	88	49	28	15	6	3	3	2	1	1	1	1	1	1	1	1	1	0	0	0	0	
1789	505	199	91	50	27	13	10	8	3	2	1	1	1	1	1	1	1	1	0	0	0	0	0	
1849	523	192	85	41	17	13	10	5	2	2	1	1	1	1	1	1	1	0	0	0	0	0	0	
1764	524	197	88	41	27	19	10	3	2	1	1	1	1	1	1	1	0	0	0	0	0	0	0	
1848	548	227	100	57	31	17	6	4	1	1	1	1	1	1	1	0	0	0	0	0	0	0	0	
1896	561	208	104	55	27	13	7	1	1	1	1	1	1	1	0	0	0	0	0	0	0	0	0	
1914	525	249	117	61	28	16	5	1	1	1	1	1	1	0	0	0	0	0	0	0	0	0	0	
1965	715	276	118	63	37	16	6	3	3	2	1	1	0	0	0	0	0	0	0	0	0	0	0	
2487	736	260	124	62	29	16	10	9	5	2	2	1	0	0	0	0	0	0	0	0	0	0	0	
2049	603	254	119	49	29	17	13	6	3	3	2	1	0	0	0	0	0	0	0	0	0	0	0	
2061	685	278	133	68	37	25	13	8	7	5	3	1	0	0	0	0	0	0	0	0	0	0	0	
2361	729	309	152	82	48	28	16	11	8	6	3	2	1	1	1	1	1	1	1	1	1	1	1	
2220	723	319	151	82	47	26	18	14	10	6	4	2	2	2	2	2	1	1	1	1	1	1	1	
2488	829	325	148	73	40	26	18	12	7	5	3	3	3	3	3	2	2	1	1	1	1	1	1	
2519	727	271	125	68	43	30	22	12	8	5	4	4	4	3	2	2	1	1	1	1	1	1	1	
2285	704	263	127	68	45	27	14	9	7	6	6	6	5	4	3	2	2	1	1	1	1	1	1	
2377	741	320	148	93	62	40	24	18	14	11	9	8	6	5	3	2	1	1	1	1	1	1	1	
2314	777	300	173	95	54	30	21	15	13	10	9	6	5	3	2	1	1	1	1	1	1	1	1	
2800	810	371	185	103	61	40	30	23	14	12	9	5	2	2	1	1	1	1	1	1	1	1	0	
2514	883	383	196	104	65	47	34	18	14	10	6	3	2	1	1	1	1	1	1	1	1	0	0	
2931	1094	410	213	117	72	43	24	17	12	7	3	2	1	1	1	1	1	1	1	1	0	0	0	
3220	958	424	206	121	68	38	24	17	11	6	4	2	2	1	1	1	1	1	1	0	0	0	0	
2690	976	391	207	105	57	37	25	16	10	7	2	2	1	1	1	1	1	1	0	0	0	0	0	
3538	988	402	211	97	59	39	24	17	12	6	4	3	2	2	2	1	1	0	0	0	0	0	0	
2584	842	330	145	84	44	24	16	11	5	4	3	2	2	2	1	1	0	0	0	0	0	0	0	
2665	899	291	162	73	42	21	14	6	4	3	2	1	1	0	0	0	0	0	0	0	0	0	0	
2787	831	358	159	81	42	24	11	6	5	3	2	2	1	1	0	0	0	0	0	0	0	0	0	
2400	805	313	153	75	44	22	9	6	4	3	2	1	1	0	0	0	0	0	0	0	0	0	0	
2508	796	317	143	84	41	22	15	7	6	3	2	2	0	0	0	0	0	0	0	0	0	0	0	
2358	771	294	147	74	33	22	10	7	4	3	2	0	0	0	0	0	0	0	0	0	0	0	0	
2527	808	307	147	70	39	17	11	4	3	3	0	0	0	0	0	0	0	0	0	0	0	0	0	
2435	746	275	127	65	31	20	9	4	3	0	0	0	0	0	0	0	0	0	0	0	0	0	0	
2372	735	285	125	50	29	12	6	4	1	0	0	0	0	0	0	0	0	0	0	0	0	0	0	
2322	667	242	92	44	19	8	3	1	0	0	0	0	0	0	0	0	0	0	0	0	0	0	0	
2207	627	216	89	37	19	11	3	1	0	0	0	0	0	0	0	0	0	0	0	0	0	0	0	
2197	569	201	82	36	16	5	2	1	1	1	1	1	0	0	0	0	0	0	0	0	0	0	0	
1961	554	186	69	26	9	3	1	1	1	1	1	0	0	0	0	0	0	0	0	0	0	0	0	
1916	512	166	63	19	6	2	1	1	1	1	0	0	0	0	0	0	0	0	0	0	0	0	0	
1887	478	163	58	20	7	2	1	1	1	0	0	0	0	0	0	0	0	0	0	0	0	0	0	
1595	415	127	37	12	5	2	2	2	0	0	0	0	0	0	0	0	0	0	0	0	0	0	0	
1445	356	96	31	8	1	1	1	0	0	0	0	0	0	0	0	0	0	0	0	0	0	0	0	
1266	290	104	35	13	7	5	1	1	1	1	0	0	0	0	0	0	0	0	0	0	0	0	0	
1263	294	83	30	15	9	3	2	1	1	1	1	1	0	0	0	0	0	0	0	0	0	0	0	
1066	270	84	47	25	5	2	1	1	1	1	1	0	0	0	0	0	0	0	0	0	0	0	0	
1054	236	85	39	15	8	5	2	1	1	1	0	0	0	0	0	0	0	0	0	0	0	0	0	
994	265	106	36	15	11	3	2	2	2	1	1	0	0	0	0	0	0	0	0	0	0	0	0	
1109	307	113	44	25	10	4	2	2	1	1	0	0	0	0	0	0	0	0	0	0	0	0	0	
1195	303	113	54	23	13	6	4	2	1	0	0	0	0	0	0	0	0	0	0	0	0	0	0	
1109	294	117	49	25	13	9	6	3	2	1	0	0	0	0	0	0	0	0	0	0	0	0	0	
1170	310	114	58	28	19	11	7	4	2	0	0	0	0	0	0	0	0	0	0	0	0	0	0	
1179	322	124	66	39	22	14	7	5	3	3	1	1	0	0	0	0	0	0	0	0	0	0	0	
1210	364	163	83	40	22	10	6	4	4	2	2	0	0	0	0	0	0	0	0	0	0	0	0	
1347	414	177	81	39	20	11	7	6	3	3	0	0	0	0	0	0	0	0	0	0	0	0	0	
1371	411	160	72	31	16	8	7	3	3	0	0	0	0	0	0	0	0	0	0	0	0	0	0	
1391	381	153	70	33	12	9	4	3	0	0	0	0	0	0	0	0	0	0	0	0	0	0	0	
1299	398	172	81	32	19	6	4	1	1	1	1	1	0	0	0	0	0	0	0	0	0	0	0	
1444	457	178	66	42	17	8	4	4	3	3	2	1	1	1	1	1	1	1	0	0	0	0	0	
1496	441	154	74	34	17	7	5	3	3	2	1	1	1	1	1	1	1	0	0	0	0	0	0	
1376	364	156	64	33	15	7	5	4	3	1	1	1	1	1	1	1	0	0	0	0	0	0	0	
1264	348	123	55	22	12	10	5	3	1	1	1	1	1	1	1	0	0	0	0	0	0	0	0	
1306	365	123	45	22	11	4	2	1	1	1	1	1	1	1	0	0	0	0	0	0	0	0	0	
1252	315	94	43	15	9	5	2	2	1	1	1	1	1	0	0	0	0	0	0	0	0	0	0	
1156	290	107	39	18	8	2	1	0	0	0	0	0	0	0	0	0	0	0	0	0	0	0	0	
1079	268	96	46	22	7	3	2	2	1	1	1	0	0	0	0	0	0	0	0	0	0	0	0	
1038	266	112	52	20	10	4	3	1	1	1	0	0	0	0	0	0	0	0	0	0	0	0	0	
1005	280	115	43	22	12	7	4	3	2	1	1	1	0	0	0	0	0	0	0	0	0	0	0	
988	269	85	34	18	11	7	4	2	1	1	1	0	0	0	0	0	0	0	0	0	0	0	0	
972	234	81	34	16	10	5	2	1	1	1	0	0	0	0	0	0	0	0	0	0	0	0	0	
853	241	76	28	14	8	3	2	1	1	0	0	0	0	0	0	0	0	0	0	0	0	0	0	
868	195	59	30	16	9	5	3	2	1	0	0	0	0	0	0	0	0	0	0	0	0	0	0	
703	182	75	26	11	6	4	3	2	0	0	0	0	0	0	0	0	0	0	0	0	0	0	0	
690	160	58	25	13	8	4	3	1	0	0	0	0	0	0	0	0	0	0	0	0	0	0	0	
623	164	61	22	12	7	5	2	1	0	0	0	0	0	0	0	0	0	0	0	0	0	0	0	
607	157	55	21	10	7	5	3	1	1	1	1	1	0	0	0	0	0	0	0	0	0	0	0	
639	181	65	27	17	11	5	4	3	3	3	3	0	0	0	0	0	0	0	0	0	0	0	0	
669	169	51	26	17	8	4	3	3	3	3	0	0	0	0	0	0	0	0	0	0	0	0	0	
576	149	57	27	14	6	6	3	3	3	0	0	0	0	0	0	0	0	0	0	0	0	0	0	
521	140	49	24	13	10	5	3	3	0	0	0	0	0	0	0	0	0	0	0	0	0	0	0	
573	154	65	29	17	9	4	3	0	0	0	0	0	0	0	0	0	0	0	0	0	0	0	0	
588	171	54	23	9	4	3	0	0	0	0	0	0	0	0	0	0	0	0	0	0	0	0	0	
669	169	54	19	9	6	3	1	1	0	0	0	0	0	0	0	0	0	0	0	0	0	0	0	
546	137	44	16	7	3	1	1	0	0	0	0	0	0	0	0	0	0	0	0	0	0	0	0	
555	152	55	23	11	7	4	4	3	1	0	0	0	0	0	0	0	0	0	0	0	0	0	0	
567	160	62	26	12	7	5	3	1	0	0	0	0	0	0	0	0	0	0	0	0	0	0	0	
591	166	74	23	14	10	7	2	1	1	0	0	0	0	0	0	0	0	0	0	0	0	0	0	
619	185	54	30	17	10	4	3	3	2	1	0	0	0	0	0	0	0	0	0	0	0	0	0	
607	147	59	22	12	6	5	5	4	2	1	1	1	0	0	0	0	0	0	0	0	0	0	0	
598	162	57	25	15	9	6	6	3	2	1	1	0	0	0	0	0	0	0	0	0	0	0	0	
612	163	63	30	17	11	9	3	3	1	1	0	0	0	0	0	0	0	0	0	0	0	0	0	
605	165	60	27	17	13	6	3	2	1	0	0	0	0	0	0	0	0	0	0	0	0	0	0	
651	166	63	32	18	9	6	2	1	0	0	0	0	0	0	0	0	0	0	0	0	0	0	0	
634	162	70	32	11	7	3	1	0	0	0	0	0	0	0	0	0	0	0	0	0	0	0	0	
684	185	75	34	20	10	4	1	0	0	0	0	0	0	0	0	0	0	0	0	0	0	0	0	
587	166	73	35	16	8	4	2	1	0	0	0	0	0	0	0	0	0	0	0	0	0	0	0	
598	156	63	28	12	7	4	2	0	0	0	0	0	0	0	0	0	0	0	0	0	0	0	0	
591	144	52	19	10	6	3	0	0	0	0	0	0	0	0	0	0	0	0	0	0	0	0	0	
570	130	49	26	14	5	0	0	0	0	0	0	0	0	0	0	0	0	0	0	0	0	0	0	
596	150	58	26	8	1	0	0	0	0	0	0	0	0	0	0	0	0	0	0	0	0	0	0	
586	161	62	19	2	0	0	0	0	0	0	0	0	0	0	0	0	0	0	0	0	0	0	0	
616	150	47	8	2	1	0	0	0	0	0	0	0	0	0	0	0	0	0	0	0	0	0	0	
621	152	36	16	7	4	3	2	0	0	0	0	0	0	0	0	0	0	0	0	0	0	0	0	
610	150	45	18	9	6	4	1	0	0	0	0	0	0	0	0	0	0	0	0	0	0	0	0	
620	119	39	18	11	7	2	1	1	1	0	0	0	0	0	0	0	0	0	0	0	0	0	0	
464	120	46	21	9	2	2	1	1	0	0	0	0	0	0	0	0	0	0	0	0	0	0	0	
597	152	59	27	8	4	3	3	0	0	0	0	0	0	0	0	0	0	0	0	0	0	0	0	
596	145	55	19	10	5	4	0	0	0	0	0	0	0	0	0	0	0	0	0	0	0	0	0	
613	151	45	24	11	7	1	0	0	0	0	0	0	0	0	0	0	0	0	0	0	0	0	0	
641	140	57	28	12	5	1	1	0	0	0	0	0	0	0	0	0	0	0	0	0	0	0	0	
685	174	67	32	12	7	5	3	2	1	0	0	0	0	0	0	0	0	0	0	0	0	0	0	
756	188	73	32	15	10	5	3	1	0	0	0	0	0	0	0	0	0	0	0	0	0	0	0	
805	199	70	29	18	9	4	2	1	1	0	0	0	0	0	0	0	0	0	0	0	0	0	0	
792	201	75	39	19	12	7	3	2	1	1	1	1	1	1	1	1	0	0	0	0	0	0	0	
847	206	83	38	24	14	8	3	2	2	1	1	1	1	1	1	0	0	0	0	0	0	0	0	
807	220	86	50	25	10	5	4	2	1	1	1	1	1	1	0	0	0	0	0	0	0	0	0	
934	223	92	44	19	5	4	2	1	1	1	1	1	1	0	0	0	0	0	0	0	0	0	0	
858	232	78	30	11	7	3	1	1	1	1	1	1	0	0	0	0	0	0	0	0	0	0	0	
957	235	76	25	14	7	1	1	1	1	1	1	0	0	0	0	0	0	0	0	0	0	0	0	
842	209	71	35	14	4	4	2	2	2	2	0	0	0	0	0	0	0	0	0	0	0	0	0	
902	226	92	31	13	10	5	3	2	2	0	0	0	0	0	0	0	0	0	0	0	0	0	0	
894	262	78	33	19	10	5	3	3	1	0	0	0	0	0	0	0	0	0	0	0	0	0	0	
978	199	79	41	22	14	9	6	2	0	0	0	0	0	0	0	0	0	0	0	0	0	0	0	
724	201	83	35	21	14	9	4	1	1	1	1	1	1	0	0	0	0	0	0	0	0	0	0	
943	225	82	36	22	13	4	1	1	1	1	1	1	0	0	0	0	0	0	0	0	0	0	0	
956	245	82	46	27	6	3	2	1	1	1	1	0	0	0	0	0	0	0	0	0	0	0	0	
938	212	93	47	17	10	6	4	2	2	1	0	0	0	0	0	0	0	0	0	0	0	0	0	
856	240	94	34	16	10	6	2	2	1	0	0	0	0	0	0	0	0	0	0	0	0	0	0	
1012	262	88	40	17	9	4	2	0	0	0	0	0	0	0	0	0	0	0	0	0	0	0	0	
905	236	82	37	20	9	4	1	0	0	0	0	0	0	0	0	0	0	0	0	0	0	0	0	
1015	262	96	40	14	8	5	3	2	2	2	1	1	1	0	0	0	0	0	0	0	0	0	0	
939	234	80	32	15	6	5	2	2	2	1	1	1	0	0	0	0	0	0	0	0	0	0	0	
939	222	76	30	17	10	5	5	3	1	1	1	0	0	0	0	0	0	0	0	0	0	0	0	
924	215	71	32	19	5	5	3	1	1	1	0	0	0	0	0	0	0	0	0	0	0	0	0	
842	181	75	34	8	7	5	2	2	2	2	0	0	0	0	0	0	0	0	0	0	0	0	0	
755	198	64	23	14	8	5	5	5	4	1	0	0	0	0	0	0	0	0	0	0	0	0	0	
853	192	59	25	12	7	6	5	4	1	0	0	0	0	0	0	0	0	0	0	0	0	0	0	
744	171	73	31	17	11	9	5	2	1	1	0	0	0	0	0	0	0	0	0	0	0	0	0	
701	174	59	30	17	12	7	2	1	1	0	0	0	0	0	0	0	0	0	0	0	0	0	0	
720	174	62	30	20	11	4	3	3	0	0	0	0	0	0	0	0	0	0	0	0	0	0	0	
691	165	54	28	17	8	6	5	1	1	1	1	1	0	0	0	0	0	0	0	0	0	0	0	
638	170	65	26	12	7	5	2	2	2	1	1	0	0	0	0	0	0	0	0	0	0	0	0	
737	224	88	37	20	13	6	4	4	3	2	1	1	1	1	1	1	1	1	1	1	0	0	0	
808	217	76	36	24	12	9	7	4	3	1	1	1	1	1	1	1	1	1	1	0	0	0	0	
748	183	66	38	16	11	8	5	2	1	1	1	1	1	1	1	1	1	1	0	0	0	0	0	
748	202	89	31	16	14	8	4	3	1	1	1	1	1	1	1	1	1	0	0	0	0	0	0	
779	212	74	34	19	13	7	5	1	1	1	1	1	1	1	1	1	0	0	0	0	0	0	0	
744	183	69	34	19	10	7	2	2	1	1	1	1	1	1	1	0	0	0	0	0	0	0	0	
755	210	93	49	23	15	8	4	3	2	1	1	1	1	1	0	0	0	0	0	0	0	0	0	
797	238	110	42	25	12	6	4	3	1	1	1	1	1	0	0	0	0	0	0	0	0	0	0	
871	260	82	47	22	12	8	6	2	2	2	2	2	0	0	0	0	0	0	0	0	0	0	0	
954	241	104	42	24	15	10	6	5	4	3	2	0	0	0	0	0	0	0	0	0	0	0	0	
809	253	98	51	26	17	9	6	4	3	2	0	0	0	0	0	0	0	0	0	0	0	0	0	
987	281	110	53	32	16	11	5	3	2	0	0	0	0	0	0	0	0	0	0	0	0	0	0	
863	244	94	49	27	15	6	4	3	0	0	0	0	0	0	0	0	0	0	0	0	0	0	0	
945	254	95	41	20	9	7	5	0	0	0	0	0	0	0	0	0	0	0	0	0	0	0	0	
996	266	99	51	21	14	10	4	1	0	0	0	0	0	0	0	0	0	0	0	0	0	0	0	
1020	265	103	40	26	16	7	4	3	1	1	1	1	1	1	1	1	1	1	1	0	0	0	0	
999	268	89	51	27	15	9	4	2	1	1	1	1	1	1	1	1	1	1	0	0	0	0	0	
1033	259	104	54	35	20	11	5	3	2	1	1	1	1	1	1	1	1	0	0	0	0	0	0	
962	242	93	54	30	16	8	4	3	2	2	1	1	1	1	1	1	0	0	0	0	0	0	0	
931	235	112	56	29	18	8	5	3	2	1	1	1	1	1	1	0	0	0	0	0	0	0	0	
916	287	129	53	29	15	9	5	2	1	1	1	1	1	1	0	0	0	0	0	0	0	0	0	
1026	332	130	55	26	11	7	3	2	1	1	1	1	1	0	0	0	0	0	0	0	0	0	0	
1145	322	123	49	20	11	5	3	2	1	1	1	1	0	0	0	0	0	0	0	0	0	0	0	
971	280	98	43	20	5	3	3	2	2	1	1	0	0	0	0	0	0	0	0	0	0	0	0	
909	217	86	41	16	8	5	4	3	1	1	0	0	0	0	0	0	0	0	0	0	0	0	0	
876	241	101	41	17	7	5	3	1	1	0	0	0	0	0	0	0	0	0	0	0	0	0	0	
915	269	92	33	16	10	6	3	3	0	0	0	0	0	0	0	0	0	0	0	0	0	0	0	
1013	267	80	30	17	7	4	4	1	1	1	1	0	0	0	0	0	0	0	0	0	0	0	0	
833	203	58	30	11	6	3	1	1	1	1	0	0	0	0	0	0	0	0	0	0	0	0	0	
922	199	75	33	23	12	3	3	3	1	0	0	0	0	0	0	0	0	0	0	0	0	0	0	
866	260	93	48	24	10	8	5	2	0	0	0	0	0	0	0	0	0	0	0	0	0	0	0	
943	258	118	58	26	22	12	4	0	0	0	0	0	0	0	0	0	0	0	0	0	0	0	0	
982	282	111	46	32	19	9	3	2	0	0	0	0	0	0	0	0	0	0	0	0	0	0	0	
975	274	96	54	25	11	4	2	0	0	0	0	0	0	0	0	0	0	0	0	0	0	0	0	
970	255	115	54	28	14	6	4	2	1	1	1	0	0	0	0	0	0	0	0	0	0	0	0	
958	274	111	57	26	13	6	4	1	1	1	0	0	0	0	0	0	0	0	0	0	0	0	0	
1060	342	125	43	21	9	6	2	2	1	0	0	0	0	0	0	0	0	0	0	0	0	0	0	
1159	314	107	48	18	10	5	3	2	0	0	0	0	0	0	0	0	0	0	0	0	0	0	0	
1071	305	113	50	26	12	8	5	2	2	1	1	0	0	0	0	0	0	0	0	0	0	0	0	
1132	301	112	51	19	9	5	2	2	1	1	0	0	0	0	0	0	0	0	0	0	0	0	0	
1184	322	118	40	19	8	4	4	2	2	1	1	0	0	0	0	0	0	0	0	0	0	0	0	
1190	319	119	48	25	18	9	6	4	3	3	2	2	0	0	0	0	0	0	0	0	0	0	0	
1209	364	136	61	34	17	10	7	5	5	2	2	0	0	0	0	0	0	0	0	0	0	0	0	
1283	372	141	77	39	19	14	10	6	3	3	0	0	0	0	0	0	0	0	0	0	0	0	0	
1241	366	151	76	36	22	13	9	5	3	0	0	0	0	0	0	0	0	0	0	0	0	0	0	
1378	385	164	70	39	25	17	9	4	0	0	0	0	0	0	0	0	0	0	0	0	0	0	0	
1394	401	152	63	40	24	13	5	1	0	0	0	0	0	0	0	0	0	0	0	0	0	0	0	
1500	417	150	78	37	17	6	2	0	0	0	0	0	0	0	0	0	0	0	0	0	0	0	0	
1533	394	165	74	32	12	4	1	1	1	0	0	0	0	0	0	0	0	0	0	0	0	0	0	
1448	432	154	56	22	9	2	2	2	0	0	0	0	0	0	0	0	0	0	0	0	0	0	0	
1553	426	159	71	35	11	7	6	2	1	1	1	1	0	0	0	0	0	0	0	0	0	0	0	
1539	433	161	80	36	21	10	5	3	1	1	1	0	0	0	0	0	0	0	0	0	0	0	0	
1516	409	152	70	42	20	10	6	4	1	1	0	0	0	0	0	0	0	0	0	0	0	0	0	
1571	466	178	95	46	24	12	6	2	2	0	0	0	0	0	0	0	0	0	0	0	0	0	0	
1575	455	188	88	46	25	10	4	2	0	0	0	0	0	0	0	0	0	0	0	0	0	0	0	
1752	503	210	86	40	21	11	6	4	3	1	1	1	1	0	0	0	0	0	0	0	0	0	0	
1695	526	188	86	42	23	9	6	3	1	1	1	1	0	0	0	0	0	0	0	0	0	0	0	
1757	460	163	68	35	17	11	8	4	3	1	1	0	0	0	0	0	0	0	0	0	0	0	0	
1622	425	161	72	36	18	10	4	3	1	1	0	0	0	0	0	0	0	0	0	0	0	0	0	
1594	467	161	67	35	17	8	4	1	1	0	0	0	0	0	0	0	0	0	0	0	0	0	0	
1626	443	157	68	29	14	8	3	3	0	0	0	0	0	0	0	0	0	0	0	0	0	0	0	
1578	437	157	71	35	19	10	5	2	2	2	1	1	0	0	0	0	0	0	0	0	0	0	0	
1603	428	152	66	39	16	5	3	2	2	1	1	0	0	0	0	0	0	0	0	0	0	0	0	
1538	397	150	67	34	13	6	5	3	2	2	1	0	0	0	0	0	0	0	0	0	0	0	0	
1527	430	152	64	26	12	7	4	3	2	1	0	0	0	0	0	0	0	0	0	0	0	0	0	
1378	371	132	55	29	14	9	3	2	1	0	0	0	0	0	0	0	0	0	0	0	0	0	0	
1355	343	114	49	26	12	5	3	2	0	0	0	0	0	0	0	0	0	0	0	0	0	0	0	
1280	328	123	56	27	8	5	3	0	0	0	0	0	0	0	0	0	0	0	0	0	0	0	0	
1146	306	128	50	17	6	4	1	1	0	0	0	0	0	0	0	0	0	0	0	0	0	0	0	
1142	322	110	36	11	6	1	1	0	0	0	0	0	0	0	0	0	0	0	0	0	0	0	0	
1126	306	79	29	10	5	4	1	0	0	0	0	0	0	0	0	0	0	0	0	0	0	0	0	
1017	251	79	29	15	9	3	1	1	1	1	1	0	0	0	0	0	0	0	0	0	0	0	0	
961	271	91	36	21	8	3	2	2	1	1	0	0	0	0	0	0	0	0	0	0	0	0	0	
944	246	86	45	19	7	4	3	2	2	0	0	0	0	0	0	0	0	0	0	0	0	0	0	
846	219	84	31	12	7	4	2	2	0	0	0	0	0	0	0	0	0	0	0	0	0	0	0	
826	242	89	43	24	11	5	4	0	0	0	0	0	0	0	0	0	0	0	0	0	0	0	0	
845	224	94	42	20	10	7	2	1	1	0	0	0	0	0	0	0	0	0	0	0	0	0	0	
842	239	94	41	22	11	5	3	3	2	1	0	0	0	0	0	0	0	0	0	0	0	0	0	
819	225	77	37	21	11	4	3	2	1	0	0	0	0	0	0	0	0	0	0	0	0	0	0	
867	243	84	46	20	8	7	4	1	0	0	0	0	0	0	0	0	0	0	0	0	0	0	0	
816	212	92	37	19	11	5	2	0	0	0	0	0	0	0	0	0	0	0	0	0	0	0	0	
774	210	72	30	17	9	4	2	0	0	0	0	0	0	0	0	0	0	0	0	0	0	0	0	
858	198	76	35	16	9	3	1	0	0	0	0	0	0	0	0	0	0	0	0	0	0	0	0	
752	183	68	30	12	3	0	0	0	0	0	0	0	0	0	0	0	0	0	0	0	0	0	0	
797	205	75	26	10	3	1	0	0	0	0	0	0	0	0	0	0	0	0	0	0	0	0	0	
788	205	72	26	12	9	7	4	0	0	0	0	0	0	0	0	0	0	0	0	0	0	0	0	
801	196	62	28	15	9	6	2	2	2	1	0	0	0	0	0	0	0	0	0	0	0	0	0	
711	175	58	27	15	9	3	3	2	2	0	0	0	0	0	0	0	0	0	0	0	0	0	0	
691	170	55	27	17	10	7	5	4	2	2	2	2	2	2	2	2	2	2	2	1	1	0	0	
660	162	67	34	17	10	8	7	5	5	5	5	3	3	3	3	2	2	2	1	1	0	0	0	
681	162	66	32	16	11	10	5	5	5	5	3	3	3	3	2	2	2	1	1	0	0	0	0	
612	178	70	30	17	10	6	5	5	5	3	3	3	3	2	2	2	1	1	0	0	0	0	0	
654	191	77	34	20	8	6	5	5	3	3	3	3	2	2	2	1	1	0	0	0	0	0	0	
700	193	73	30	12	8	6	6	3	3	3	3	2	2	2	1	1	0	0	0	0	0	0	0	
685	180	62	21	10	7	6	3	2	2	2	1	0	0	0	0	0	0	0	0	0	0	0	0	
740	190	60	31	14	9	6	4	4	4	2	1	1	1	1	0	0	0	0	0	0	0	0	0	
729	166	71	27	15	10	5	5	5	3	2	2	1	1	0	0	0	0	0	0	0	0	0	0	
717	204	66	32	18	8	8	8	3	2	2	1	0	0	0	0	0	0	0	0	0	0	0	0	
784	178	68	32	17	13	11	6	4	4	2	1	0	0	0	0	0	0	0	0	0	0	0	0	
709	172	74	28	20	14	7	5	5	2	1	0	0	0	0	0	0	0	0	0	0	0	0	0	
803	213	69	35	22	11	7	6	3	1	0	0	0	0	0	0	0	0	0	0	0	0	0	0	
799	198	75	33	18	11	7	4	3	2	2	1	1	0	0	0	0	0	0	0	0	0	0	0	
803	189	72	34	17	8	6	4	2	2	1	1	0	0	0	0	0	0	0	0	0	0	0	0	
774	176	63	22	10	8	3	0	0	0	0	0	0	0	0	0	0	0	0	0	0	0	0	0	
804	181	69	27	15	5	3	3	1	1	0	0	0	0	0	0	0	0	0	0	0	0	0	0	
721	186	59	24	13	6	6	3	2	1	1	1	0	0	0	0	0	0	0	0	0	0	0	0	
879	184	63	31	15	11	9	6	5	4	3	1	0	0	0	0	0	0	0	0	0	0	0	0	
705	177	63	29	19	11	7	5	4	3	1	0	0	0	0	0	0	0	0	0	0	0	0	0	
850	190	72	32	16	9	5	4	3	1	0	0	0	0	0	0	0	0	0	0	0	0	0	0	
854	219	80	35	19	12	9	6	3	2	1	0	0	0	0	0	0	0	0	0	0	0	0	0	
836	209	73	33	18	12	9	5	3	1	0	0	0	0	0	0	0	0	0	0	0	0	0	0	
836	206	84	39	21	13	8	5	3	0	0	0	0	0	0	0	0	0	0	0	0	0	0	0	
899	239	102	43	23	11	5	3	1	1	1	1	1	1	1	0	0	0	0	0	0	0	0	0	
1005	308	109	50	26	12	7	3	3	2	1	1	1	1	0	0	0	0	0	0	0	0	0	0	
1018	262	105	45	19	13	7	6	4	3	2	1	1	0	0	0	0	0	0	0	0	0	0	0	
948	247	98	39	23	10	9	5	4	2	1	1	0	0	0	0	0	0	0	0	0	0	0	0	
938	242	77	36	14	11	5	4	2	1	1	0	0	0	0	0	0	0	0	0	0	0	0	0	
900	218	75	26	14	5	4	2	1	1	0	0	0	0	0	0	0	0	0	0	0	0	0	0	
872	220	66	36	20	9	6	4	2	1	1	1	1	1	1	1	0	0	0	0	0	0	0	0	
834	195	85	38	16	10	6	3	2	2	2	2	1	1	1	0	0	0	0	0	0	0	0	0	
872	226	89	34	17	11	5	4	2	2	2	1	1	1	0	0	0	0	0	0	0	0	0	0	
858	235	81	38	24	13	7	3	2	2	1	1	1	0	0	0	0	0	0	0	0	0	0	0	
932	210	85	40	19	10	4	3	3	1	1	1	0	0	0	0	0	0	0	0	0	0	0	0	
759	200	83	34	16	7	6	5	2	1	1	0	0	0	0	0	0	0	0	0	0	0	0	0	
735	197	71	29	11	8	7	2	2	1	1	1	0	0	0	0	0	0	0	0	0	0	0	0	
843	201	61	25	15	9	2	2	1	1	1	0	0	0	0	0	0	0	0	0	0	0	0	0	
781	198	57	26	13	6	4	1	1	1	0	0	0	0	0	0	0	0	0	0	0	0	0	0	
867	203	82	30	15	8	5	3	3	2	1	1	1	1	1	1	0	0	0	0	0	0	0	0	
748	189	60	25	11	6	3	3	2	1	1	1	1	1	1	0	0	0	0	0	0	0	0	0	
713	196	65	23	13	8	6	4	3	2	1	1	1	1	0	0	0	0	0	0	0	0	0	0	
722	182	70	30	15	9	4	3	2	1	1	1	1	0	0	0	0	0	0	0	0	0	0	0	
716	212	88	40	20	10	7	4	1	1	1	1	0	0	0	0	0	0	0	0	0	0	0	0	
837	249	103	42	19	12	8	5	2	2	1	0	0	0	0	0	0	0	0	0	0	0	0	0	
798	256	69	26	16	5	3	2	2	1	0	0	0	0	0	0	0	0	0	0	0	0	0	0	
824	265	86	39	15	8	4	2	1	0	0	0	0	0	0	0	0	0	0	0	0	0	0	0	
886	230	87	33	15	8	3	2	1	1	0	0	0	0	0	0	0	0	0	0	0	0	0	0	
713	199	69	32	16	7	4	3	3	0	0	0	0	0	0	0	0	0	0	0	0	0	0	0	
879	230	89	42	14	7	5	4	2	0	0	0	0	0	0	0	0	0	0	0	0	0	0	0	
948	281	95	36	19	11	7	3	1	1	1	0	0	0	0	0	0	0	0	0	0	0	0	0	
1018	260	80	35	18	10	5	2	2	2	0	0	0	0	0	0	0	0	0	0	0	0	0	0	
828	182	66	32	13	5	3	3	2	0	0	0	0	0	0	0	0	0	0	0	0	0	0	0	
725	186	62	26	12	7	4	3	1	0	0	0	0	0	0	0	0	0	0	0	0	0	0	0	
786	190	68	25	11	6	4	2	0	0	0	0	0	0	0	0	0	0	0	0	0	0	0	0	
786	192	60	23	10	5	2	0	0	0	0	0	0	0	0	0	0	0	0	0	0	0	0	0	
771	170	43	19	7	2	0	0	0	0	0	0	0	0	0	0	0	0	0	0	0	0	0	0	
710	132	35	14	6	3	3	2	1	1	0	0	0	0	0	0	0	0	0	0	0	0	0	0	
729	158	46	22	12	5	3	1	1	0	0	0	0	0	0	0	0	0	0	0	0	0	0	0	
710	145	48	25	10	5	1	1	0	0	0	0	0	0	0	0	0	0	0	0	0	0	0	0	
683	177	61	26	11	5	4	2	1	0	0	0	0	0	0	0	0	0	0	0	0	0	0	0	
653	153	53	23	11	5	3	1	0	0	0	0	0	0	0	0	0	0	0	0	0	0	0	0	
674	158	54	19	8	5	2	0	0	0	0	0	0	0	0	0	0	0	0	0	0	0	0	0	
714	177	48	15	7	2	0	0	0	0	0	0	0	0	0	0	0	0	0	0	0	0	0	0	
689	143	48	15	5	3	2	1	1	1	0	0	0	0	0	0	0	0	0	0	0	0	0	0	
618	133	48	16	9	5	4	2	1	0	0	0	0	0	0	0	0	0	0	0	0	0	0	0	
623	154	46	26	10	5	3	2	0	0	0	0	0	0	0	0	0	0	0	0	0	0	0	0	
702	162	57	23	13	6	3	1	1	1	0	0	0	0	0	0	0	0	0	0	0	0	0	0	
737	163	66	30	13	3	1	1	1	0	0	0	0	0	0	0	0	0	0	0	0	0	0	0	
749	176	64	25	9	3	2	2	0	0	0	0	0	0	0	0	0	0	0	0	0	0	0	0	
817	205	63	23	6	3	3	1	1	1	1	0	0	0	0	0	0	0	0	0	0	0	0	0	
816	183	58	19	8	4	0	0	0	0	0	0	0	0	0	0	0	0	0	0	0	0	0	0	
778	190	55	26	17	7	4	1	1	0	0	0	0	0	0	0	0	0	0	0	0	0	0	0	
740	168	65	36	15	10	3	2	0	0	0	0	0	0	0	0	0	0	0	0	0	0	0	0	
734	191	76	33	20	7	4	1	1	1	1	1	1	1	1	0	0	0	0	0	0	0	0	0	
755	188	69	29	13	3	1	1	0	0	0	0	0	0	0	0	0	0	0	0	0	0	0	0	
814	219	77	25	11	5	4	3	1	1	1	1	1	0	0	0	0	0	0	0	0	0	0	0	
808	197	65	21	8	6	3	1	1	1	1	1	0	0	0	0	0	0	0	0	0	0	0	0	
760	181	50	21	11	5	2	2	1	1	1	0	0	0	0	0	0	0	0	0	0	0	0	0	
726	152	54	27	14	8	4	2	2	2	0	0	0	0	0	0	0	0	0	0	0	0	0	0	
593	147	60	24	10	4	2	1	1	0	0	0	0	0	0	0	0	0	0	0	0	0	0	0	
642	202	70	36	23	13	7	4	2	1	0	0	0	0	0	0	0	0	0	0	0	0	0	0	
798	216	102	50	27	9	7	3	2	0	0	0	0	0	0	0	0	0	0	0	0	0	0	0	
802	237	96	46	16	13	8	5	2	1	1	1	1	1	1	0	0	0	0	0	0	0	0	0	
875	245	110	40	23	11	5	2	1	1	1	1	1	1	0	0	0	0	0	0	0	0	0	0	
842	256	80	43	19	10	5	3	3	2	2	2	1	0	0	0	0	0	0	0	0	0	0	0	
922	219	92	41	20	12	7	5	3	2	2	1	0	0	0	0	0	0	0	0	0	0	0	0	
756	219	82	35	17	8	5	3	2	2	1	0	0	0	0	0	0	0	0	0	0	0	0	0	
852	219	93	34	13	7	5	3	2	1	0	0	0	0	0	0	0	0	0	0	0	0	0	0	
840	249	94	39	20	10	7	3	2	0	0	0	0	0	0	0	0	0	0	0	0	0	0	0	
867	229	82	33	17	12	6	3	1	0	0	0	0	0	0	0	0	0	0	0	0	0	0	0	
824	219	76	29	20	13	8	5	1	1	0	0	0	0	0	0	0	0	0	0	0	0	0	0	
772	187	60	30	16	7	3	0	0	0	0	0	0	0	0	0	0	0	0	0	0	0	0	0	
720	211	73	41	16	10	1	1	0	0	0	0	0	0	0	0	0	0	0	0	0	0	0	0	
765	193	84	31	18	7	4	1	1	0	0	0	0	0	0	0	0	0	0	0	0	0	0	0	
662	193	61	26	11	6	2	1	0	0	0	0	0	0	0	0	0	0	0	0	0	0	0	0	
674	177	74	28	10	4	3	1	1	1	0	0	0	0	0	0	0	0	0	0	0	0	0	0	
689	212	80	39	18	10	5	3	2	0	0	0	0	0	0	0	0	0	0	0	0	0	0	0	
788	231	99	43	21	13	5	3	0	0	0	0	0	0	0	0	0	0	0	0	0	0	0	0	
722	213	74	31	20	8	5	2	2	2	2	2	1	1	0	0	0	0	0	0	0	0	0	0	
780	223	95	54	27	16	7	4	4	4	3	2	1	0	0	0	0	0	0	0	0	0	0	0	
720	214	97	39	23	10	6	5	3	2	1	1	0	0	0	0	0	0	0	0	0	0	0	0	
797	234	89	37	19	13	9	6	3	2	1	0	0	0	0	0	0	0	0	0	0	0	0	0	
790	225	80	34	23	11	7	4	3	2	1	1	0	0	0	0	0	0	0	0	0	0	0	0	
783	227	90	44	21	13	9	6	2	1	1	0	0	0	0	0	0	0	0	0	0	0	0	0	
778	243	103	37	20	11	4	1	0	0	0	0	0	0	0	0	0	0	0	0	0	0	0	0	
862	262	101	54	28	13	7	5	3	2	0	0	0	0	0	0	0	0	0	0	0	0	0	0	
806	237	100	44	19	11	7	5	3	1	1	0	0	0	0	0	0	0	0	0	0	0	0	0	
749	229	75	29	12	6	5	3	1	1	1	1	0	0	0	0	0	0	0	0	0	0	0	0	
729	204	67	31	18	11	7	2	2	2	2	1	0	0	0	0	0	0	0	0	0	0	0	0	
769	239	97	50	25	16	8	6	3	3	2	1	0	0	0	0	0	0	0	0	0	0	0	0	
844	266	98	48	22	11	8	4	4	3	2	0	0	0	0	0	0	0	0	0	0	0	0	0	
861	276	117	52	23	16	7	5	4	2	0	0	0	0	0	0	0	0	0	0	0	0	0	0	
910	302	122	63	27	15	12	9	4	0	0	0	0	0	0	0	0	0	0	0	0	0	0	0	
1000	340	157	63	30	19	14	5	1	0	0	0	0	0	0	0	0	0	0	0	0	0	0	0	
1063	379	138	64	34	20	7	4	2	1	1	0	0	0	0	0	0	0	0	0	0	0	0	0	
1163	386	156	80	43	21	11	4	1	0	0	0	0	0	0	0	0	0	0	0	0	0	0	0	
1197	396	162	77	37	16	6	3	2	1	0	0	0	0	0	0	0	0	0	0	0	0	0	0	
1098	362	162	73	35	11	6	4	1	0	0	0	0	0	0	0	0	0	0	0	0	0	0	0	
1227	418	161	64	26	10	5	4	0	0	0	0	0	0	0	0	0	0	0	0	0	0	0	0	
1248	396	158	58	26	12	10	4	2	1	0	0	0	0	0	0	0	0	0	0	0	0	0	0	
1220	390	132	54	30	15	9	3	2	0	0	0	0	0	0	0	0	0	0	0	0	0	0	0	
1300	351	117	54	25	15	9	7	2	0	0	0	0	0	0	0	0	0	0	0	0	0	0	0	
1170	354	150	55	31	14	8	2	0	0	0	0	0	0	0	0	0	0	0	0	0	0	0	0	
1257	400	139	63	26	15	3	0	0	0	0	0	0	0	0	0	0	0	0	0	0	0	0	0	
1341	375	153	64	32	12	2	1	1	0	0	0	0	0	0	0	0	0	0	0	0	0	0	0	
1283	362	144	62	25	6	2	1	0	0	0	0	0	0	0	0	0	0	0	0	0	0	0	0	
1215	345	131	54	22	4	2	1	0	0	0	0	0	0	0	0	0	0	0	0	0	0	0	0	
1161	337	136	55	11	1	1	0	0	0	0	0	0	0	0	0	0	0	0	0	0	0	0	0	
1173	339	132	40	19	8	4	3	2	1	1	1	1	0	0	0	0	0	0	0	0	0	0	0	
1099	334	114	44	17	5	3	2	1	1	1	1	0	0	0	0	0	0	0	0	0	0	0	0	
1058	274	91	27	11	7	5	3	2	1	1	0	0	0	0	0	0	0	0	0	0	0	0	0	
879	223	78	35	13	8	5	2	1	1	0	0	0	0	0	0	0	0	0	0	0	0	0	0	
781	203	77	26	15	7	3	1	1	0	0	0	0	0	0	0	0	0	0	0	0	0	0	0	
809	221	74	38	16	5	2	1	0	0	0	0	0	0	0	0	0	0	0	0	0	0	0	0	
824	205	81	24	7	2	1	0	0	0	0	0	0	0	0	0	0	0	0	0	0	0	0	0	
801	223	65	17	7	3	0	0	0	0	0	0	0	0	0	0	0	0	0	0	0	0	0	0	
924	198	43	10	5	2	1	1	1	1	1	1	1	1	1	1	1	1	1	1	1	1	0	0	
662	96	20	6	3	2	1	1	1	1	1	1	1	1	1	1	1	1	1	1	1	0	0	0	
439	69	24	10	5	2	1	1	1	1	1	1	1	1	1	1	1	1	1	1	0	0	0	0	
293	68	30	12	4	2	1	1	1	1	1	1	1	1	1	1	1	1	1	0	0	0	0	0	
538	108	29	11	6	3	2	2	1	1	1	1	1	1	1	1	1	1	0	0	0	0	0	0	
489	100	26	9	3	2	1	1	1	1	1	1	1	1	1	1	1	0	0	0	0	0	0	0	
683	152	51	16	7	2	2	1	1	1	1	1	1	1	1	1	0	0	0	0	0	0	0	0	
700	158	49	16	11	5	2	2	2	2	2	1	1	1	1	0	0	0	0	0	0	0	0	0	
643	139	45	24	11	3	3	3	3	2	1	1	1	1	0	0	0	0	0	0	0	0	0	0	
583	137	62	20	6	5	2	2	1	1	1	1	1	0	0	0	0	0	0	0	0	0	0	0	
558	152	52	17	10	3	3	1	1	1	1	1	0	0	0	0	0	0	0	0	0	0	0	0	
623	143	39	22	7	4	1	1	1	1	1	0	0	0	0	0	0	0	0	0	0	0	0	0	
614	129	45	16	8	4	3	3	2	2	0	0	0	0	0	0	0	0	0	0	0	0	0	0	
566	113	35	12	7	4	3	2	2	0	0	0	0	0	0	0	0	0	0	0	0	0	0	0	
546	141	52	18	8	5	2	2	0	0	0	0	0	0	0	0	0	0	0	0	0	0	0	0	
562	134	41	14	6	3	3	1	0	0	0	0	0	0	0	0	0	0	0	0	0	0	0	0	
519	120	48	16	8	4	1	0	0	0	0	0	0	0	0	0	0	0	0	0	0	0	0	0	
561	121	36	14	5	2	1	0	0	0	0	0	0	0	0	0	0	0	0	0	0	0	0	0	
563	124	47	20	6	3	2	1	1	1	1	1	0	0	0	0	0	0	0	0	0	0	0	0	
529	129	39	13	6	2	2	2	2	1	1	0	0	0	0	0	0	0	0	0	0	0	0	0	
582	114	35	17	10	6	4	2	1	1	0	0	0	0	0	0	0	0	0	0	0	0	0	0	
489	95	32	14	9	5	2	1	1	0	0	0	0	0	0	0	0	0	0	0	0	0	0	0	
525	111	49	22	13	5	4	3	2	1	1	0	0	0	0	0	0	0	0	0	0	0	0	0	
516	126	44	19	5	4	3	1	0	0	0	0	0	0	0	0	0	0	0	0	0	0	0	0	
488	108	28	11	8	6	4	3	2	1	1	0	0	0	0	0	0	0	0	0	0	0	0	0	
482	97	22	12	7	4	3	2	2	1	0	0	0	0	0	0	0	0	0	0	0	0	0	0	
494	104	50	23	13	9	5	3	2	1	0	0	0	0	0	0	0	0	0	0	0	0	0	0	
481	115	46	21	13	7	5	4	3	2	2	1	1	1	1	1	0	0	0	0	0	0	0	0	
513	126	52	23	9	6	5	3	2	2	1	1	1	1	1	0	0	0	0	0	0	0	0	0	
531	133	51	23	15	9	5	3	3	1	1	1	1	1	0	0	0	0	0	0	0	0	0	0	
559	142	51	26	13	8	5	4	2	1	1	1	1	0	0	0	0	0	0	0	0	0	0	0	
587	131	40	17	10	6	5	3	2	2	2	2	1	1	1	0	0	0	0	0	0	0	0	0	
606	128	48	24	16	11	5	3	2	2	2	1	1	1	0	0	0	0	0	0	0	0	0	0	
575	138	65	29	19	8	5	3	3	2	1	1	1	0	0	0	0	0	0	0	0	0	0	0	
647	191	69	33	11	7	6	5	4	2	2	2	1	0	0	0	0	0	0	0	0	0	0	0	
720	169	71	33	21	14	9	5	2	2	2	1	0	0	0	0	0	0	0	0	0	0	0	0	
608	185	62	31	21	14	8	3	3	3	2	0	0	0	0	0	0	0	0	0	0	0	0	0	
658	173	66	38	17	9	4	4	4	3	0	0	0	0	0	0	0	0	0	0	0	0	0	0	
629	162	72	24	12	4	4	4	3	0	0	0	0	0	0	0	0	0	0	0	0	0	0	0	
677	203	60	30	7	5	5	3	0	0	0	0	0	0	0	0	0	0	0	0	0	0	0	0	
703	159	69	16	7	5	3	0	0	0	0	0	0	0	0	0	0	0	0	0	0	0	0	0	
578	155	46	18	12	9	5	3	1	1	1	1	0	0	0	0	0	0	0	0	0	0	0	0	
563	146	57	32	20	11	6	3	3	1	1	0	0	0	0	0	0	0	0	0	0	0	0	0	
485	132	55	26	12	6	3	3	1	1	0	0	0	0	0	0	0	0	0	0	0	0	0	0	
505	133	55	22	11	8	5	2	1	0	0	0	0	0	0	0	0	0	0	0	0	0	0	0	
538	161	61	28	16	7	4	3	1	1	1	1	1	0	0	0	0	0	0	0	0	0	0	0	
617	174	57	27	11	6	4	2	2	1	1	1	0	0	0	0	0	0	0	0	0	0	0	0	
614	150	65	29	18	10	5	4	2	2	1	0	0	0	0	0	0	0	0	0	0	0	0	0	
560	145	57	27	14	6	5	3	3	2	1	1	1	0	0	0	0	0	0	0	0	0	0	0	
653	172	74	35	17	10	8	5	3	1	1	1	0	0	0	0	0	0	0	0	0	0	0	0	
655	195	71	32	17	13	6	4	2	2	2	0	0	0	0	0	0	0	0	0	0	0	0	0	
700	191	71	33	22	11	7	3	2	2	0	0	0	0	0	0	0	0	0	0	0	0	0	0	
733	221	96	55	27	16	9	4	4	2	1	0	0	0	0	0	0	0	0	0	0	0	0	0	
745	205	91	42	23	13	5	4	2	1	0	0	0	0	0	0	0	0	0	0	0	0	0	0	
724	225	87	45	24	9	5	2	1	0	0	0	0	0	0	0	0	0	0	0	0	0	0	0	
754	227	99	46	14	5	2	1	0	0	0	0	0	0	0	0	0	0	0	0	0	0	0	0	
772	247	88	28	12	7	5	2	1	0	0	0	0	0	0	0	0	0	0	0	0	0	0	0	
812	221	67	32	14	7	3	2	1	0	0	0	0	0	0	0	0	0	0	0	0	0	0	0	
818	184	72	27	17	9	6	3	1	1	0	0	0	0	0	0	0	0	0	0	0	0	0	0	
711	190	74	33	19	10	4	2	2	1	1	1	0	0	0	0	0	0	0	0	0	0	0	0	
786	230	76	32	17	8	3	3	1	1	0	0	0	0	0	0	0	0	0	0	0	0	0	0	
847	237	83	37	19	6	6	3	3	2	1	0	0	0	0	0	0	0	0	0	0	0	0	0	
779	206	63	31	11	8	5	4	3	2	1	1	1	1	1	1	1	1	1	0	0	0	0	0	
767	181	73	26	12	5	4	3	1	1	1	1	1	1	1	1	1	1	0	0	0	0	0	0	
687	192	67	25	12	7	5	3	2	2	2	2	2	2	2	1	1	0	0	0	0	0	0	0	
643	160	50	21	11	6	4	3	2	2	2	2	2	2	1	1	0	0	0	0	0	0	0	0	
659	167	57	26	13	7	5	3	2	2	2	2	2	1	1	0	0	0	0	0	0	0	0	0	
679	172	56	23	12	7	6	4	3	3	3	3	2	1	0	0	0	0	0	0	0	0	0	0	
673	157	52	21	12	6	4	3	3	3	3	2	1	0	0	0	0	0	0	0	0	0	0	0	
723	184	68	30	13	8	4	4	3	3	2	1	0	0	0	0	0	0	0	0	0	0	0	0	
811	192	66	25	12	7	6	5	4	3	2	1	0	0	0	0	0	0	0	0	0	0	0	0	
690	160	45	22	12	12	6	4	3	2	1	0	0	0	0	0	0	0	0	0	0	0	0	0	
720	191	76	33	22	13	8	5	3	1	0	0	0	0	0	0	0	0	0	0	0	0	0	0	
753	201	66	35	19	11	7	5	1	0	0	0	0	0	0	0	0	0	0	0	0	0	0	0	
791	203	86	36	20	10	5	1	0	0	0	0	0	0	0	0	0	0	0	0	0	0	0	0	
803	234	80	34	17	9	2	1	1	1	1	1	1	0	0	0	0	0	0	0	0	0	0	0	
861	194	68	38	18	8	6	5	2	1	1	1	0	0	0	0	0	0	0	0	0	0	0	0	
736	186	78	31	14	8	7	4	2	1	1	0	0	0	0	0	0	0	0	0	0	0	0	0	
767	202	72	31	14	10	4	2	0	0	0	0	0	0	0	0	0	0	0	0	0	0	0	0	
800	211	84	34	17	8	6	2	2	1	1	0	0	0	0	0	0	0	0	0	0	0	0	0	
745	174	70	31	13	8	4	4	3	2	0	0	0	0	0	0	0	0	0	0	0	0	0	0	
667	198	78	32	14	6	5	4	3	1	1	0	0	0	0	0	0	0	0	0	0	0	0	0	
777	215	75	31	10	8	5	4	1	1	0	0	0	0	0	0	0	0	0	0	0	0	0	0	
733	197	74	36	25	13	10	6	6	3	1	1	1	0	0	0	0	0	0	0	0	0	0	0	
753	204	78	43	21	12	7	6	3	1	1	1	0	0	0	0	0	0	0	0	0	0	0	0	
745	207	90	35	20	13	8	3	2	2	1	0	0	0	0	0	0	0	0	0	0	0	0	0	
762	243	96	49	26	18	11	7	3	2	0	0	0	0	0	0	0	0	0	0	0	0	0	0	
809	231	112	43	32	19	10	5	3	2	2	2	1	1	0	0	0	0	0	0	0	0	0	0	
830	247	88	50	22	13	8	5	2	2	2	1	1	0	0	0	0	0	0	0	0	0	0	0	
839	224	101	47	22	14	8	4	2	2	1	1	0	0	0	0	0	0	0	0	0	0	0	0	
787	224	83	41	23	11	4	2	2	1	1	0	0	0	0	0	0	0	0	0	0	0	0	0	
955	263	104	46	23	9	6	5	2	2	1	0	0	0	0	0	0	0	0	0	0	0	0	0	
928	273	95	44	18	9	7	2	2	1	0	0	0	0	0	0	0	0	0	0	0	0	0	0	
1003	268	105	48	20	10	5	2	1	0	0	0	0	0	0	0	0	0	0	0	0	0	0	0	
848	245	96	39	17	9	4	2	0	0	0	0	0	0	0	0	0	0	0	0	0	0	0	0	
926	264	98	41	21	7	3	0	0	0	0	0	0	0	0	0	0	0	0	0	0	0	0	0	
879	242	92	38	15	4	1	0	0	0	0	0	0	0	0	0	0	0	0	0	0	0	0	0	
763	222	78	32	11	5	1	0	0	0	0	0	0	0	0	0	0	0	0	0	0	0	0	0	
798	205	74	31	12	3	1	1	0	0	0	0	0	0	0	0	0	0	0	0	0	0	0	0	
747	181	77	30	14	6	4	2	0	0	0	0	0	0	0	0	0	0	0	0	0	0	0	0	
760	191	70	35	18	12	7	3	2	0	0	0	0	0	0	0	0	0	0	0	0	0	0	0	
735	192	72	37	20	10	5	3	0	0	0	0	0	0	0	0	0	0	0	0	0	0	0	0	
766	216	80	38	18	9	6	2	2	1	1	0	0	0	0	0	0	0	0	0	0	0	0	0	
852	234	107	39	20	12	8	4	3	3	2	2	1	1	1	1	0	0	0	0	0	0	0	0	
974	265	86	36	21	10	5	3	3	2	2	1	1	1	1	0	0	0	0	0	0	0	0	0	
844	219	79	43	23	8	4	3	2	2	1	1	1	1	0	0	0	0	0	0	0	0	0	0	
841	233	89	37	19	8	6	4	4	3	2	2	1	1	1	0	0	0	0	0	0	0	0	0	
957	265	100	48	23	14	9	8	7	6	4	2	1	1	0	0	0	0	0	0	0	0	0	0	
1017	271	100	50	25	14	10	8	6	3	2	1	1	0	0	0	0	0	0	0	0	0	0	0	
1063	295	123	60	33	20	12	8	5	2	1	1	0	0	0	0	0	0	0	0	0	0	0	0	
1213	347	143	74	33	21	13	7	3	2	2	1	0	0	0	0	0	0	0	0	0	0	0	0	
1246	390	160	66	29	16	9	4	3	3	2	1	1	1	0	0	0	0	0	0	0	0	0	0	
1497	439	164	61	27	13	6	5	5	2	1	1	1	0	0	0	0	0	0	0	0	0	0	0	
1336	354	130	54	24	13	10	8	4	2	1	1	0	0	0	0	0	0	0	0	0	0	0	0	
1166	333	119	50	26	18	10	5	3	2	1	0	0	0	0	0	0	0	0	0	0	0	0	0	
1334	358	131	71	41	26	19	10	7	5	4	2	2	1	1	1	1	1	0	0	0	0	0	0	
1203	336	143	74	39	26	14	9	5	4	2	2	1	1	1	1	1	0	0	0	0	0	0	0	
1377	374	162	78	44	23	14	9	6	5	4	3	2	2	2	1	0	0	0	0	0	0	0	0	
1416	429	140	73	33	16	8	6	4	3	2	1	1	1	0	0	0	0	0	0	0	0	0	0	
1508	415	156	75	38	24	15	9	8	5	4	3	3	2	0	0	0	0	0	0	0	0	0	0	
1406	382	151	80	47	29	20	17	12	8	4	4	3	1	1	0	0	0	0	0	0	0	0	0	
1304	350	134	71	37	23	17	12	8	4	4	2	1	1	0	0	0	0	0	0	0	0	0	0	
1368	365	145	69	40	28	17	10	6	6	4	2	2	0	0	0	0	0	0	0	0	0	0	0	
1385	367	155	79	42	24	16	8	7	5	2	2	0	0	0	0	0	0	0	0	0	0	0	0	
1261	372	144	70	35	20	10	9	6	2	2	0	0	0	0	0	0	0	0	0	0	0	0	0	
1249	343	143	72	30	16	12	9	3	3	1	0	0	0	0	0	0	0	0	0	0	0	0	0	
1122	345	151	62	30	20	15	5	5	3	0	0	0	0	0	0	0	0	0	0	0	0	0	0	
1394	402	150	64	45	25	9	7	4	0	0	0	0	0	0	0	0	0	0	0	0	0	0	0	
1280	363	147	81	49	21	15	9	5	2	1	1	0	0	0	0	0	0	0	0	0	0	0	0	
1228	393	173	85	37	24	11	6	3	2	2	1	1	1	0	0	0	0	0	0	0	0	0	0	
1488	515	209	91	50	25	13	7	5	4	2	2	1	0	0	0	0	0	0	0	0	0	0	0	
1517	427	157	74	34	16	10	7	5	3	3	1	0	0	0	0	0	0	0	0	0	0	0	0	
1166	319	119	54	29	16	11	8	4	3	1	0	0	0	0	0	0	0	0	0	0	0	0	0	
1204	323	113	49	26	15	10	4	3	1	0	0	0	0	0	0	0	0	0	0	0	0	0	0	
1285	305	108	49	22	13	6	3	1	0	0	0	0	0	0	0	0	0	0	0	0	0	0	0	
1196	297	120	51	25	11	5	2	0	0	0	0	0	0	0	0	0	0	0	0	0	0	0	0	
1115	327	117	52	25	9	4	2	1	1	0	0	0	0	0	0	0	0	0	0	0	0	0	0	
1486	356	130	60	22	9	4	3	3	2	1	0	0	0	0	0	0	0	0	0	0	0	0	0	
1222	295	109	41	13	8	6	5	3	2	1	1	1	0	0	0	0	0	0	0	0	0	0	0	
1253	291	89	27	13	6	5	3	2	1	1	1	0	0	0	0	0	0	0	0	0	0	0	0	
1113	264	92	45	21	14	8	6	3	2	1	0	0	0	0	0	0	0	0	0	0	0	0	0	
1052	239	86	34	20	12	8	4	2	1	0	0	0	0	0	0	0	0	0	0	0	0	0	0	
1037	243	90	44	19	9	4	2	1	0	0	0	0	0	0	0	0	0	0	0	0	0	0	0	
1005	262	102	48	20	9	6	3	0	0	0	0	0	0	0	0	0	0	0	0	0	0	0	0	
1119	329	112	47	21	13	7	2	1	0	0	0	0	0	0	0	0	0	0	0	0	0	0	0	
1071	232	79	29	15	8	3	2	1	1	1	1	0	0	0	0	0	0	0	0	0	0	0	0	
847	193	66	30	16	10	4	2	1	1	1	0	0	0	0	0	0	0	0	0	0	0	0	0	
695	160	68	33	14	7	1	0	0	0	0	0	0	0	0	0	0	0	0	0	0	0	0	0	
697	202	92	36	19	7	3	2	2	1	0	0	0	0	0	0	0	0	0	0	0	0	0	0	
777	258	79	40	17	7	6	4	3	2	2	2	1	0	0	0	0	0	0	0	0	0	0	0	
916	226	101	38	16	13	7	6	5	5	3	2	1	0	0	0	0	0	0	0	0	0	0	0	
820	264	96	39	26	16	12	9	6	4	3	2	0	0	0	0	0	0	0	0	0	0	0	0	
1078	288	113	54	31	22	15	10	8	4	3	1	0	0	0	0	0	0	0	0	0	0	0	0	
1124	323	134	62	39	23	13	7	2	1	0	0	0	0	0	0	0	0	0	0	0	0	0	0	
1141	362	131	74	38	20	8	3	2	1	0	0	0	0	0	0	0	0	0	0	0	0	0	0	
1440	398	156	69	36	12	4	2	1	0	0	0	0	0	0	0	0	0	0	0	0	0	0	0	
1310	383	146	65	23	7	5	3	1	0	0	0	0	0	0	0	0	0	0	0	0	0	0	0	
1414	402	155	57	20	11	8	4	1	1	1	0	0	0	0	0	0	0	0	0	0	0	0	0	
1408	371	123	46	15	8	3	1	1	1	0	0	0	0	0	0	0	0	0	0	0	0	0	0	
1354	324	112	40	20	8	2	2	2	0	0	0	0	0	0	0	0	0	0	0	0	0	0	0	
1226	266	88	36	14	5	3	3	0	0	0	0	0	0	0	0	0	0	0	0	0	0	0	0	
1103	258	86	31	12	6	4	1	1	0	0	0	0	0	0	0	0	0	0	0	0	0	0	0	
1194	293	95	31	18	8	3	1	0	0	0	0	0	0	0	0	0	0	0	0	0	0	0	0	
982	237	70	29	13	4	2	0	0	0	0	0	0	0	0	0	0	0	0	0	0	0	0	0	
877	205	65	27	7	3	1	1	1	0	0	0	0	0	0	0	0	0	0	0	0	0	0	0	
878	207	65	15	6	2	1	1	0	0	0	0	0	0	0	0	0	0	0	0	0	0	0	0	
898	204	32	14	6	3	3	1	0	0	0	0	0	0	0	0	0	0	0	0	0	0	0	0	
768	108	49	17	7	6	3	1	1	1	1	1	1	1	1	1	1	1	1	1	1	1	1	0	
426	126	39	17	10	5	2	2	2	2	2	2	2	2	2	2	2	2	2	2	2	1	0	0	
841	241	97	36	21	7	7	4	4	3	3	3	2	2	2	2	2	2	2	2	1	0	0	0	
890	262	86	42	17	12	6	4	3	3	3	2	2	2	2	2	2	2	2	1	0	0	0	0	
1044	237	90	36	22	11	5	4	3	3	2	2	2	2	2	2	2	2	1	0	0	0	0	0	
965	270	96	42	19	9	6	3	3	2	2	2	2	2	2	2	2	1	0	0	0	0	0	0	
1204	309	115	55	22	12	8	7	4	2	2	2	2	2	2	2	1	0	0	0	0	0	0	0	
1193	364	139	56	30	14	11	7	5	5	3	2	2	2	2	1	0	0	0	0	0	0	0	0	
1418	395	146	75	37	27	16	10	9	6	5	5	5	5	3	2	1	1	0	0	0	0	0	0	
1391	397	151	66	45	30	20	15	9	7	6	6	5	3	2	1	1	0	0	0	0	0	0	0	
1418	435	155	91	53	33	23	15	11	9	8	6	4	3	2	1	0	0	0	0	0	0	0	0	
1485	416	189	100	57	35	22	16	13	11	9	5	4	3	1	0	0	0	0	0	0	0	0	0	
1427	495	225	126	79	42	28	20	17	14	8	6	3	1	0	0	0	0	0	0	0	0	0	0	
1833	693	346	179	86	52	31	24	16	7	5	2	0	0	0	0	0	0	0	0	0	0	0	0	
2096	812	374	170	81	40	28	19	8	7	4	2	0	0	0	0	0	0	0	0	0	0	0	0	
2356	899	353	143	61	38	23	11	8	5	2	0	0	0	0	0	0	0	0	0	0	0	0	0	
2149	643	225	92	49	28	14	9	5	3	1	0	0	0	0	0	0	0	0	0	0	0	0	0	
1864	535	191	83	45	19	13	9	5	3	1	0	0	0	0	0	0	0	0	0	0	0	0	0	
1758	509	203	99	45	28	19	7	5	3	2	0	0	0	0	0	0	0	0	0	0	0	0	0	
1733	501	212	86	51	31	12	8	4	3	0	0	0	0	0	0	0	0	0	0	0	0	0	0	
1688	523	196	106	55	27	20	10	7	3	0	0	0	0	0	0	0	0	0	0	0	0	0	0	
1736	517	246	119	52	32	16	11	6	2	1	1	0	0	0	0	0	0	0	0	0	0	0	0	
1559	528	215	84	46	21	15	7	3	1	1	0	0	0	0	0	0	0	0	0	0	0	0	0	
1945	557	192	89	45	27	16	8	5	4	1	0	0	0	0	0	0	0	0	0	0	0	0	0	
1515	411	155	74	41	23	13	8	7	3	2	1	0	0	0	0	0	0	0	0	0	0	0	0	
1467	422	171	76	41	24	15	11	5	2	1	0	0	0	0	0	0	0	0	0	0	0	0	0	
1441	460	155	67	35	20	14	7	4	2	0	0	0	0	0	0	0	0	0	0	0	0	0	0	
1453	335	120	56	33	21	11	5	2	0	0	0	0	0	0	0	0	0	0	0	0	0	0	0	
1037	270	95	53	31	18	9	5	2	2	1	0	0	0	0	0	0	0	0	0	0	0	0	0	
988	262	127	57	28	16	10	6	3	2	1	1	0	0	0	0	0	0	0	0	0	0	0	0	
999	317	125	58	26	11	8	5	2	1	1	0	0	0	0	0	0	0	0	0	0	0	0	0	
1085	321	131	56	28	15	10	5	1	1	0	0	0	0	0	0	0	0	0	0	0	0	0	0	
1040	304	127	56	33	20	10	5	4	3	3	1	1	1	0	0	0	0	0	0	0	0	0	0	
1057	331	137	65	35	20	9	7	5	4	2	1	1	0	0	0	0	0	0	0	0	0	0	0	
1156	344	140	64	34	17	13	8	4	2	1	1	0	0	0	0	0	0	0	0	0	0	0	0	
1091	348	137	61	30	24	13	8	5	2	2	1	0	0	0	0	0	0	0	0	0	0	0	0	
1213	369	151	62	41	21	9	6	3	3	2	1	1	0	0	0	0	0	0	0	0	0	0	0	
1361	390	153	91	42	23	14	8	5	4	2	2	1	1	1	1	0	0	0	0	0	0	0	0	
1254	359	169	73	39	23	12	9	7	4	3	1	1	1	1	0	0	0	0	0	0	0	0	0	
1337	415	166	82	41	19	12	9	6	4	1	1	1	1	0	0	0	0	0	0	0	0	0	0	
1393	418	165	90	42	25	17	10	9	5	2	2	1	0	0	0	0	0	0	0	0	0	0	0	
1351	382	164	74	32	20	13	8	4	2	2	1	1	1	1	1	0	0	0	0	0	0	0	0	
1286	405	147	66	32	19	11	7	4	3	3	1	1	1	1	0	0	0	0	0	0	0	0	0	
1289	346	140	67	35	19	11	6	4	3	1	1	1	1	0	0	0	0	0	0	0	0	0	0	
1085	312	122	53	28	15	8	4	3	2	1	1	1	0	0	0	0	0	0	0	0	0	0	0	
1069	297	119	55	23	12	5	4	3	2	2	2	1	1	1	1	1	1	1	1	1	1	1	1	
1076	326	134	60	29	14	8	6	4	3	1	1	1	1	1	1	1	1	1	1	1	1	1	1	
1129	363	137	57	27	14	9	5	4	2	1	1	1	1	1	1	1	1	1	1	1	1	1	0	
1209	377	145	69	38	23	14	8	5	4	3	3	3	2	1	1	1	1	1	1	1	1	0	0	
1359	376	137	67	37	17	9	6	5	3	3	3	2	1	1	1	1	1	1	1	1	0	0	0	
1202	329	128	58	28	11	7	5	4	4	4	2	1	1	1	1	1	1	1	1	0	0	0	0	
1248	366	138	68	27	11	9	7	6	6	3	1	1	1	1	1	1	1	1	0	0	0	0	0	
1295	361	150	60	29	17	11	10	9	4	2	1	1	1	1	1	1	1	0	0	0	0	0	0	
1355	401	144	64	34	19	14	13	6	3	1	1	1	1	1	1	1	0	0	0	0	0	0	0	
1553	379	147	69	35	23	20	11	6	2	2	1	1	1	1	1	0	0	0	0	0	0	0	0	
1321	355	141	66	35	25	11	5	1	1	1	1	1	1	1	0	0	0	0	0	0	0	0	0	
1504	406	158	79	38	18	10	6	5	4	4	3	2	2	0	0	0	0	0	0	0	0	0	0	
1401	395	169	69	33	16	11	7	5	4	3	2	2	0	0	0	0	0	0	0	0	0	0	0	
1447	397	164	62	35	18	9	6	4	3	2	2	0	0	0	0	0	0	0	0	0	0	0	0	
1309	389	132	57	28	12	7	4	3	2	2	0	0	0	0	0	0	0	0	0	0	0	0	0	
1360	332	113	51	22	12	9	5	4	3	1	0	0	0	0	0	0	0	0	0	0	0	0	0	
1160	291	119	47	29	15	8	5	4	2	1	0	0	0	0	0	0	0	0	0	0	0	0	0	
1074	304	117	56	28	14	8	6	4	2	1	1	0	0	0	0	0	0	0	0	0	0	0	0	
1064	318	126	49	18	10	8	6	2	1	1	0	0	0	0	0	0	0	0	0	0	0	0	0	
1098	327	113	42	21	13	8	3	1	0	0	0	0	0	0	0	0	0	0	0	0	0	0	0	
1168	319	121	50	28	16	8	4	3	2	0	0	0	0	0	0	0	0	0	0	0	0	0	0	
1095	321	113	54	30	15	7	6	4	1	0	0	0	0	0	0	0	0	0	0	0	0	0	0	
1160	314	109	52	21	10	5	3	2	0	0	0	0	0	0	0	0	0	0	0	0	0	0	0	
1189	298	116	50	23	10	6	2	0	0	0	0	0	0	0	0	0	0	0	0	0	0	0	0	
1082	303	101	48	18	7	3	0	0	0	0	0	0	0	0	0	0	0	0	0	0	0	0	0	
1046	269	98	34	14	7	2	0	0	0	0	0	0	0	0	0	0	0	0	0	0	0	0	0	
1024	281	107	38	16	5	1	0	0	0	0	0	0	0	0	0	0	0	0	0	0	0	0	0	
1258	367	135	65	31	14	7	2	1	1	0	0	0	0	0	0	0	0	0	0	0	0	0	0	
1407	406	157	75	34	16	6	2	2	0	0	0	0	0	0	0	0	0	0	0	0	0	0	0	
1504	427	163	72	37	17	8	5	2	1	0	0	0	0	0	0	0	0	0	0	0	0	0	0	
1717	463	186	89	42	21	13	6	2	1	1	1	1	1	1	1	1	1	0	0	0	0	0	0	
1738	496	189	82	37	15	7	3	1	1	0	0	0	0	0	0	0	0	0	0	0	0	0	0	
1795	514	191	75	32	13	9	5	4	3	1	1	1	1	1	1	0	0	0	0	0	0	0	0	
1831	500	168	65	27	14	9	5	3	2	2	2	1	1	1	0	0	0	0	0	0	0	0	0	
1883	457	151	61	27	18	9	6	4	3	2	1	1	1	0	0	0	0	0	0	0	0	0	0	
1644	403	144	60	31	14	10	5	4	3	2	1	1	0	0	0	0	0	0	0	0	0	0	0	
1603	455	174	81	41	23	11	6	5	3	1	1	0	0	0	0	0	0	0	0	0	0	0	0	
1642	456	159	72	34	13	6	3	1	0	0	0	0	0	0	0	0	0	0	0	0	0	0	0	
1728	494	178	81	33	18	11	3	1	0	0	0	0	0	0	0	0	0	0	0	0	0	0	0	
1617	456	173	77	45	24	11	6	3	2	2	1	1	1	1	0	0	0	0	0	0	0	0	0	
1576	455	170	76	34	13	7	2	1	1	0	0	0	0	0	0	0	0	0	0	0	0	0	0	
1661	461	180	70	31	16	8	4	2	1	1	1	1	0	0	0	0	0	0	0	0	0	0	0	
1609	468	152	62	25	12	7	3	2	2	2	2	0	0	0	0	0	0	0	0	0	0	0	0	
1689	401	152	59	26	12	5	4	3	2	2	0	0	0	0	0	0	0	0	0	0	0	0	0	
1337	369	118	52	21	11	7	4	2	2	0	0	0	0	0	0	0	0	0	0	0	0	0	0	
1326	358	139	64	33	18	9	5	4	2	2	1	1	0	0	0	0	0	0	0	0	0	0	0	
1263	361	139	62	32	18	10	7	2	2	1	1	0	0	0	0	0	0	0	0	0	0	0	0	
1359	384	146	57	30	18	13	4	3	1	1	0	0	0	0	0	0	0	0	0	0	0	0	0	
1337	387	132	65	33	23	9	6	3	3	0	0	0	0	0	0	0	0	0	0	0	0	0	0	
1341	359	145	60	35	11	7	3	3	0	0	0	0	0	0	0	0	0	0	0	0	0	0	0	
1183	319	105	55	22	16	8	5	2	0	0	0	0	0	0	0	0	0	0	0	0	0	0	0	
1159	273	122	46	25	12	5	2	0	0	0	0	0	0	0	0	0	0	0	0	0	0	0	0	
911	289	109	51	26	11	6	2	2	0	0	0	0	0	0	0	0	0	0	0	0	0	0	0	
1116	280	117	45	23	12	4	3	1	1	1	1	1	1	1	0	0	0	0	0	0	0	0	0	
948	276	102	39	15	3	2	1	1	1	1	1	1	1	0	0	0	0	0	0	0	0	0	0	
988	267	94	37	16	9	5	3	1	1	1	1	1	0	0	0	0	0	0	0	0	0	0	0	
956	251	89	38	18	9	6	3	2	1	1	1	0	0	0	0	0	0	0	0	0	0	0	0	
930	261	94	37	19	8	5	3	1	1	1	0	0	0	0	0	0	0	0	0	0	0	0	0	
930	220	71	35	14	8	5	3	3	1	0	0	0	0	0	0	0	0	0	0	0	0	0	0	
906	206	71	32	15	6	3	3	1	0	0	0	0	0	0	0	0	0	0	0	0	0	0	0	
888	218	79	33	13	3	3	1	0	0	0	0	0	0	0	0	0	0	0	0	0	0	0	0	
935	254	97	40	18	10	5	0	0	0	0	0	0	0	0	0	0	0	0	0	0	0	0	0	
915	263	104	40	22	11	3	3	1	1	0	0	0	0	0	0	0	0	0	0	0	0	0	0	
1038	263	93	45	23	8	6	4	3	2	1	1	1	1	1	1	0	0	0	0	0	0	0	0	
932	281	99	41	13	7	4	3	2	1	1	1	1	1	1	0	0	0	0	0	0	0	0	0	
1014	297	101	36	15	8	5	3	1	1	1	1	1	1	0	0	0	0	0	0	0	0	0	0	
1130	314	106	45	24	14	7	4	3	1	1	1	1	0	0	0	0	0	0	0	0	0	0	0	
1105	308	138	63	36	19	10	4	1	1	1	1	0	0	0	0	0	0	0	0	0	0	0	0	
1030	324	135	64	31	15	6	1	1	1	1	0	0	0	0	0	0	0	0	0	0	0	0	0	
1121	314	124	56	27	12	5	3	2	1	0	0	0	0	0	0	0	0	0	0	0	0	0	0	
1083	291	111	48	24	8	4	2	1	0	0	0	0	0	0	0	0	0	0	0	0	0	0	0	
1043	296	122	51	20	9	4	2	0	0	0	0	0	0	0	0	0	0	0	0	0	0	0	0	
