719	131	31	11	6	4	1	0	0	0	0	0	0	0	0	0	0	0	0	0	0	0	0	0	
703	116	25	10	4	2	0	0	0	0	0	0	0	0	0	0	0	0	0	0	0	0	0	0	
672	112	35	11	3	0	0	0	0	0	0	0	0	0	0	0	0	0	0	0	0	0	0	0	
725	135	39	12	3	2	1	1	1	0	0	0	0	0	0	0	0	0	0	0	0	0	0	0	
737	128	32	9	4	1	1	1	0	0	0	0	0	0	0	0	0	0	0	0	0	0	0	0	
725	141	27	9	3	1	0	0	0	0	0	0	0	0	0	0	0	0	0	0	0	0	0	0	
764	134	38	12	3	2	0	0	0	0	0	0	0	0	0	0	0	0	0	0	0	0	0	0	
761	142	42	13	5	1	1	1	1	0	0	0	0	0	0	0	0	0	0	0	0	0	0	0	
768	135	32	12	4	2	2	2	1	0	0	0	0	0	0	0	0	0	0	0	0	0	0	0	
796	135	37	12	7	4	4	2	0	0	0	0	0	0	0	0	0	0	0	0	0	0	0	0	
777	151	42	20	10	5	2	0	0	0	0	0	0	0	0	0	0	0	0	0	0	0	0	0	
772	130	48	18	8	2	0	0	0	0	0	0	0	0	0	0	0	0	0	0	0	0	0	0	
783	175	56	21	7	2	0	0	0	0	0	0	0	0	0	0	0	0	0	0	0	0	0	0	
802	155	49	19	7	3	1	0	0	0	0	0	0	0	0	0	0	0	0	0	0	0	0	0	
791	158	49	17	7	1	0	0	0	0	0	0	0	0	0	0	0	0	0	0	0	0	0	0	
794	148	42	20	7	4	3	1	1	0	0	0	0	0	0	0	0	0	0	0	0	0	0	0	
812	160	53	17	10	6	4	2	1	1	1	0	0	0	0	0	0	0	0	0	0	0	0	0	
773	179	64	28	17	10	7	5	4	4	1	1	0	0	0	0	0	0	0	0	0	0	0	0	
832	194	63	27	17	8	6	4	4	1	1	0	0	0	0	0	0	0	0	0	0	0	0	0	
762	149	54	28	14	11	5	5	1	1	0	0	0	0	0	0	0	0	0	0	0	0	0	0	
771	172	74	33	20	9	8	3	2	1	1	1	0	0	0	0	0	0	0	0	0	0	0	0	
809	181	60	32	12	9	3	2	1	1	1	0	0	0	0	0	0	0	0	0	0	0	0	0	
813	181	63	25	15	7	4	2	1	1	0	0	0	0	0	0	0	0	0	0	0	0	0	0	
821	187	52	25	9	6	3	2	2	1	0	0	0	0	0	0	0	0	0	0	0	0	0	0	
869	190	68	28	14	6	4	2	1	0	0	0	0	0	0	0	0	0	0	0	0	0	0	0	
873	196	67	32	12	5	2	1	0	0	0	0	0	0	0	0	0	0	0	0	0	0	0	0	
907	226	87	34	18	8	4	2	1	1	1	1	1	1	1	0	0	0	0	0	0	0	0	0	
1000	245	83	30	13	7	4	2	1	1	1	1	1	1	0	0	0	0	0	0	0	0	0	0	
1036	230	69	28	17	6	2	1	1	1	1	1	1	0	0	0	0	0	0	0	0	0	0	0	
1066	229	80	41	17	8	4	1	1	1	1	1	0	0	0	0	0	0	0	0	0	0	0	0	
1084	263	105	32	15	7	3	1	1	1	1	0	0	0	0	0	0	0	0	0	0	0	0	0	
1274	303	96	45	22	8	3	1	1	1	0	0	0	0	0	0	0	0	0	0	0	0	0	0	
1287	288	95	43	18	9	3	1	1	0	0	0	0	0	0	0	0	0	0	0	0	0	0	0	
1281	298	106	41	22	8	4	1	0	0	0	0	0	0	0	0	0	0	0	0	0	0	0	0	
1387	317	107	45	15	6	1	0	0	0	0	0	0	0	0	0	0	0	0	0	0	0	0	0	
1297	279	98	29	12	5	2	2	2	0	0	0	0	0	0	0	0	0	0	0	0	0	0	0	
1228	300	103	43	14	6	3	3	1	0	0	0	0	0	0	0	0	0	0	0	0	0	0	0	
1441	363	135	53	29	15	7	1	0	0	0	0	0	0	0	0	0	0	0	0	0	0	0	0	
1584	375	115	46	22	10	1	0	0	0	0	0	0	0	0	0	0	0	0	0	0	0	0	0	
1481	354	101	47	22	7	3	3	1	1	1	1	1	0	0	0	0	0	0	0	0	0	0	0	
1503	358	125	54	20	7	5	2	2	2	2	1	0	0	0	0	0	0	0	0	0	0	0	0	
1674	413	160	57	21	14	8	5	5	4	2	0	0	0	0	0	0	0	0	0	0	0	0	0	
1632	440	142	51	26	12	7	6	5	3	1	0	0	0	0	0	0	0	0	0	0	0	0	0	
1731	439	130	53	25	9	6	5	2	1	0	0	0	0	0	0	0	0	0	0	0	0	0	0	
1758	397	142	51	21	12	9	5	3	2	2	0	0	0	0	0	0	0	0	0	0	0	0	0	
1706	436	130	54	26	16	6	3	2	2	0	0	0	0	0	0	0	0	0	0	0	0	0	0	
1769	389	136	59	29	14	6	3	3	1	1	1	1	1	1	1	0	0	0	0	0	0	0	0	
1727	415	155	66	29	12	6	5	4	3	3	1	1	1	1	0	0	0	0	0	0	0	0	0	
1687	455	167	83	34	18	12	6	5	4	2	2	2	2	1	1	1	1	1	1	1	1	1	0	
1739	523	212	71	30	17	10	6	4	2	2	2	2	1	1	1	1	1	1	1	1	1	0	0	
1916	524	173	82	45	26	13	7	4	2	2	2	1	1	1	1	1	1	1	1	1	0	0	0	
1849	487	203	93	50	29	16	7	4	4	2	1	1	1	1	1	1	1	1	1	0	0	0	0	
1830	519	207	94	52	29	14	10	8	3	2	1	1	1	1	1	1	1	1	0	0	0	0	0	
1892	545	206	93	47	22	17	12	7	4	3	1	1	1	1	1	1	1	0	0	0	0	0	0	
1795	533	204	93	44	31	21	12	4	3	1	1	1	1	1	1	1	0	0	0	0	0	0	0	
1891	568	234	107	62	33	19	7	5	1	1	1	1	1	1	1	0	0	0	0	0	0	0	0	
1948	577	217	112	58	30	15	8	2	1	1	1	1	1	1	0	0	0	0	0	0	0	0	0	
1957	543	264	124	65	32	18	6	1	1	1	1	1	1	0	0	0	0	0	0	0	0	0	0	
2004	737	297	131	67	39	17	6	4	3	2	1	1	0	0	0	0	0	0	0	0	0	0	0	
2526	751	274	130	68	34	16	11	9	5	2	2	1	0	0	0	0	0	0	0	0	0	0	0	
2092	623	267	129	58	32	20	14	6	3	3	2	1	0	0	0	0	0	0	0	0	0	0	0	
2119	709	294	146	71	39	26	13	8	7	5	3	1	0	0	0	0	0	0	0	0	0	0	0	
2404	742	324	160	86	50	29	16	11	8	6	3	2	1	1	1	1	1	1	1	1	1	1	1	
2263	745	330	155	82	47	26	18	14	10	6	4	2	2	2	2	2	1	1	1	1	1	1	1	
2530	844	334	152	76	41	27	19	12	7	5	3	3	3	3	3	2	2	1	1	1	1	1	1	
2548	743	291	134	72	45	32	22	12	8	5	4	4	4	3	2	2	1	1	1	1	1	1	1	
2309	717	282	136	73	50	31	18	11	8	7	7	6	5	4	3	2	2	1	1	1	1	1	1	
2412	756	331	151	94	63	41	25	19	14	11	9	8	6	5	3	2	1	1	1	1	1	1	1	
2331	784	308	176	99	58	34	23	16	13	10	9	6	5	3	2	1	1	1	1	1	1	1	1	
2823	822	387	203	118	72	48	35	27	16	14	10	6	3	2	1	1	1	1	1	1	1	1	0	
2548	901	403	209	114	71	51	35	19	14	10	6	3	2	1	1	1	1	1	1	1	1	0	0	
2954	1110	439	230	127	79	46	25	17	12	7	3	2	1	1	1	1	1	1	1	1	0	0	0	
3258	979	456	224	133	74	42	27	18	12	7	5	2	2	2	1	1	1	1	1	0	0	0	0	
2733	1002	425	232	121	67	42	27	18	12	8	2	2	2	1	1	1	1	1	0	0	0	0	0	
3567	1010	424	223	107	63	41	27	19	13	6	4	4	2	2	2	1	1	0	0	0	0	0	0	
2617	863	389	174	103	58	35	22	15	6	4	4	2	2	2	1	1	0	0	0	0	0	0	0	
2692	922	358	195	99	58	34	20	8	5	5	3	2	2	1	1	0	0	0	0	0	0	0	0	
2832	853	375	169	89	48	26	11	7	6	3	2	2	1	1	0	0	0	0	0	0	0	0	0	
2432	817	325	159	81	45	22	10	7	4	3	2	1	1	0	0	0	0	0	0	0	0	0	0	
2530	808	332	151	87	41	23	16	7	6	3	2	2	0	0	0	0	0	0	0	0	0	0	0	
2384	790	336	168	83	39	26	12	8	4	3	2	0	0	0	0	0	0	0	0	0	0	0	0	
2559	826	324	158	77	46	21	12	4	3	3	0	0	0	0	0	0	0	0	0	0	0	0	0	
2459	766	309	145	80	36	21	9	4	3	0	0	0	0	0	0	0	0	0	0	0	0	0	0	
2398	749	301	138	54	30	12	6	4	1	0	0	0	0	0	0	0	0	0	0	0	0	0	0	
2348	677	260	102	48	22	9	4	1	0	0	0	0	0	0	0	0	0	0	0	0	0	0	0	
2233	644	230	96	43	20	11	3	1	1	1	0	0	0	0	0	0	0	0	0	0	0	0	0	
2219	593	213	87	37	16	5	2	2	2	1	1	1	0	0	0	0	0	0	0	0	0	0	0	
1995	569	198	75	27	9	4	3	3	2	1	1	0	0	0	0	0	0	0	0	0	0	0	0	
1950	533	179	68	21	7	4	3	2	1	1	0	0	0	0	0	0	0	0	0	0	0	0	0	
1919	505	168	60	22	10	5	2	1	1	0	0	0	0	0	0	0	0	0	0	0	0	0	0	
1642	431	141	43	20	8	3	2	2	0	0	0	0	0	0	0	0	0	0	0	0	0	0	0	
1491	366	104	38	13	4	1	1	0	0	0	0	0	0	0	0	0	0	0	0	0	0	0	0	
1296	311	115	40	16	7	5	1	1	1	1	0	0	0	0	0	0	0	0	0	0	0	0	0	
1304	307	90	35	16	11	3	2	1	1	1	1	1	1	0	0	0	0	0	0	0	0	0	0	
1105	292	94	54	29	8	2	1	1	1	1	1	1	0	0	0	0	0	0	0	0	0	0	0	
1099	252	93	43	18	9	6	2	1	1	1	1	0	0	0	0	0	0	0	0	0	0	0	0	
1017	276	113	43	17	12	4	2	2	2	2	1	0	0	0	0	0	0	0	0	0	0	0	0	
1132	314	123	48	27	11	5	2	2	2	1	0	0	0	0	0	0	0	0	0	0	0	0	0	
1217	321	120	57	25	15	8	6	3	1	0	0	0	0	0	0	0	0	0	0	0	0	0	0	
1156	312	129	55	30	14	10	6	3	2	1	0	0	0	0	0	0	0	0	0	0	0	0	0	
1194	330	124	68	34	26	15	8	5	2	0	0	0	0	0	0	0	0	0	0	0	0	0	0	
1232	344	141	72	46	25	16	9	6	3	3	1	1	0	0	0	0	0	0	0	0	0	0	0	
1257	383	171	91	45	25	12	7	4	4	2	2	0	0	0	0	0	0	0	0	0	0	0	0	
1391	429	189	90	45	23	11	7	6	3	3	0	0	0	0	0	0	0	0	0	0	0	0	0	
1397	428	170	80	37	19	9	7	3	3	0	0	0	0	0	0	0	0	0	0	0	0	0	0	
1421	400	165	77	38	14	10	4	3	0	0	0	0	0	0	0	0	0	0	0	0	0	0	0	
1369	417	180	85	35	20	6	4	1	1	1	1	1	0	0	0	0	0	0	0	0	0	0	0	
1474	469	191	74	45	19	9	5	4	3	3	2	1	1	1	1	1	1	1	0	0	0	0	0	
1527	461	165	79	36	18	8	5	3	3	2	1	1	1	1	1	1	1	0	0	0	0	0	0	
1416	394	167	70	35	16	8	6	5	3	1	1	1	1	1	1	1	0	0	0	0	0	0	0	
1329	367	132	58	24	14	11	6	3	1	1	1	1	1	1	1	0	0	0	0	0	0	0	0	
1345	381	130	50	25	12	5	2	1	1	1	1	1	1	1	0	0	0	0	0	0	0	0	0	
1277	327	102	48	17	11	5	2	2	1	1	1	1	1	0	0	0	0	0	0	0	0	0	0	
1187	307	115	42	22	10	4	1	0	0	0	0	0	0	0	0	0	0	0	0	0	0	0	0	
1113	285	104	50	25	10	4	3	3	2	2	1	0	0	0	0	0	0	0	0	0	0	0	0	
1080	283	121	58	23	11	5	4	2	2	1	0	0	0	0	0	0	0	0	0	0	0	0	0	
1028	298	125	45	23	12	7	4	3	2	1	1	1	0	0	0	0	0	0	0	0	0	0	0	
1018	281	90	36	19	11	7	4	2	1	1	1	0	0	0	0	0	0	0	0	0	0	0	0	
1013	249	87	35	16	10	5	2	1	1	1	0	0	0	0	0	0	0	0	0	0	0	0	0	
883	253	83	33	17	10	5	3	2	2	0	0	0	0	0	0	0	0	0	0	0	0	0	0	
883	204	70	33	18	10	6	4	3	1	0	0	0	0	0	0	0	0	0	0	0	0	0	0	
735	190	78	28	12	7	5	4	2	0	0	0	0	0	0	0	0	0	0	0	0	0	0	0	
721	168	62	28	15	9	5	3	1	0	0	0	0	0	0	0	0	0	0	0	0	0	0	0	
646	176	67	25	13	8	5	2	1	0	0	0	0	0	0	0	0	0	0	0	0	0	0	0	
631	172	68	30	17	8	6	3	1	1	1	1	1	0	0	0	0	0	0	0	0	0	0	0	
666	193	73	36	19	11	5	4	4	4	4	4	1	1	0	0	0	0	0	0	0	0	0	0	
678	176	61	29	18	8	4	3	3	3	3	0	0	0	0	0	0	0	0	0	0	0	0	0	
597	171	62	28	14	6	6	3	3	3	0	0	0	0	0	0	0	0	0	0	0	0	0	0	
594	160	54	25	14	12	6	4	4	1	1	0	0	0	0	0	0	0	0	0	0	0	0	0	
611	165	69	32	20	10	5	4	1	1	0	0	0	0	0	0	0	0	0	0	0	0	0	0	
613	180	60	27	11	6	4	1	1	0	0	0	0	0	0	0	0	0	0	0	0	0	0	0	
685	177	60	21	10	7	4	2	1	1	1	1	0	0	0	0	0	0	0	0	0	0	0	0	
566	145	46	17	8	4	2	1	1	1	1	0	0	0	0	0	0	0	0	0	0	0	0	0	
569	159	58	24	13	8	6	4	3	2	0	0	0	0	0	0	0	0	0	0	0	0	0	0	
587	164	66	28	13	8	5	3	2	0	0	0	0	0	0	0	0	0	0	0	0	0	0	0	
600	171	76	23	14	10	7	3	1	1	0	0	0	0	0	0	0	0	0	0	0	0	0	0	
631	189	59	34	19	12	7	3	3	2	1	1	1	1	1	0	0	0	0	0	0	0	0	0	
619	152	62	25	15	10	6	5	4	2	2	2	2	1	0	0	0	0	0	0	0	0	0	0	
624	168	61	30	19	10	6	6	3	3	2	2	1	0	0	0	0	0	0	0	0	0	0	0	
621	169	68	32	18	11	9	3	3	2	2	1	0	0	0	0	0	0	0	0	0	0	0	0	
638	178	65	31	20	13	6	4	3	2	1	0	0	0	0	0	0	0	0	0	0	0	0	0	
679	176	71	40	18	9	6	3	1	0	0	0	0	0	0	0	0	0	0	0	0	0	0	0	
666	176	76	32	12	7	4	1	0	0	0	0	0	0	0	0	0	0	0	0	0	0	0	0	
701	197	79	36	22	11	4	1	0	0	0	0	0	0	0	0	0	0	0	0	0	0	0	0	
640	175	76	39	17	8	4	2	1	0	0	0	0	0	0	0	0	0	0	0	0	0	0	0	
616	164	68	30	13	7	4	2	0	0	0	0	0	0	0	0	0	0	0	0	0	0	0	0	
613	161	58	22	12	8	5	0	0	0	0	0	0	0	0	0	0	0	0	0	0	0	0	0	
603	135	52	28	14	5	0	0	0	0	0	0	0	0	0	0	0	0	0	0	0	0	0	0	
611	163	61	27	8	1	0	0	0	0	0	0	0	0	0	0	0	0	0	0	0	0	0	0	
652	168	67	19	2	0	0	0	0	0	0	0	0	0	0	0	0	0	0	0	0	0	0	0	
643	161	48	10	4	1	0	0	0	0	0	0	0	0	0	0	0	0	0	0	0	0	0	0	
668	160	39	18	8	5	4	3	0	0	0	0	0	0	0	0	0	0	0	0	0	0	0	0	
635	163	58	21	11	6	4	1	0	0	0	0	0	0	0	0	0	0	0	0	0	0	0	0	
641	159	49	23	14	10	4	3	3	2	1	1	1	1	0	0	0	0	0	0	0	0	0	0	
633	144	55	25	12	5	4	3	2	1	1	1	1	0	0	0	0	0	0	0	0	0	0	0	
620	154	62	29	12	7	5	4	1	1	1	1	0	0	0	0	0	0	0	0	0	0	0	0	
615	158	63	24	13	7	5	1	1	1	1	0	0	0	0	0	0	0	0	0	0	0	0	0	
671	168	56	27	13	8	3	1	1	1	0	0	0	0	0	0	0	0	0	0	0	0	0	0	
713	161	66	34	14	6	3	2	1	0	0	0	0	0	0	0	0	0	0	0	0	0	0	0	
754	186	70	32	12	8	5	3	2	2	1	0	0	0	0	0	0	0	0	0	0	0	0	0	
789	191	77	35	15	10	5	3	2	1	0	0	0	0	0	0	0	0	0	0	0	0	0	0	
818	211	79	33	21	10	5	4	2	1	0	0	0	0	0	0	0	0	0	0	0	0	0	0	
853	216	81	41	20	12	8	4	2	1	1	1	1	1	1	1	1	0	0	0	0	0	0	0	
882	232	91	41	25	16	10	3	2	2	1	1	1	1	1	1	0	0	0	0	0	0	0	0	
938	246	93	53	26	12	5	4	3	2	2	1	1	1	1	0	0	0	0	0	0	0	0	0	
968	243	102	48	22	6	5	3	2	2	1	1	1	1	0	0	0	0	0	0	0	0	0	0	
978	255	95	35	13	8	4	1	1	1	1	1	1	0	0	0	0	0	0	0	0	0	0	0	
985	261	87	30	16	8	1	1	1	1	1	1	0	0	0	0	0	0	0	0	0	0	0	0	
965	228	77	36	18	5	4	2	2	2	2	0	0	0	0	0	0	0	0	0	0	0	0	0	
945	243	98	42	19	11	5	3	2	2	0	0	0	0	0	0	0	0	0	0	0	0	0	0	
959	276	100	43	21	10	6	4	3	1	0	0	0	0	0	0	0	0	0	0	0	0	0	0	
1008	254	101	46	23	16	10	6	2	0	0	0	0	0	0	0	0	0	0	0	0	0	0	0	
958	246	92	38	24	16	10	4	1	1	1	1	1	1	0	0	0	0	0	0	0	0	0	0	
980	237	90	39	23	13	4	1	1	1	1	1	1	0	0	0	0	0	0	0	0	0	0	0	
982	256	87	49	27	6	3	2	1	1	1	1	0	0	0	0	0	0	0	0	0	0	0	0	
976	236	103	52	19	10	6	4	2	2	1	0	0	0	0	0	0	0	0	0	0	0	0	0	
923	259	106	39	16	10	6	2	2	1	0	0	0	0	0	0	0	0	0	0	0	0	0	0	
1044	281	103	42	21	10	4	2	0	0	0	0	0	0	0	0	0	0	0	0	0	0	0	0	
988	263	90	41	20	10	5	2	1	1	1	1	0	0	0	0	0	0	0	0	0	0	0	0	
1076	286	107	42	15	8	5	3	2	2	2	1	1	1	0	0	0	0	0	0	0	0	0	0	
1025	255	86	35	16	6	5	2	2	2	1	1	1	0	0	0	0	0	0	0	0	0	0	0	
994	249	83	31	17	10	5	5	3	1	1	1	0	0	0	0	0	0	0	0	0	0	0	0	
1003	234	73	33	19	5	5	3	1	1	1	0	0	0	0	0	0	0	0	0	0	0	0	0	
888	188	78	35	9	8	5	2	2	2	2	0	0	0	0	0	0	0	0	0	0	0	0	0	
778	206	70	27	17	9	6	5	5	4	1	0	0	0	0	0	0	0	0	0	0	0	0	0	
887	206	66	31	15	9	6	5	4	1	0	0	0	0	0	0	0	0	0	0	0	0	0	0	
778	187	81	35	20	12	9	5	2	1	1	0	0	0	0	0	0	0	0	0	0	0	0	0	
731	185	62	32	18	12	7	2	1	1	0	0	0	0	0	0	0	0	0	0	0	0	0	0	
756	186	66	31	20	11	4	3	3	0	0	0	0	0	0	0	0	0	0	0	0	0	0	0	
712	173	56	29	19	10	6	5	2	1	1	1	1	0	0	0	0	0	0	0	0	0	0	0	
660	178	71	29	14	7	5	3	2	2	1	1	0	0	0	0	0	0	0	0	0	0	0	0	
759	231	89	38	20	13	7	4	4	3	2	1	1	1	1	1	1	1	1	1	1	0	0	0	
827	226	78	37	24	13	9	7	4	3	1	1	1	1	1	1	1	1	1	1	0	0	0	0	
769	190	71	39	17	11	8	5	2	1	1	1	1	1	1	1	1	1	1	0	0	0	0	0	
766	206	90	32	16	14	8	4	3	1	1	1	1	1	1	1	1	1	0	0	0	0	0	0	
792	216	75	34	19	13	7	5	1	1	1	1	1	1	1	1	1	0	0	0	0	0	0	0	
757	188	71	35	19	10	7	2	2	1	1	1	1	1	1	1	0	0	0	0	0	0	0	0	
773	220	96	50	23	15	8	4	3	2	1	1	1	1	1	0	0	0	0	0	0	0	0	0	
814	251	117	45	25	12	6	4	3	1	1	1	1	1	0	0	0	0	0	0	0	0	0	0	
898	272	91	49	23	13	9	7	3	3	2	2	2	0	0	0	0	0	0	0	0	0	0	0	
976	256	110	43	25	16	11	7	6	4	3	2	0	0	0	0	0	0	0	0	0	0	0	0	
835	262	102	52	27	18	10	7	4	3	2	0	0	0	0	0	0	0	0	0	0	0	0	0	
1010	291	116	57	35	19	14	8	5	4	1	0	0	0	0	0	0	0	0	0	0	0	0	0	
885	257	102	54	28	16	7	4	3	0	0	0	0	0	0	0	0	0	0	0	0	0	0	0	
970	267	106	43	22	11	7	5	0	0	0	0	0	0	0	0	0	0	0	0	0	0	0	0	
1030	280	103	54	23	16	12	5	1	0	0	0	0	0	0	0	0	0	0	0	0	0	0	0	
1066	277	114	49	31	20	10	6	3	1	1	1	1	1	1	1	1	1	1	1	0	0	0	0	
1021	280	97	55	30	18	10	4	2	1	1	1	1	1	1	1	1	1	1	0	0	0	0	0	
1063	271	109	56	37	21	11	5	3	2	1	1	1	1	1	1	1	1	0	0	0	0	0	0	
983	259	98	59	32	16	8	4	3	3	3	2	1	1	1	1	1	0	0	0	0	0	0	0	
994	249	119	61	29	18	9	5	3	2	1	1	1	1	1	1	0	0	0	0	0	0	0	0	
949	297	135	55	31	17	11	6	3	2	1	1	1	1	1	0	0	0	0	0	0	0	0	0	
1057	345	136	60	30	13	9	4	3	1	1	1	1	1	0	0	0	0	0	0	0	0	0	0	
1172	333	137	54	22	12	7	4	2	1	1	1	1	0	0	0	0	0	0	0	0	0	0	0	
997	287	105	47	23	9	5	4	3	2	1	1	0	0	0	0	0	0	0	0	0	0	0	0	
949	237	94	44	20	10	5	4	3	1	1	0	0	0	0	0	0	0	0	0	0	0	0	0	
935	254	108	51	23	9	7	4	2	1	0	0	0	0	0	0	0	0	0	0	0	0	0	0	
932	283	109	41	17	10	6	3	3	0	0	0	0	0	0	0	0	0	0	0	0	0	0	0	
1046	309	95	33	18	7	4	4	1	1	1	1	0	0	0	0	0	0	0	0	0	0	0	0	
1033	251	68	34	13	7	3	1	1	1	1	0	0	0	0	0	0	0	0	0	0	0	0	0	
953	208	78	34	24	13	3	3	3	1	0	0	0	0	0	0	0	0	0	0	0	0	0	0	
938	272	96	50	25	10	8	5	2	0	0	0	0	0	0	0	0	0	0	0	0	0	0	0	
969	266	122	60	27	22	12	4	0	0	0	0	0	0	0	0	0	0	0	0	0	0	0	0	
1022	287	116	50	35	21	11	4	2	0	0	0	0	0	0	0	0	0	0	0	0	0	0	0	
1016	287	110	62	29	15	5	2	0	0	0	0	0	0	0	0	0	0	0	0	0	0	0	0	
995	274	121	58	32	15	6	4	2	1	1	1	0	0	0	0	0	0	0	0	0	0	0	0	
1037	298	125	64	27	13	6	4	1	1	1	0	0	0	0	0	0	0	0	0	0	0	0	0	
1116	357	132	46	21	9	6	2	2	1	0	0	0	0	0	0	0	0	0	0	0	0	0	0	
1196	324	112	48	18	11	5	3	2	0	0	0	0	0	0	0	0	0	0	0	0	0	0	0	
1103	319	119	55	29	13	9	5	2	2	1	1	0	0	0	0	0	0	0	0	0	0	0	0	
1157	305	114	54	22	12	6	3	3	2	2	1	1	0	0	0	0	0	0	0	0	0	0	0	
1201	332	123	44	21	8	4	4	2	2	1	1	0	0	0	0	0	0	0	0	0	0	0	0	
1220	333	130	54	27	19	9	6	4	3	3	2	2	0	0	0	0	0	0	0	0	0	0	0	
1247	386	151	69	41	20	12	9	6	6	2	2	0	0	0	0	0	0	0	0	0	0	0	0	
1313	388	152	84	41	20	16	12	8	3	3	0	0	0	0	0	0	0	0	0	0	0	0	0	
1281	391	163	81	41	27	17	11	5	3	0	0	0	0	0	0	0	0	0	0	0	0	0	0	
1419	406	173	80	42	28	19	9	4	0	0	0	0	0	0	0	0	0	0	0	0	0	0	0	
1422	410	156	65	42	26	13	5	1	0	0	0	0	0	0	0	0	0	0	0	0	0	0	0	
1520	429	156	84	41	18	7	2	0	0	0	0	0	0	0	0	0	0	0	0	0	0	0	0	
1562	405	174	80	34	13	5	1	1	1	0	0	0	0	0	0	0	0	0	0	0	0	0	0	
1479	447	166	63	26	10	3	3	2	0	0	0	0	0	0	0	0	0	0	0	0	0	0	0	
1585	451	175	77	38	13	10	8	4	2	2	1	1	0	0	0	0	0	0	0	0	0	0	0	
1587	455	169	86	40	26	13	8	5	3	1	1	0	0	0	0	0	0	0	0	0	0	0	0	
1573	435	169	76	42	21	11	6	4	1	1	0	0	0	0	0	0	0	0	0	0	0	0	0	
1614	476	195	104	56	29	15	8	3	2	0	0	0	0	0	0	0	0	0	0	0	0	0	0	
1613	471	192	97	51	27	11	4	2	0	0	0	0	0	0	0	0	0	0	0	0	0	0	0	
1785	517	237	104	50	23	14	6	4	3	1	1	1	1	0	0	0	0	0	0	0	0	0	0	
1736	541	199	96	43	24	9	6	3	1	1	1	1	0	0	0	0	0	0	0	0	0	0	0	
1791	483	178	75	40	20	12	8	4	3	1	1	0	0	0	0	0	0	0	0	0	0	0	0	
1655	451	174	81	39	20	11	5	3	1	1	0	0	0	0	0	0	0	0	0	0	0	0	0	
1638	485	188	75	39	20	11	6	3	2	1	0	0	0	0	0	0	0	0	0	0	0	0	0	
1659	466	166	73	34	18	10	5	4	1	0	0	0	0	0	0	0	0	0	0	0	0	0	0	
1620	455	180	82	44	23	13	7	3	2	2	1	1	0	0	0	0	0	0	0	0	0	0	0	
1640	444	173	81	44	19	7	4	2	2	1	1	0	0	0	0	0	0	0	0	0	0	0	0	
1565	415	160	74	37	14	7	5	3	2	2	1	0	0	0	0	0	0	0	0	0	0	0	0	
1565	446	165	70	29	13	7	4	3	2	1	0	0	0	0	0	0	0	0	0	0	0	0	0	
1423	395	140	59	30	14	10	3	2	1	0	0	0	0	0	0	0	0	0	0	0	0	0	0	
1399	362	123	53	28	13	5	3	2	0	0	0	0	0	0	0	0	0	0	0	0	0	0	0	
1314	339	130	59	28	8	5	3	0	0	0	0	0	0	0	0	0	0	0	0	0	0	0	0	
1168	318	132	53	19	8	4	1	1	0	0	0	0	0	0	0	0	0	0	0	0	0	0	0	
1183	332	112	37	12	6	1	1	0	0	0	0	0	0	0	0	0	0	0	0	0	0	0	0	
1155	316	98	37	14	7	5	2	0	0	0	0	0	0	0	0	0	0	0	0	0	0	0	0	
1041	261	88	32	16	10	4	1	1	1	1	1	0	0	0	0	0	0	0	0	0	0	0	0	
986	285	98	43	24	10	4	3	3	1	1	0	0	0	0	0	0	0	0	0	0	0	0	0	
978	262	98	51	23	10	6	4	2	2	0	0	0	0	0	0	0	0	0	0	0	0	0	0	
880	237	100	41	17	9	5	2	2	0	0	0	0	0	0	0	0	0	0	0	0	0	0	0	
876	271	108	48	26	13	7	5	0	0	0	0	0	0	0	0	0	0	0	0	0	0	0	0	
879	241	99	43	20	11	8	2	1	1	0	0	0	0	0	0	0	0	0	0	0	0	0	0	
864	248	102	45	25	12	5	3	3	2	1	0	0	0	0	0	0	0	0	0	0	0	0	0	
839	235	86	43	22	11	5	3	2	1	0	0	0	0	0	0	0	0	0	0	0	0	0	0	
895	262	94	51	21	9	7	4	1	0	0	0	0	0	0	0	0	0	0	0	0	0	0	0	
854	233	100	42	22	12	6	3	1	1	0	0	0	0	0	0	0	0	0	0	0	0	0	0	
814	226	79	34	19	11	5	3	1	0	0	0	0	0	0	0	0	0	0	0	0	0	0	0	
886	211	82	37	17	10	4	2	0	0	0	0	0	0	0	0	0	0	0	0	0	0	0	0	
816	210	78	34	13	3	0	0	0	0	0	0	0	0	0	0	0	0	0	0	0	0	0	0	
850	219	84	30	10	4	1	0	0	0	0	0	0	0	0	0	0	0	0	0	0	0	0	0	
835	215	80	27	15	9	7	4	0	0	0	0	0	0	0	0	0	0	0	0	0	0	0	0	
833	215	72	34	17	11	6	2	2	2	1	0	0	0	0	0	0	0	0	0	0	0	0	0	
811	206	75	33	18	11	4	3	2	2	0	0	0	0	0	0	0	0	0	0	0	0	0	0	
735	184	62	30	19	11	8	6	5	3	3	3	3	2	2	2	2	2	2	2	1	1	0	0	
712	176	77	41	20	11	9	7	5	5	5	5	3	3	3	3	2	2	2	1	1	0	0	0	
725	172	77	39	21	13	10	5	5	5	5	3	3	3	3	2	2	2	1	1	0	0	0	0	
649	190	79	34	19	10	6	5	5	5	3	3	3	3	2	2	2	1	1	0	0	0	0	0	
723	210	86	40	21	8	7	5	5	3	3	3	3	2	2	2	1	1	0	0	0	0	0	0	
729	209	78	34	13	10	6	6	3	3	3	3	2	2	2	1	1	0	0	0	0	0	0	0	
752	194	66	25	14	9	8	5	4	4	3	2	1	1	1	1	0	0	0	0	0	0	0	0	
772	203	67	37	16	10	7	5	5	4	2	1	1	1	1	0	0	0	0	0	0	0	0	0	
768	180	81	30	17	12	7	7	6	3	2	2	1	1	0	0	0	0	0	0	0	0	0	0	
737	217	70	33	19	9	9	8	3	2	2	1	0	0	0	0	0	0	0	0	0	0	0	0	
802	189	75	36	18	14	12	7	5	5	2	1	0	0	0	0	0	0	0	0	0	0	0	0	
737	182	83	34	23	17	8	6	6	2	1	0	0	0	0	0	0	0	0	0	0	0	0	0	
815	225	76	41	26	13	9	8	3	1	0	0	0	0	0	0	0	0	0	0	0	0	0	0	
836	209	86	42	22	13	9	4	3	2	2	1	1	0	0	0	0	0	0	0	0	0	0	0	
831	213	86	43	22	14	7	4	2	2	1	1	0	0	0	0	0	0	0	0	0	0	0	0	
859	197	75	31	18	11	5	2	2	1	1	0	0	0	0	0	0	0	0	0	0	0	0	0	
831	198	72	32	17	5	3	3	1	1	0	0	0	0	0	0	0	0	0	0	0	0	0	0	
816	204	69	29	15	7	6	3	2	1	1	1	0	0	0	0	0	0	0	0	0	0	0	0	
907	214	74	40	18	12	9	6	5	4	3	2	0	0	0	0	0	0	0	0	0	0	0	0	
878	207	69	32	19	11	7	5	4	3	2	0	0	0	0	0	0	0	0	0	0	0	0	0	
875	196	76	33	16	9	5	4	3	2	0	0	0	0	0	0	0	0	0	0	0	0	0	0	
883	229	83	38	20	13	9	6	4	2	1	0	0	0	0	0	0	0	0	0	0	0	0	0	
862	215	77	35	19	15	10	7	4	1	0	0	0	0	0	0	0	0	0	0	0	0	0	0	
865	219	91	43	24	14	10	6	3	0	0	0	0	0	0	0	0	0	0	0	0	0	0	0	
956	256	106	47	25	14	7	4	1	1	1	1	1	1	1	0	0	0	0	0	0	0	0	0	
1048	318	118	54	29	13	7	3	3	2	1	1	1	1	0	0	0	0	0	0	0	0	0	0	
1049	281	112	55	24	16	8	7	5	4	3	2	1	0	0	0	0	0	0	0	0	0	0	0	
1026	268	107	44	25	10	9	5	4	2	1	1	0	0	0	0	0	0	0	0	0	0	0	0	
979	258	84	42	16	12	7	6	4	2	1	0	0	0	0	0	0	0	0	0	0	0	0	0	
972	233	83	30	18	9	7	5	3	2	0	0	0	0	0	0	0	0	0	0	0	0	0	0	
893	233	73	40	22	11	8	5	3	1	1	1	1	1	1	1	1	1	0	0	0	0	0	0	
873	205	89	43	19	13	8	4	2	2	2	2	1	1	1	1	1	0	0	0	0	0	0	0	
905	236	96	39	23	13	6	4	2	2	2	1	1	1	1	1	0	0	0	0	0	0	0	0	
902	251	96	51	30	15	9	4	3	2	1	1	1	1	1	0	0	0	0	0	0	0	0	0	
952	245	104	49	23	12	6	5	4	2	2	1	1	1	0	0	0	0	0	0	0	0	0	0	
940	263	104	43	23	13	10	9	4	3	1	1	1	0	0	0	0	0	0	0	0	0	0	0	
901	228	89	41	17	14	11	4	3	1	1	1	0	0	0	0	0	0	0	0	0	0	0	0	
867	221	90	39	24	15	6	3	1	1	1	0	0	0	0	0	0	0	0	0	0	0	0	0	
836	222	75	37	19	9	5	1	1	1	0	0	0	0	0	0	0	0	0	0	0	0	0	0	
901	217	92	41	19	12	7	4	4	3	1	1	1	1	1	1	0	0	0	0	0	0	0	0	
772	207	70	30	15	8	5	5	3	1	1	1	1	1	1	0	0	0	0	0	0	0	0	0	
755	210	72	26	14	9	7	5	3	2	1	1	1	1	0	0	0	0	0	0	0	0	0	0	
739	193	77	35	18	10	6	3	2	1	1	1	1	0	0	0	0	0	0	0	0	0	0	0	
772	227	93	44	21	12	9	5	2	1	1	1	0	0	0	0	0	0	0	0	0	0	0	0	
900	272	112	48	24	16	11	7	3	2	1	0	0	0	0	0	0	0	0	0	0	0	0	0	
882	266	104	43	27	12	8	4	3	1	0	0	0	0	0	0	0	0	0	0	0	0	0	0	
887	274	97	49	21	12	6	3	1	0	0	0	0	0	0	0	0	0	0	0	0	0	0	0	
918	252	100	42	19	10	4	2	1	1	0	0	0	0	0	0	0	0	0	0	0	0	0	0	
814	227	84	39	20	9	4	3	3	0	0	0	0	0	0	0	0	0	0	0	0	0	0	0	
913	244	97	47	17	8	5	4	2	0	0	0	0	0	0	0	0	0	0	0	0	0	0	0	
1002	290	103	42	21	12	7	3	1	1	1	0	0	0	0	0	0	0	0	0	0	0	0	0	
1039	271	88	41	22	12	6	3	3	3	1	0	0	0	0	0	0	0	0	0	0	0	0	0	
867	193	69	37	17	7	4	4	3	1	0	0	0	0	0	0	0	0	0	0	0	0	0	0	
768	196	70	32	15	9	6	5	3	1	1	1	1	1	0	0	0	0	0	0	0	0	0	0	
814	200	74	28	13	7	5	3	1	1	1	1	1	0	0	0	0	0	0	0	0	0	0	0	
802	200	70	27	11	6	3	1	1	1	1	1	0	0	0	0	0	0	0	0	0	0	0	0	
795	186	53	23	10	3	1	1	1	1	1	0	0	0	0	0	0	0	0	0	0	0	0	0	
794	150	53	25	12	8	5	3	1	1	0	0	0	0	0	0	0	0	0	0	0	0	0	0	
750	171	54	24	14	5	3	1	1	0	0	0	0	0	0	0	0	0	0	0	0	0	0	0	
738	154	54	29	10	5	1	1	0	0	0	0	0	0	0	0	0	0	0	0	0	0	0	0	
697	184	68	28	11	5	4	2	1	0	0	0	0	0	0	0	0	0	0	0	0	0	0	0	
670	164	59	25	12	6	3	1	0	0	0	0	0	0	0	0	0	0	0	0	0	0	0	0	
704	172	59	20	9	5	2	0	0	0	0	0	0	0	0	0	0	0	0	0	0	0	0	0	
757	185	52	15	7	2	0	0	0	0	0	0	0	0	0	0	0	0	0	0	0	0	0	0	
698	155	56	18	7	5	2	1	1	1	0	0	0	0	0	0	0	0	0	0	0	0	0	0	
654	143	52	18	10	5	4	2	1	0	0	0	0	0	0	0	0	0	0	0	0	0	0	0	
633	159	49	28	11	5	3	2	0	0	0	0	0	0	0	0	0	0	0	0	0	0	0	0	
715	168	62	25	14	6	3	1	1	1	0	0	0	0	0	0	0	0	0	0	0	0	0	0	
750	175	69	33	14	3	1	1	1	0	0	0	0	0	0	0	0	0	0	0	0	0	0	0	
779	185	72	27	9	3	2	2	0	0	0	0	0	0	0	0	0	0	0	0	0	0	0	0	
847	213	65	25	7	4	3	1	1	1	1	0	0	0	0	0	0	0	0	0	0	0	0	0	
842	191	61	21	11	6	1	1	1	1	0	0	0	0	0	0	0	0	0	0	0	0	0	0	
795	195	66	34	26	12	8	2	1	0	0	0	0	0	0	0	0	0	0	0	0	0	0	0	
754	174	70	39	18	14	5	2	0	0	0	0	0	0	0	0	0	0	0	0	0	0	0	0	
762	198	78	36	23	9	4	1	1	1	1	1	1	1	1	0	0	0	0	0	0	0	0	0	
777	199	75	35	16	4	2	2	1	1	1	1	1	1	0	0	0	0	0	0	0	0	0	0	
834	228	81	28	11	5	4	3	1	1	1	1	1	0	0	0	0	0	0	0	0	0	0	0	
836	202	70	26	11	8	4	1	1	1	1	1	0	0	0	0	0	0	0	0	0	0	0	0	
780	187	55	26	14	7	3	2	1	1	1	0	0	0	0	0	0	0	0	0	0	0	0	0	
747	169	61	33	16	9	4	2	2	2	0	0	0	0	0	0	0	0	0	0	0	0	0	0	
665	158	73	29	13	7	3	2	2	0	0	0	0	0	0	0	0	0	0	0	0	0	0	0	
669	211	78	40	26	14	7	4	2	1	0	0	0	0	0	0	0	0	0	0	0	0	0	0	
822	225	105	52	29	10	8	4	3	1	1	1	1	1	1	1	0	0	0	0	0	0	0	0	
812	242	97	48	16	13	8	5	2	1	1	1	1	1	1	0	0	0	0	0	0	0	0	0	
917	252	113	43	26	13	6	3	1	1	1	1	1	1	0	0	0	0	0	0	0	0	0	0	
865	267	89	47	21	11	5	3	3	2	2	2	1	0	0	0	0	0	0	0	0	0	0	0	
951	228	95	43	21	12	7	5	3	2	2	1	0	0	0	0	0	0	0	0	0	0	0	0	
775	222	85	35	18	8	5	3	2	2	1	0	0	0	0	0	0	0	0	0	0	0	0	0	
868	227	97	36	14	7	5	3	2	1	0	0	0	0	0	0	0	0	0	0	0	0	0	0	
857	254	98	41	20	10	7	3	2	0	0	0	0	0	0	0	0	0	0	0	0	0	0	0	
884	235	85	33	17	13	7	4	2	0	0	0	0	0	0	0	0	0	0	0	0	0	0	0	
837	226	77	31	20	13	8	5	1	1	0	0	0	0	0	0	0	0	0	0	0	0	0	0	
790	188	77	38	20	10	5	0	0	0	0	0	0	0	0	0	0	0	0	0	0	0	0	0	
732	215	75	42	19	11	1	1	0	0	0	0	0	0	0	0	0	0	0	0	0	0	0	0	
781	196	87	33	19	7	4	1	1	0	0	0	0	0	0	0	0	0	0	0	0	0	0	0	
680	199	68	30	12	6	2	1	0	0	0	0	0	0	0	0	0	0	0	0	0	0	0	0	
691	184	77	29	10	4	3	1	1	1	0	0	0	0	0	0	0	0	0	0	0	0	0	0	
702	216	83	41	19	10	5	3	2	0	0	0	0	0	0	0	0	0	0	0	0	0	0	0	
800	238	101	43	21	13	7	4	1	0	0	0	0	0	0	0	0	0	0	0	0	0	0	0	
741	220	76	32	21	11	7	4	2	2	2	2	1	1	0	0	0	0	0	0	0	0	0	0	
790	226	95	55	30	18	8	4	4	4	3	2	1	0	0	0	0	0	0	0	0	0	0	0	
742	219	103	44	25	11	6	5	3	2	1	1	0	0	0	0	0	0	0	0	0	0	0	0	
824	250	98	40	19	13	9	6	3	2	1	0	0	0	0	0	0	0	0	0	0	0	0	0	
809	240	89	38	24	12	8	5	3	2	1	1	0	0	0	0	0	0	0	0	0	0	0	0	
816	237	95	46	23	15	11	6	2	1	1	0	0	0	0	0	0	0	0	0	0	0	0	0	
796	251	109	44	27	16	6	2	1	0	0	0	0	0	0	0	0	0	0	0	0	0	0	0	
878	269	109	63	35	17	10	8	5	4	1	1	0	0	0	0	0	0	0	0	0	0	0	0	
821	249	110	48	20	12	8	6	4	1	1	0	0	0	0	0	0	0	0	0	0	0	0	0	
783	243	90	36	19	11	9	6	2	2	1	1	0	0	0	0	0	0	0	0	0	0	0	0	
747	211	72	35	21	15	9	3	3	2	2	1	0	0	0	0	0	0	0	0	0	0	0	0	
790	248	102	52	29	17	9	6	3	3	2	1	0	0	0	0	0	0	0	0	0	0	0	0	
860	274	105	54	25	13	8	4	4	3	2	0	0	0	0	0	0	0	0	0	0	0	0	0	
902	282	124	55	28	16	7	5	4	2	0	0	0	0	0	0	0	0	0	0	0	0	0	0	
931	326	133	71	28	16	12	10	4	0	0	0	0	0	0	0	0	0	0	0	0	0	0	0	
1073	371	174	73	37	24	17	5	1	0	0	0	0	0	0	0	0	0	0	0	0	0	0	0	
1117	408	166	75	42	26	10	4	2	1	1	0	0	0	0	0	0	0	0	0	0	0	0	0	
1191	403	166	84	46	23	11	4	1	0	0	0	0	0	0	0	0	0	0	0	0	0	0	0	
1220	410	170	86	39	18	8	4	3	1	0	0	0	0	0	0	0	0	0	0	0	0	0	0	
1121	379	168	77	37	15	7	5	2	0	0	0	0	0	0	0	0	0	0	0	0	0	0	0	
1251	431	168	72	34	12	8	6	0	0	0	0	0	0	0	0	0	0	0	0	0	0	0	0	
1268	406	167	68	29	16	14	5	3	1	0	0	0	0	0	0	0	0	0	0	0	0	0	0	
1241	404	152	61	34	18	10	5	3	0	0	0	0	0	0	0	0	0	0	0	0	0	0	0	
1325	374	136	65	31	17	11	8	3	0	0	0	0	0	0	0	0	0	0	0	0	0	0	0	
1222	372	160	65	37	18	10	4	0	0	0	0	0	0	0	0	0	0	0	0	0	0	0	0	
1291	415	155	75	34	18	5	0	0	0	0	0	0	0	0	0	0	0	0	0	0	0	0	0	
1362	390	157	69	34	13	2	1	1	0	0	0	0	0	0	0	0	0	0	0	0	0	0	0	
1308	375	151	65	27	7	2	1	0	0	0	0	0	0	0	0	0	0	0	0	0	0	0	0	
1234	353	137	58	24	6	4	2	1	1	1	1	0	0	0	0	0	0	0	0	0	0	0	0	
1184	349	142	62	14	4	2	1	1	1	1	0	0	0	0	0	0	0	0	0	0	0	0	0	
1198	349	138	41	20	9	5	4	3	3	2	2	2	1	1	1	0	0	0	0	0	0	0	0	
1120	343	118	49	20	7	4	3	3	2	2	2	1	1	1	0	0	0	0	0	0	0	0	0	
1083	281	98	34	15	10	6	5	4	3	2	1	1	1	0	0	0	0	0	0	0	0	0	0	
894	233	83	39	17	9	7	4	3	2	1	1	1	0	0	0	0	0	0	0	0	0	0	0	
799	213	83	32	16	9	6	5	4	2	1	1	0	0	0	0	0	0	0	0	0	0	0	0	
837	229	81	41	22	11	9	6	3	1	1	0	0	0	0	0	0	0	0	0	0	0	0	0	
846	217	89	35	14	10	6	3	1	1	0	0	0	0	0	0	0	0	0	0	0	0	0	0	
823	229	95	39	21	11	3	1	1	0	0	0	0	0	0	0	0	0	0	0	0	0	0	0	
937	257	103	44	24	12	5	3	1	1	1	1	1	1	1	1	1	1	1	1	1	1	0	0	
840	207	81	41	21	9	4	1	1	1	1	1	1	1	1	1	1	1	1	1	1	0	0	0	
821	245	101	46	20	8	2	1	1	1	1	1	1	1	1	1	1	1	1	1	0	0	0	0	
914	261	95	37	14	4	3	2	2	2	2	2	2	2	2	1	1	1	1	0	0	0	0	0	
963	257	75	36	17	7	3	3	2	2	2	2	2	2	1	1	1	1	0	0	0	0	0	0	
896	189	64	23	11	6	3	2	2	2	2	2	2	1	1	1	1	0	0	0	0	0	0	0	
734	175	56	20	9	5	3	2	2	2	2	2	1	1	1	1	0	0	0	0	0	0	0	0	
741	167	52	19	12	5	2	2	2	2	2	1	1	1	1	0	0	0	0	0	0	0	0	0	
660	144	47	27	14	6	4	3	3	2	1	1	1	1	0	0	0	0	0	0	0	0	0	0	
602	146	63	27	13	9	5	4	3	2	2	1	1	0	0	0	0	0	0	0	0	0	0	0	
572	156	56	23	14	6	5	3	2	2	1	1	0	0	0	0	0	0	0	0	0	0	0	0	
639	148	46	26	10	7	4	3	2	1	1	0	0	0	0	0	0	0	0	0	0	0	0	0	
634	140	50	18	9	5	4	3	2	2	0	0	0	0	0	0	0	0	0	0	0	0	0	0	
618	127	44	17	11	5	3	2	2	0	0	0	0	0	0	0	0	0	0	0	0	0	0	0	
596	162	58	23	11	5	2	2	0	0	0	0	0	0	0	0	0	0	0	0	0	0	0	0	
628	147	45	18	7	3	3	1	0	0	0	0	0	0	0	0	0	0	0	0	0	0	0	0	
575	131	53	18	8	5	1	0	0	0	0	0	0	0	0	0	0	0	0	0	0	0	0	0	
595	132	39	14	7	2	1	0	0	0	0	0	0	0	0	0	0	0	0	0	0	0	0	0	
628	130	49	23	7	4	3	1	1	1	1	1	0	0	0	0	0	0	0	0	0	0	0	0	
569	137	43	15	7	3	2	2	2	1	1	0	0	0	0	0	0	0	0	0	0	0	0	0	
622	124	41	20	11	6	4	2	1	1	0	0	0	0	0	0	0	0	0	0	0	0	0	0	
522	105	36	15	9	5	2	1	1	0	0	0	0	0	0	0	0	0	0	0	0	0	0	0	
539	121	54	25	15	5	4	3	2	1	1	0	0	0	0	0	0	0	0	0	0	0	0	0	
535	134	47	20	7	5	4	2	1	1	0	0	0	0	0	0	0	0	0	0	0	0	0	0	
516	116	35	14	9	6	4	3	2	1	1	0	0	0	0	0	0	0	0	0	0	0	0	0	
499	105	34	20	11	8	5	4	2	1	0	0	0	0	0	0	0	0	0	0	0	0	0	0	
514	109	53	26	15	9	5	3	2	1	0	0	0	0	0	0	0	0	0	0	0	0	0	0	
506	120	48	24	15	8	6	4	3	2	2	1	1	1	1	1	0	0	0	0	0	0	0	0	
535	132	56	26	11	8	5	3	2	2	1	1	1	1	1	0	0	0	0	0	0	0	0	0	
551	138	53	24	16	9	5	3	3	1	1	1	1	1	0	0	0	0	0	0	0	0	0	0	
589	150	55	27	13	8	5	4	2	1	1	1	1	0	0	0	0	0	0	0	0	0	0	0	
608	137	44	19	11	7	5	3	2	2	2	2	1	1	1	0	0	0	0	0	0	0	0	0	
639	142	52	28	19	12	6	3	2	2	2	1	1	1	0	0	0	0	0	0	0	0	0	0	
643	151	69	30	19	8	5	3	3	2	1	1	1	0	0	0	0	0	0	0	0	0	0	0	
718	200	77	39	14	9	7	6	5	2	2	2	1	0	0	0	0	0	0	0	0	0	0	0	
766	184	78	35	22	15	10	5	2	2	2	1	0	0	0	0	0	0	0	0	0	0	0	0	
728	214	86	41	27	16	8	3	3	3	2	0	0	0	0	0	0	0	0	0	0	0	0	0	
721	190	68	39	17	9	4	4	4	3	0	0	0	0	0	0	0	0	0	0	0	0	0	0	
660	165	74	26	13	4	4	4	3	0	0	0	0	0	0	0	0	0	0	0	0	0	0	0	
699	208	62	31	9	5	5	3	0	0	0	0	0	0	0	0	0	0	0	0	0	0	0	0	
727	164	71	16	7	5	3	0	0	0	0	0	0	0	0	0	0	0	0	0	0	0	0	0	
601	159	46	18	12	9	5	3	1	1	1	1	0	0	0	0	0	0	0	0	0	0	0	0	
585	151	58	32	20	11	6	3	3	1	1	0	0	0	0	0	0	0	0	0	0	0	0	0	
506	134	56	26	12	6	3	3	1	1	0	0	0	0	0	0	0	0	0	0	0	0	0	0	
514	137	56	23	12	9	5	2	1	0	0	0	0	0	0	0	0	0	0	0	0	0	0	0	
552	164	62	29	16	7	4	3	1	1	1	1	1	0	0	0	0	0	0	0	0	0	0	0	
629	176	59	28	11	6	4	2	2	1	1	1	0	0	0	0	0	0	0	0	0	0	0	0	
629	159	68	30	18	10	5	4	2	2	1	0	0	0	0	0	0	0	0	0	0	0	0	0	
600	153	60	27	14	6	5	3	3	2	1	1	1	0	0	0	0	0	0	0	0	0	0	0	
668	175	74	36	17	12	8	5	3	1	1	1	0	0	0	0	0	0	0	0	0	0	0	0	
670	197	73	32	19	13	6	4	2	2	2	0	0	0	0	0	0	0	0	0	0	0	0	0	
716	196	73	35	22	11	7	3	2	2	0	0	0	0	0	0	0	0	0	0	0	0	0	0	
744	228	99	58	27	16	9	4	4	2	1	0	0	0	0	0	0	0	0	0	0	0	0	0	
755	213	100	43	23	13	5	4	2	1	0	0	0	0	0	0	0	0	0	0	0	0	0	0	
748	235	91	47	25	9	5	2	1	0	0	0	0	0	0	0	0	0	0	0	0	0	0	0	
771	232	100	47	14	5	2	1	0	0	0	0	0	0	0	0	0	0	0	0	0	0	0	0	
782	251	89	28	12	7	5	2	1	0	0	0	0	0	0	0	0	0	0	0	0	0	0	0	
826	225	68	33	14	7	3	2	1	0	0	0	0	0	0	0	0	0	0	0	0	0	0	0	
835	189	73	27	17	9	6	3	1	1	0	0	0	0	0	0	0	0	0	0	0	0	0	0	
724	198	76	33	19	10	4	2	2	1	1	1	0	0	0	0	0	0	0	0	0	0	0	0	
798	234	79	34	19	10	4	4	2	2	1	0	0	0	0	0	0	0	0	0	0	0	0	0	
862	244	87	38	20	7	6	3	3	2	1	0	0	0	0	0	0	0	0	0	0	0	0	0	
793	211	68	33	13	9	5	4	3	2	1	1	1	1	1	1	1	1	1	0	0	0	0	0	
785	187	77	28	14	7	6	5	2	1	1	1	1	1	1	1	1	1	0	0	0	0	0	0	
698	197	69	29	15	8	6	3	2	2	2	2	2	2	2	1	1	0	0	0	0	0	0	0	
652	163	54	24	11	6	4	3	2	2	2	2	2	2	1	1	0	0	0	0	0	0	0	0	
674	175	63	29	14	7	5	3	2	2	2	2	2	1	1	0	0	0	0	0	0	0	0	0	
698	183	59	24	12	7	6	4	3	3	3	3	2	1	0	0	0	0	0	0	0	0	0	0	
691	163	53	21	12	6	4	3	3	3	3	2	1	0	0	0	0	0	0	0	0	0	0	0	
738	191	72	32	13	8	4	4	3	3	2	1	0	0	0	0	0	0	0	0	0	0	0	0	
834	197	70	25	12	7	6	5	4	3	2	1	0	0	0	0	0	0	0	0	0	0	0	0	
714	170	49	25	14	13	7	5	4	2	1	0	0	0	0	0	0	0	0	0	0	0	0	0	
743	194	79	36	24	13	8	5	3	1	0	0	0	0	0	0	0	0	0	0	0	0	0	0	
777	208	75	39	19	11	7	5	1	0	0	0	0	0	0	0	0	0	0	0	0	0	0	0	
814	210	93	39	23	11	5	1	0	0	0	0	0	0	0	0	0	0	0	0	0	0	0	0	
821	242	85	36	18	9	2	1	1	1	1	1	1	0	0	0	0	0	0	0	0	0	0	0	
883	205	71	39	19	10	6	5	2	1	1	1	0	0	0	0	0	0	0	0	0	0	0	0	
771	193	81	33	17	8	7	4	2	1	1	0	0	0	0	0	0	0	0	0	0	0	0	0	
793	214	76	34	16	11	5	3	1	1	0	0	0	0	0	0	0	0	0	0	0	0	0	0	
821	219	92	37	17	8	6	2	2	1	1	0	0	0	0	0	0	0	0	0	0	0	0	0	
767	198	79	32	15	9	5	5	3	3	1	1	1	1	0	0	0	0	0	0	0	0	0	0	
793	226	85	34	14	6	6	4	4	2	2	1	1	0	0	0	0	0	0	0	0	0	0	0	
804	222	77	33	12	10	6	4	2	2	1	1	0	0	0	0	0	0	0	0	0	0	0	0	
768	204	79	39	27	15	10	7	7	4	2	1	1	0	0	0	0	0	0	0	0	0	0	0	
770	209	83	45	22	12	8	7	4	2	1	1	0	0	0	0	0	0	0	0	0	0	0	0	
768	212	95	37	21	13	9	4	3	2	1	0	0	0	0	0	0	0	0	0	0	0	0	0	
781	252	97	51	28	20	11	7	3	2	0	0	0	0	0	0	0	0	0	0	0	0	0	0	
854	233	112	43	32	19	11	5	3	2	2	2	1	1	0	0	0	0	0	0	0	0	0	0	
857	255	90	51	22	13	8	5	2	2	2	1	1	0	0	0	0	0	0	0	0	0	0	0	
883	229	104	48	22	14	8	4	2	2	1	1	0	0	0	0	0	0	0	0	0	0	0	0	
808	228	86	43	25	12	4	2	2	1	1	0	0	0	0	0	0	0	0	0	0	0	0	0	
965	268	105	47	23	9	6	5	3	3	2	1	1	1	1	1	1	0	0	0	0	0	0	0	
942	277	97	46	19	9	7	3	3	2	1	1	1	1	1	1	0	0	0	0	0	0	0	0	
1018	275	113	50	21	10	6	3	2	1	1	1	1	1	1	0	0	0	0	0	0	0	0	0	
865	257	97	40	17	10	5	3	1	1	1	1	1	1	0	0	0	0	0	0	0	0	0	0	
940	268	99	41	22	8	4	1	1	1	1	1	1	0	0	0	0	0	0	0	0	0	0	0	
888	245	93	40	16	5	2	1	1	1	1	1	0	0	0	0	0	0	0	0	0	0	0	0	
777	226	82	35	15	6	2	1	1	1	1	0	0	0	0	0	0	0	0	0	0	0	0	0	
810	209	77	34	13	4	2	2	1	1	0	0	0	0	0	0	0	0	0	0	0	0	0	0	
761	186	82	32	16	8	6	4	2	1	0	0	0	0	0	0	0	0	0	0	0	0	0	0	
774	199	72	35	18	12	7	3	2	0	0	0	0	0	0	0	0	0	0	0	0	0	0	0	
752	195	76	40	21	11	5	3	0	0	0	0	0	0	0	0	0	0	0	0	0	0	0	0	
781	221	85	39	19	10	6	2	2	1	1	0	0	0	0	0	0	0	0	0	0	0	0	0	
866	242	111	42	22	12	8	4	3	3	2	2	1	1	1	1	0	0	0	0	0	0	0	0	
994	274	90	36	21	10	5	3	3	2	2	1	1	1	1	0	0	0	0	0	0	0	0	0	
856	226	81	43	23	8	4	3	2	2	1	1	1	1	0	0	0	0	0	0	0	0	0	0	
869	243	105	44	22	10	7	5	5	4	3	3	2	1	1	0	0	0	0	0	0	0	0	0	
979	277	104	49	23	14	9	8	7	6	4	2	1	1	0	0	0	0	0	0	0	0	0	0	
1032	280	104	51	26	15	11	9	6	3	2	1	1	0	0	0	0	0	0	0	0	0	0	0	
1089	301	132	67	35	23	15	9	5	2	1	1	0	0	0	0	0	0	0	0	0	0	0	0	
1240	358	148	75	35	22	13	7	3	2	2	1	0	0	0	0	0	0	0	0	0	0	0	0	
1293	406	170	73	34	18	10	4	3	3	2	1	1	1	0	0	0	0	0	0	0	0	0	0	
1557	458	172	66	30	15	7	6	5	2	1	1	1	0	0	0	0	0	0	0	0	0	0	0	
1378	374	138	57	25	14	11	8	4	2	1	1	0	0	0	0	0	0	0	0	0	0	0	0	
1293	368	133	55	27	19	10	5	3	2	1	0	0	0	0	0	0	0	0	0	0	0	0	0	
1388	378	137	75	43	26	19	10	7	5	4	2	2	1	1	1	1	1	0	0	0	0	0	0	
1261	355	151	79	42	28	15	9	5	4	2	2	1	1	1	1	1	0	0	0	0	0	0	0	
1428	398	172	81	44	23	14	9	6	5	4	3	2	2	2	1	0	0	0	0	0	0	0	0	
1492	458	165	82	40	21	12	8	5	4	2	1	1	1	0	0	0	0	0	0	0	0	0	0	
1556	432	164	76	39	25	16	10	9	5	4	3	3	2	0	0	0	0	0	0	0	0	0	0	
1478	399	156	83	48	29	20	17	12	8	4	4	3	1	1	0	0	0	0	0	0	0	0	0	
1349	366	146	73	40	24	17	12	8	4	4	2	1	1	0	0	0	0	0	0	0	0	0	0	
1429	393	155	72	41	29	17	10	6	6	4	2	2	0	0	0	0	0	0	0	0	0	0	0	
1462	389	163	83	44	24	16	8	7	5	2	2	0	0	0	0	0	0	0	0	0	0	0	0	
1337	392	149	75	37	23	13	11	8	2	2	0	0	0	0	0	0	0	0	0	0	0	0	0	
1292	351	165	84	37	21	15	12	3	3	1	0	0	0	0	0	0	0	0	0	0	0	0	0	
1174	358	159	64	31	21	16	5	5	3	0	0	0	0	0	0	0	0	0	0	0	0	0	0	
1444	427	156	67	46	26	9	8	5	0	0	0	0	0	0	0	0	0	0	0	0	0	0	0	
1346	373	150	85	51	22	17	11	6	2	1	1	0	0	0	0	0	0	0	0	0	0	0	0	
1266	406	179	88	38	25	12	7	3	2	2	1	1	1	0	0	0	0	0	0	0	0	0	0	
1525	533	214	94	52	25	13	7	5	4	2	2	1	0	0	0	0	0	0	0	0	0	0	0	
1575	444	168	78	35	17	10	7	5	3	3	1	0	0	0	0	0	0	0	0	0	0	0	0	
1236	337	126	57	30	16	11	8	4	3	1	0	0	0	0	0	0	0	0	0	0	0	0	0	
1243	335	126	56	27	15	10	4	3	1	0	0	0	0	0	0	0	0	0	0	0	0	0	0	
1335	316	115	53	24	15	6	3	1	0	0	0	0	0	0	0	0	0	0	0	0	0	0	0	
1248	307	121	52	28	11	5	2	0	0	0	0	0	0	0	0	0	0	0	0	0	0	0	0	
1181	349	132	60	27	10	4	2	1	1	0	0	0	0	0	0	0	0	0	0	0	0	0	0	
1550	385	138	62	23	10	4	3	3	2	1	0	0	0	0	0	0	0	0	0	0	0	0	0	
1282	305	114	43	13	8	6	5	3	2	1	1	1	0	0	0	0	0	0	0	0	0	0	0	
1315	308	99	29	14	6	5	3	2	1	1	1	0	0	0	0	0	0	0	0	0	0	0	0	
1174	278	95	47	21	14	8	6	3	2	1	0	0	0	0	0	0	0	0	0	0	0	0	0	
1123	257	92	35	20	12	8	4	2	1	0	0	0	0	0	0	0	0	0	0	0	0	0	0	
1090	257	92	45	19	9	4	2	1	0	0	0	0	0	0	0	0	0	0	0	0	0	0	0	
1051	274	105	49	21	10	7	4	1	0	0	0	0	0	0	0	0	0	0	0	0	0	0	0	
1178	342	116	48	22	14	8	3	1	0	0	0	0	0	0	0	0	0	0	0	0	0	0	0	
1120	242	80	29	16	9	3	2	1	1	1	1	0	0	0	0	0	0	0	0	0	0	0	0	
882	203	68	32	16	10	4	2	1	1	1	0	0	0	0	0	0	0	0	0	0	0	0	0	
736	169	78	40	19	10	3	1	1	1	0	0	0	0	0	0	0	0	0	0	0	0	0	0	
725	214	97	42	23	9	3	2	2	1	0	0	0	0	0	0	0	0	0	0	0	0	0	0	
822	269	89	45	20	8	7	5	4	3	2	2	1	0	0	0	0	0	0	0	0	0	0	0	
950	246	109	43	19	14	8	7	6	5	3	2	1	0	0	0	0	0	0	0	0	0	0	0	
910	278	101	41	26	16	12	9	6	4	3	2	0	0	0	0	0	0	0	0	0	0	0	0	
1113	300	118	56	31	22	15	10	8	4	3	1	0	0	0	0	0	0	0	0	0	0	0	0	
1173	336	141	64	42	25	13	7	2	1	0	0	0	0	0	0	0	0	0	0	0	0	0	0	
1193	373	135	75	39	20	8	3	2	1	0	0	0	0	0	0	0	0	0	0	0	0	0	0	
1477	405	158	70	36	13	4	2	1	0	0	0	0	0	0	0	0	0	0	0	0	0	0	0	
1347	398	151	66	24	7	5	3	1	0	0	0	0	0	0	0	0	0	0	0	0	0	0	0	
1484	419	159	60	22	11	8	4	1	1	1	0	0	0	0	0	0	0	0	0	0	0	0	0	
1459	386	143	51	17	9	4	1	1	1	0	0	0	0	0	0	0	0	0	0	0	0	0	0	
1402	338	119	44	21	8	2	2	2	1	1	1	1	1	1	1	1	1	1	1	1	1	0	0	
1296	281	95	42	16	5	3	3	1	1	1	1	1	1	1	1	1	1	1	1	1	0	0	0	
1149	271	90	34	15	7	4	2	2	1	1	1	1	1	1	1	1	1	1	1	0	0	0	0	
1274	307	104	36	20	8	5	2	1	1	1	1	1	1	1	1	1	1	1	0	0	0	0	0	
1023	253	75	30	13	8	4	2	1	1	1	1	1	1	1	1	1	1	0	0	0	0	0	0	
967	215	66	27	14	8	4	3	2	1	1	1	1	1	1	1	1	0	0	0	0	0	0	0	
905	210	69	29	14	6	4	3	1	1	1	1	1	1	1	1	0	0	0	0	0	0	0	0	
926	212	73	30	15	9	5	2	1	1	1	1	1	1	1	0	0	0	0	0	0	0	0	0	
800	206	88	39	16	11	6	4	4	2	2	2	2	2	1	1	1	1	1	1	1	1	1	0	
799	231	88	35	19	11	7	7	3	3	3	3	3	2	2	2	2	2	2	2	2	1	0	0	
880	267	108	46	23	9	9	4	4	3	3	3	2	2	2	2	2	2	2	2	1	0	0	0	
1028	297	106	49	22	14	6	4	3	3	3	2	2	2	2	2	2	2	2	1	0	0	0	0	
1087	275	104	48	28	12	6	4	3	3	2	2	2	2	2	2	2	2	1	0	0	0	0	0	
1225	318	125	58	26	12	7	4	4	3	2	2	2	2	2	2	2	1	0	0	0	0	0	0	
1261	356	133	63	25	13	9	8	5	3	3	3	3	3	3	2	1	0	0	0	0	0	0	0	
1443	408	155	61	34	16	13	9	6	6	4	3	3	3	2	1	0	0	0	0	0	0	0	0	
1490	421	157	78	38	28	17	11	10	7	6	6	6	5	3	2	1	1	0	0	0	0	0	0	
1471	418	162	68	47	32	20	15	9	7	6	6	5	3	2	1	1	0	0	0	0	0	0	0	
1490	458	163	94	55	34	23	15	11	9	8	6	4	3	2	1	0	0	0	0	0	0	0	0	
1580	435	209	111	62	39	25	18	15	13	11	7	6	3	1	0	0	0	0	0	0	0	0	0	
1470	514	234	131	82	45	29	21	18	15	9	7	3	1	0	0	0	0	0	0	0	0	0	0	
1878	712	363	190	92	55	32	26	17	8	6	2	0	0	0	0	0	0	0	0	0	0	0	0	
2129	840	394	180	87	46	33	21	10	9	5	3	1	0	0	0	0	0	0	0	0	0	0	0	
2420	922	363	152	66	42	25	13	10	6	3	1	0	0	0	0	0	0	0	0	0	0	0	0	
2193	660	252	103	55	31	16	11	6	4	2	0	0	0	0	0	0	0	0	0	0	0	0	0	
1924	562	210	93	48	21	15	10	6	4	1	0	0	0	0	0	0	0	0	0	0	0	0	0	
1819	545	217	104	49	33	21	9	7	4	2	0	0	0	0	0	0	0	0	0	0	0	0	0	
1795	521	225	92	56	35	14	10	5	3	0	0	0	0	0	0	0	0	0	0	0	0	0	0	
1721	544	222	123	69	33	24	12	7	3	0	0	0	0	0	0	0	0	0	0	0	0	0	0	
1801	543	257	125	55	35	17	11	6	2	1	1	0	0	0	0	0	0	0	0	0	0	0	0	
1604	548	220	87	48	24	16	8	4	2	1	0	0	0	0	0	0	0	0	0	0	0	0	0	
1999	569	197	92	49	28	17	9	6	4	1	0	0	0	0	0	0	0	0	0	0	0	0	0	
1564	421	161	78	43	26	16	10	7	3	2	1	0	0	0	0	0	0	0	0	0	0	0	0	
1499	431	176	78	43	26	17	11	5	2	1	0	0	0	0	0	0	0	0	0	0	0	0	0	
1485	469	159	70	37	23	14	7	4	2	0	0	0	0	0	0	0	0	0	0	0	0	0	0	
1486	342	124	57	35	21	11	5	2	0	0	0	0	0	0	0	0	0	0	0	0	0	0	0	
1059	276	98	57	31	18	9	5	2	2	1	0	0	0	0	0	0	0	0	0	0	0	0	0	
1020	272	133	60	30	16	10	6	3	2	1	1	0	0	0	0	0	0	0	0	0	0	0	0	
1016	321	132	62	28	12	9	6	2	1	1	0	0	0	0	0	0	0	0	0	0	0	0	0	
1116	333	138	59	29	16	11	5	1	1	0	0	0	0	0	0	0	0	0	0	0	0	0	0	
1072	315	130	58	33	20	10	5	4	3	3	1	1	1	0	0	0	0	0	0	0	0	0	0	
1090	345	146	69	38	21	10	7	5	4	2	1	1	0	0	0	0	0	0	0	0	0	0	0	
1198	361	147	70	36	18	13	8	4	2	1	1	0	0	0	0	0	0	0	0	0	0	0	0	
1110	362	144	66	30	24	13	8	5	2	2	1	0	0	0	0	0	0	0	0	0	0	0	0	
1238	384	159	67	44	24	9	6	3	3	2	1	1	0	0	0	0	0	0	0	0	0	0	0	
1384	405	160	95	48	24	15	8	5	4	2	2	1	1	1	1	0	0	0	0	0	0	0	0	
1294	376	175	78	40	24	12	9	7	4	3	1	1	1	1	0	0	0	0	0	0	0	0	0	
1365	432	176	85	44	19	12	9	6	4	1	1	1	1	0	0	0	0	0	0	0	0	0	0	
1427	434	173	95	43	26	18	11	9	5	2	2	1	0	0	0	0	0	0	0	0	0	0	0	
1381	396	188	84	39	24	16	10	6	3	3	2	1	1	1	1	0	0	0	0	0	0	0	0	
1321	420	155	69	34	21	12	8	5	4	3	1	1	1	1	0	0	0	0	0	0	0	0	0	
1319	357	145	68	37	20	12	7	5	3	1	1	1	1	0	0	0	0	0	0	0	0	0	0	
1110	321	129	60	30	16	9	5	3	2	1	1	1	0	0	0	0	0	0	0	0	0	0	0	
1103	306	125	58	24	13	6	4	3	2	2	2	1	1	1	1	1	1	1	1	1	1	1	1	
1109	336	138	61	29	14	8	6	4	4	1	1	1	1	1	1	1	1	1	1	1	1	1	1	
1162	377	145	65	32	18	10	5	4	2	1	1	1	1	1	1	1	1	1	1	1	1	1	0	
1244	384	150	69	39	24	14	9	5	4	3	3	3	2	1	1	1	1	1	1	1	1	0	0	
1377	390	140	69	38	18	12	7	5	3	3	3	2	1	1	1	1	1	1	1	1	0	0	0	
1239	341	135	61	30	15	8	5	4	4	4	2	1	1	1	1	1	1	1	1	0	0	0	0	
1276	380	145	76	38	15	10	8	6	6	3	1	1	1	1	1	1	1	1	0	0	0	0	0	
1365	378	166	83	38	20	13	10	9	4	2	1	1	1	1	1	1	1	0	0	0	0	0	0	
1384	434	184	80	41	24	16	14	7	4	2	1	1	1	1	1	1	0	0	0	0	0	0	0	
1624	488	189	89	44	28	21	12	7	3	2	1	1	1	1	1	0	0	0	0	0	0	0	0	
1598	433	172	82	45	31	16	8	4	3	2	2	2	2	2	0	0	0	0	0	0	0	0	0	
1540	418	163	80	39	19	10	6	5	4	4	3	2	2	0	0	0	0	0	0	0	0	0	0	
1437	406	174	71	34	16	11	7	5	4	3	2	2	0	0	0	0	0	0	0	0	0	0	0	
1475	406	166	62	35	18	9	6	4	3	2	2	0	0	0	0	0	0	0	0	0	0	0	0	
1325	396	136	59	29	13	7	4	3	2	2	0	0	0	0	0	0	0	0	0	0	0	0	0	
1386	345	115	51	22	12	9	5	4	3	1	0	0	0	0	0	0	0	0	0	0	0	0	0	
1193	299	123	47	29	15	8	5	4	2	1	0	0	0	0	0	0	0	0	0	0	0	0	0	
1100	310	119	58	29	14	8	6	4	2	1	1	0	0	0	0	0	0	0	0	0	0	0	0	
1088	328	132	53	20	12	8	6	2	1	1	0	0	0	0	0	0	0	0	0	0	0	0	0	
1119	334	119	44	22	13	8	3	1	0	0	0	0	0	0	0	0	0	0	0	0	0	0	0	
1189	331	127	56	28	17	8	4	3	2	0	0	0	0	0	0	0	0	0	0	0	0	0	0	
1131	333	123	56	33	15	8	7	5	2	0	0	0	0	0	0	0	0	0	0	0	0	0	0	
1191	329	121	60	28	17	10	5	2	0	0	0	0	0	0	0	0	0	0	0	0	0	0	0	
1239	318	128	53	30	13	7	2	0	0	0	0	0	0	0	0	0	0	0	0	0	0	0	0	
1141	318	107	56	20	7	3	0	0	0	0	0	0	0	0	0	0	0	0	0	0	0	0	0	
1141	298	117	41	17	8	3	0	0	0	0	0	0	0	0	0	0	0	0	0	0	0	0	0	
1096	314	117	45	21	9	2	0	0	0	0	0	0	0	0	0	0	0	0	0	0	0	0	0	
1384	386	143	68	33	14	7	2	2	2	0	0	0	0	0	0	0	0	0	0	0	0	0	0	
1443	419	160	78	35	17	6	2	2	0	0	0	0	0	0	0	0	0	0	0	0	0	0	0	
1544	449	176	76	40	17	9	7	3	1	0	0	0	0	0	0	0	0	0	0	0	0	0	0	
1757	491	202	98	45	23	14	7	3	1	1	1	1	1	1	1	1	1	0	0	0	0	0	0	
1817	523	200	91	44	20	10	5	3	3	2	1	1	1	1	1	1	0	0	0	0	0	0	0	
1852	530	200	82	35	15	10	6	5	4	2	2	1	1	1	1	0	0	0	0	0	0	0	0	
1872	515	179	73	34	20	12	7	5	3	3	2	1	1	1	0	0	0	0	0	0	0	0	0	
1912	475	160	66	29	19	10	7	5	4	2	1	1	1	0	0	0	0	0	0	0	0	0	0	
1721	416	158	67	34	16	11	6	5	3	2	1	1	0	0	0	0	0	0	0	0	0	0	0	
1670	473	180	83	44	25	12	7	6	3	1	1	0	0	0	0	0	0	0	0	0	0	0	0	
1705	469	170	76	37	14	7	4	1	0	0	0	0	0	0	0	0	0	0	0	0	0	0	0	
1786	518	186	87	38	21	13	3	1	0	0	0	0	0	0	0	0	0	0	0	0	0	0	0	
1679	481	187	84	47	26	11	6	3	2	2	1	1	1	1	0	0	0	0	0	0	0	0	0	
1637	479	180	79	37	13	7	2	1	1	0	0	0	0	0	0	0	0	0	0	0	0	0	0	
1737	483	195	81	33	17	8	4	2	1	1	1	1	0	0	0	0	0	0	0	0	0	0	0	
1644	484	163	68	30	15	8	3	2	2	2	2	0	0	0	0	0	0	0	0	0	0	0	0	
1715	419	158	65	26	12	5	4	3	2	2	0	0	0	0	0	0	0	0	0	0	0	0	0	
1382	382	126	54	23	11	7	4	2	2	0	0	0	0	0	0	0	0	0	0	0	0	0	0	
1359	365	143	66	34	20	11	7	5	2	2	1	1	0	0	0	0	0	0	0	0	0	0	0	
1305	369	144	67	37	20	12	8	2	2	1	1	0	0	0	0	0	0	0	0	0	0	0	0	
1393	393	151	63	33	20	13	4	3	1	1	0	0	0	0	0	0	0	0	0	0	0	0	0	
1360	395	140	70	40	25	10	7	4	3	0	0	0	0	0	0	0	0	0	0	0	0	0	0	
1360	379	156	70	38	12	7	3	3	0	0	0	0	0	0	0	0	0	0	0	0	0	0	0	
1232	333	127	61	25	17	8	6	2	0	0	0	0	0	0	0	0	0	0	0	0	0	0	0	
1233	322	131	49	27	13	7	3	0	0	0	0	0	0	0	0	0	0	0	0	0	0	0	0	
1182	333	118	55	27	13	7	2	2	0	0	0	0	0	0	0	0	0	0	0	0	0	0	0	
1176	303	125	47	25	14	6	4	2	2	2	1	1	1	1	0	0	0	0	0	0	0	0	0	
1059	297	110	43	18	6	4	2	2	2	1	1	1	1	0	0	0	0	0	0	0	0	0	0	
1059	288	102	42	18	10	6	4	2	1	1	1	1	0	0	0	0	0	0	0	0	0	0	0	
1004	270	94	40	19	10	7	4	2	1	1	1	0	0	0	0	0	0	0	0	0	0	0	0	
993	277	101	42	22	9	6	3	1	1	1	0	0	0	0	0	0	0	0	0	0	0	0	0	
975	229	75	38	16	9	5	3	3	1	0	0	0	0	0	0	0	0	0	0	0	0	0	0	
931	217	83	39	19	9	3	3	1	0	0	0	0	0	0	0	0	0	0	0	0	0	0	0	
920	224	83	35	15	4	4	2	0	0	0	0	0	0	0	0	0	0	0	0	0	0	0	0	
957	259	98	42	19	11	6	0	0	0	0	0	0	0	0	0	0	0	0	0	0	0	0	0	
935	271	109	42	24	12	3	3	1	1	0	0	0	0	0	0	0	0	0	0	0	0	0	0	
1051	273	98	49	25	9	7	5	4	2	1	1	1	1	1	1	0	0	0	0	0	0	0	0	
961	294	107	43	14	8	5	4	2	1	1	1	1	1	1	0	0	0	0	0	0	0	0	0	
1031	309	114	44	18	9	6	3	1	1	1	1	1	1	0	0	0	0	0	0	0	0	0	0	
1150	323	114	49	26	16	7	4	3	1	1	1	1	0	0	0	0	0	0	0	0	0	0	0	
1127	317	144	67	40	19	11	5	2	2	2	1	0	0	0	0	0	0	0	0	0	0	0	0	
1047	334	145	71	34	19	8	2	2	2	1	0	0	0	0	0	0	0	0	0	0	0	0	0	
1146	322	127	58	29	14	6	4	3	1	0	0	0	0	0	0	0	0	0	0	0	0	0	0	
1100	308	116	52	28	9	5	3	1	0	0	0	0	0	0	0	0	0	0	0	0	0	0	0	
1067	304	126	54	21	10	5	2	0	0	0	0	0	0	0	0	0	0	0	0	0	0	0	0	
