0.21836	0.38744	0.40235	0.37472	0.49212	0.58443	0.2019	0	0	0	0	0	0	0	0	0	0	0	0	0	0	0	0	0	
0.2251	0.37359	0.44444	0.56925	0.57696	0.1978	0	0	0	0	0	0	0	0	0	0	0	0	0	0	0	0	0	0	
0.24619	0.41908	0.60189	0.64309	0.65005	0	0	0	0	0	0	0	0	0	0	0	0	0	0	0	0	0	0	0	
0.28177	0.56171	0.72457	0.61981	0.46031	0.29951	0	0	0	0	0	0	0	0	0	0	0	0	0	0	0	0	0	0	
0.43658	0.58099	0.60729	0.45902	0.40216	0	0	0	0	0	0	0	0	0	0	0	0	0	0	0	0	0	0	0	
0.28282	0.41155	0.40006	0.36047	0.33573	0.23267	0	0	0	0	0	0	0	0	0	0	0	0	0	0	0	0	0	0	
0.2533	0.36638	0.47371	0.49698	0.32592	0.12924	0	0	0	0	0	0	0	0	0	0	0	0	0	0	0	0	0	0	
0.21044	0.38809	0.49285	0.51527	0.35498	0.1959	0.20424	0.19753	0.20033	0	0	0	0	0	0	0	0	0	0	0	0	0	0	0	
0.25969	0.42077	0.55011	0.49197	0.77686	0	0	0	0	0	0	0	0	0	0	0	0	0	0	0	0	0	0	0	
0.23579	0.38112	0.44775	0.51698	0.38237	0.36032	0.36068	0.36972	0	0	0	0	0	0	0	0	0	0	0	0	0	0	0	0	
0.21619	0.37336	0.47418	0.51159	0.43946	0.41599	0.37745	0	0	0	0	0	0	0	0	0	0	0	0	0	0	0	0	0	
0.2151	0.43133	0.47228	0.55077	0.46485	0.17325	0	0	0	0	0	0	0	0	0	0	0	0	0	0	0	0	0	0	
0.22575	0.35976	0.59129	0.44204	0.47532	0.36141	0	0	0	0	0	0	0	0	0	0	0	0	0	0	0	0	0	0	
0.24742	0.44505	0.52422	0.64454	0.69073	0.53536	0	0	0	0	0	0	0	0	0	0	0	0	0	0	0	0	0	0	
0.30017	0.39186	0.52886	0.48068	0.47924	0	0	0	0	0	0	0	0	0	0	0	0	0	0	0	0	0	0	0	
0.2123	0.35172	0.36215	0.38798	0.44259	0.3064	0.30122	0.21343	0.23299	0	0	0	0	0	0	0	0	0	0	0	0	0	0	0	
0.21673	0.32835	0.42665	0.46858	0.39285	0.34359	0.37314	0.28387	0.23284	0.23687	0.27276	0	0	0	0	0	0	0	0	0	0	0	0	0	
0.23544	0.37749	0.45986	0.47948	0.39644	0.38615	0.36601	0.40025	0.40044	0.42898	0	0	0	0	0	0	0	0	0	0	0	0	0	0	
0.23401	0.39322	0.49804	0.41788	0.36793	0.34861	0.39997	0.38301	0.41015	0	0	0	0	0	0	0	0	0	0	0	0	0	0	0	
0.27012	0.37858	0.46904	0.39169	0.39196	0.42684	0.40506	0.43295	0	0	0	0	0	0	0	0	0	0	0	0	0	0	0	0	
0.22453	0.35412	0.40135	0.41166	0.44215	0.51929	0.45453	0.20358	0.2221	0.25526	0.29157	0.2977	0	0	0	0	0	0	0	0	0	0	0	0	
0.19909	0.35049	0.41529	0.46636	0.55319	0.45878	0.22509	0.24039	0.27007	0.30336	0.30594	0	0	0	0	0	0	0	0	0	0	0	0	0	
0.27555	0.3834	0.53053	0.63742	0.51115	0.40813	0.38287	0.4095	0.3177	0.31632	0	0	0	0	0	0	0	0	0	0	0	0	0	0	
0.24566	0.42967	0.44882	0.49182	0.50757	0.49183	0.42495	0.36631	0.35035	0.25265	0	0	0	0	0	0	0	0	0	0	0	0	0	0	
0.27862	0.38439	0.45517	0.45941	0.50278	0.45874	0.45156	0.32946	0.26048	0	0	0	0	0	0	0	0	0	0	0	0	0	0	0	
0.25985	0.38414	0.39064	0.45109	0.48059	0.45324	0.22136	0	0	0	0	0	0	0	0	0	0	0	0	0	0	0	0	0	
0.2544	0.36218	0.47598	0.51067	0.49214	0.48506	0.4273	0.34943	0.38187	0.39711	0.44042	0.46159	0.47424	0.48762	0.5044	0	0	0	0	0	0	0	0	0	
0.26936	0.39369	0.64054	0.44219	0.49821	0.47029	0.50238	0.45913	0.3727	0.41439	0.43456	0.44538	0.45671	0.4714	0	0	0	0	0	0	0	0	0	0	
0.27641	0.39384	0.47189	0.46683	0.51193	0.52764	0.41916	0.34377	0.38598	0.40468	0.4124	0.42088	0.43344	0	0	0	0	0	0	0	0	0	0	0	
0.24129	0.3821	0.47677	0.47916	0.49852	0.46888	0.44727	0.35353	0.36775	0.37128	0.37712	0.39042	0	0	0	0	0	0	0	0	0	0	0	0	
0.24093	0.35008	0.47307	0.45941	0.47564	0.51538	0.58912	0.32543	0.32509	0.3323	0.35144	0	0	0	0	0	0	0	0	0	0	0	0	0	
0.19841	0.3354	0.48603	0.45162	0.51803	0.5385	0.49408	0.26904	0.28483	0.30854	0	0	0	0	0	0	0	0	0	0	0	0	0	0	
0.22873	0.41029	0.51527	0.51115	0.50454	0.46478	0.32507	0	0	0	0	0	0	0	0	0	0	0	0	0	0	0	0	0	
0.28038	0.38643	0.52083	0.45953	0.48027	0.43357	0.49737	0.23964	0	0	0	0	0	0	0	0	0	0	0	0	0	0	0	0	
0.23785	0.37712	0.47227	0.46146	0.35403	0.41568	0.19752	0	0	0	0	0	0	0	0	0	0	0	0	0	0	0	0	0	
0.25186	0.38982	0.44969	0.39977	0.47145	0.40023	0.25807	0.25308	0.23451	0	0	0	0	0	0	0	0	0	0	0	0	0	0	0	
0.26355	0.36432	0.41337	0.46747	0.42639	0.41095	0.25584	0.26059	0.17662	0	0	0	0	0	0	0	0	0	0	0	0	0	0	0	
0.20611	0.32084	0.40278	0.41925	0.47534	0.47799	0.39155	0.17667	0	0	0	0	0	0	0	0	0	0	0	0	0	0	0	0	
0.20216	0.33017	0.44719	0.48585	0.49129	0.38513	0.17333	0	0	0	0	0	0	0	0	0	0	0	0	0	0	0	0	0	
0.20565	0.3423	0.48448	0.55282	0.5973	0.56523	0.6864	0.72043	0.48605	0.54803	0.62698	0	0	0	0	0	0	0	0	0	0	0	0	0	
0.21505	0.3955	0.50926	0.47338	0.53769	0.66974	0.79651	0.73148	0.79689	0.88406	0.79116	0	0	0	0	0	0	0	0	0	0	0	0	0	
0.29034	0.40957	0.49477	0.55348	0.5768	0.58952	0.59537	0.66167	0.74821	0.76318	0.68446	0	0	0	0	0	0	0	0	0	0	0	0	0	
0.23518	0.38929	0.48848	0.50073	0.52943	0.52938	0.60749	0.69692	0.72204	0.71921	0.53775	0	0	0	0	0	0	0	0	0	0	0	0	0	
0.24845	0.43588	0.53521	0.54647	0.53031	0.53678	0.6084	0.59437	0.5118	0.55274	0	0	0	0	0	0	0	0	0	0	0	0	0	0	
0.28962	0.43424	0.48097	0.50394	0.58981	0.63765	0.69062	0.79736	0.84328	0.76677	0.83359	0	0	0	0	0	0	0	0	0	0	0	0	0	
0.25092	0.38545	0.46341	0.56248	0.65298	0.72031	0.84241	0.85244	0.73034	0.78948	0	0	0	0	0	0	0	0	0	0	0	0	0	0	
0.21883	0.40043	0.53275	0.60029	0.63394	0.65889	0.80104	0.70708	0.73732	0.37695	0.36623	0.36646	0.37827	0.40067	0.4206	0.40756	0	0	0	0	0	0	0	0	
0.28695	0.48875	0.62747	0.67196	0.67817	0.62059	0.59748	0.5306	0.57605	0.48542	0.47949	0.40517	0.42406	0.44171	0.42555	0	0	0	0	0	0	0	0	0	
0.29127	0.48166	0.5381	0.56273	0.5506	0.58954	0.67241	0.5427	0.4754	0.457	0.44288	0.46411	0.50076	0.48788	0.30021	0.30315	0.32129	0.30862	0.30337	0.30182	0.29208	0.2872	0.29436	0	
0.28062	0.39777	0.4951	0.47952	0.53545	0.56673	0.53726	0.43931	0.39081	0.39141	0.41691	0.45569	0.44064	0.27327	0.2769	0.29578	0.28602	0.27898	0.28046	0.27153	0.26864	0.27683	0	0	
0.19179	0.34382	0.43898	0.47788	0.5037	0.5089	0.43748	0.44348	0.45717	0.3952	0.43515	0.4179	0.26912	0.2716	0.29008	0.28142	0.27366	0.27663	0.26832	0.26615	0.27549	0	0	0	
0.20513	0.36473	0.46942	0.51485	0.53306	0.52505	0.53792	0.61799	0.54466	0.58263	0.40759	0.27258	0.27468	0.2929	0.285	0.27493	0.27955	0.27117	0.26977	0.28042	0	0	0	0	
0.22635	0.403	0.47032	0.47622	0.49531	0.49872	0.52964	0.50489	0.53039	0.40516	0.30133	0.26114	0.27903	0.27349	0.26326	0.27022	0.26325	0.26328	0.27585	0	0	0	0	0	
0.22444	0.3499	0.45057	0.44474	0.46045	0.50268	0.51029	0.53153	0.47486	0.32609	0.32394	0.26841	0.26485	0.25567	0.26454	0.25868	0.25967	0.27395	0	0	0	0	0	0	
0.20143	0.35341	0.40973	0.45552	0.49671	0.48029	0.52992	0.48528	0.35239	0.33053	0.2708	0.26891	0.25783	0.26912	0.26356	0.26586	0.28248	0	0	0	0	0	0	0	
0.25418	0.39329	0.46583	0.48237	0.51152	0.55278	0.55825	0.58316	0.5488	0.2685	0.26824	0.25855	0.27159	0.26653	0.26896	0.28664	0	0	0	0	0	0	0	0	
0.21471	0.35632	0.44074	0.4659	0.50773	0.52079	0.55355	0.57217	0.24591	0.24997	0.24514	0.26099	0.25784	0.26108	0.28037	0	0	0	0	0	0	0	0	0	
0.19293	0.34658	0.44394	0.49448	0.52443	0.50817	0.51287	0.43656	0.25106	0.24548	0.26644	0.26426	0.2698	0.29297	0	0	0	0	0	0	0	0	0	0	
0.19132	0.3628	0.45744	0.47644	0.50357	0.55195	0.56261	0.56857	0.53778	0.55033	0.41824	0.26702	0.29191	0	0	0	0	0	0	0	0	0	0	0	
0.26879	0.37777	0.47527	0.46245	0.51364	0.54111	0.51878	0.52006	0.55907	0.49779	0.33246	0.35344	0.24657	0	0	0	0	0	0	0	0	0	0	0	
0.20828	0.36009	0.47913	0.49166	0.5366	0.54701	0.57026	0.61302	0.51248	0.38712	0.41358	0.3612	0.31642	0	0	0	0	0	0	0	0	0	0	0	
0.21747	0.35527	0.49756	0.48194	0.50764	0.55677	0.55896	0.54493	0.52851	0.54678	0.44296	0.42201	0.29439	0	0	0	0	0	0	0	0	0	0	0	
0.17703	0.35385	0.40651	0.43755	0.48896	0.52368	0.5179	0.52296	0.51678	0.45655	0.44163	0.42164	0.38186	0.27644	0.28232	0.29061	0.28003	0.29927	0.29483	0.28928	0.28915	0.29297	0.28896	0.29292	
0.216	0.35438	0.43506	0.4715	0.5155	0.51155	0.5343	0.55489	0.53583	0.50275	0.48038	0.46996	0.3946	0.40282	0.40437	0.39866	0.40654	0.2955	0.28912	0.28894	0.29288	0.28894	0.29257	0.29426	
0.17424	0.33282	0.44145	0.46843	0.48032	0.50519	0.51023	0.52345	0.47397	0.48624	0.487	0.46148	0.45862	0.46627	0.46535	0.46146	0.43242	0.44359	0.30034	0.30408	0.29973	0.3025	0.30318	0.31506	
0.22627	0.38735	0.47702	0.46351	0.48921	0.50595	0.52222	0.4819	0.48969	0.46067	0.4302	0.4486	0.45431	0.44787	0.44999	0.42759	0.43872	0.29511	0.29942	0.29562	0.29793	0.29879	0.31272	0.32496	
0.24573	0.36573	0.46667	0.43769	0.47832	0.50021	0.45585	0.44442	0.42497	0.42166	0.4322	0.43918	0.43487	0.43972	0.42506	0.44351	0.34167	0.34462	0.2997	0.30118	0.3003	0.31399	0.32587	0.33221	
0.18934	0.32738	0.40787	0.43552	0.44366	0.42553	0.42349	0.41788	0.43596	0.46256	0.45889	0.42624	0.43977	0.45144	0.4683	0.41335	0.32171	0.27982	0.28099	0.28225	0.30016	0.31536	0.32308	0.35513	
0.1896	0.30886	0.38528	0.41033	0.39604	0.39707	0.40787	0.42362	0.44473	0.45396	0.42295	0.43558	0.47464	0.46984	0.41572	0.32053	0.28048	0.2806	0.28166	0.30099	0.31682	0.32596	0.36065	0.37756	
0.17017	0.33168	0.4766	0.41643	0.4364	0.47079	0.48342	0.48029	0.4984	0.42814	0.42386	0.44236	0.44342	0.33068	0.33418	0.2882	0.28885	0.28687	0.30243	0.3164	0.32652	0.36206	0.3792	0	
0.20784	0.3835	0.45689	0.44962	0.47745	0.49527	0.48907	0.49757	0.44697	0.44548	0.45572	0.47305	0.39686	0.32308	0.27815	0.27885	0.28229	0.30328	0.32046	0.33075	0.36861	0.38658	0	0	
0.20953	0.32698	0.49665	0.46745	0.47109	0.47041	0.48131	0.46763	0.46507	0.50627	0.45251	0.40635	0.3203	0.27658	0.27822	0.278	0.29625	0.31219	0.32321	0.36224	0.38059	0	0	0	
0.149	0.33124	0.46134	0.45555	0.48124	0.50169	0.4939	0.49886	0.54432	0.51468	0.5363	0.49936	0.51433	0.52452	0.26466	0.28485	0.3027	0.31592	0.35828	0.3786	0	0	0	0	
0.22119	0.3862	0.501	0.46128	0.50775	0.54627	0.55964	0.57392	0.53585	0.54216	0.54702	0.52265	0.53075	0.25916	0.28125	0.30075	0.31558	0.36096	0.38257	0	0	0	0	0	
0.19445	0.35054	0.43978	0.46594	0.50216	0.54567	0.55723	0.54936	0.56962	0.54505	0.54563	0.49664	0.35402	0.39162	0.41595	0.43483	0.37057	0.39398	0	0	0	0	0	0	
0.18717	0.32695	0.50501	0.43689	0.46416	0.49725	0.47062	0.47129	0.44791	0.48134	0.49755	0.3463	0.38471	0.41113	0.43217	0.3678	0.39136	0	0	0	0	0	0	0	
0.19205	0.33504	0.54747	0.46327	0.47592	0.52504	0.53719	0.54553	0.52574	0.55135	0.38972	0.42219	0.33369	0.34774	0	0	0	0	0	0	0	0	0	0	
0.16613	0.33015	0.45971	0.46354	0.48225	0.49582	0.50658	0.53883	0.53633	0.41998	0.45361	0.41274	0.43673	0.3768	0.39977	0	0	0	0	0	0	0	0	0	
0.1909	0.33129	0.46035	0.45488	0.49651	0.5134	0.53075	0.52221	0.41864	0.43931	0.41324	0.44527	0.37928	0.40211	0	0	0	0	0	0	0	0	0	0	
0.19802	0.34952	0.47986	0.47551	0.49518	0.53102	0.5517	0.54932	0.57299	0.60276	0.48133	0.44074	0.47708	0	0	0	0	0	0	0	0	0	0	0	
0.19602	0.34486	0.5312	0.4499	0.49057	0.50968	0.51946	0.51855	0.57436	0.54373	0.58645	0.4797	0	0	0	0	0	0	0	0	0	0	0	0	
0.17468	0.32213	0.45571	0.45447	0.49708	0.47968	0.45913	0.50756	0.52751	0.52848	0.58402	0	0	0	0	0	0	0	0	0	0	0	0	0	
0.19283	0.36617	0.49413	0.48161	0.46922	0.49648	0.5184	0.52153	0.48653	0.55195	0	0	0	0	0	0	0	0	0	0	0	0	0	0	
0.21838	0.35587	0.52072	0.46894	0.52369	0.54423	0.5027	0.50805	0.60551	0.48567	0	0	0	0	0	0	0	0	0	0	0	0	0	0	
0.18558	0.35546	0.4728	0.48244	0.52733	0.53181	0.44578	0.53841	0.46662	0	0	0	0	0	0	0	0	0	0	0	0	0	0	0	
0.1975	0.33809	0.49987	0.50555	0.53286	0.55536	0.6968	0.74633	0.60143	0	0	0	0	0	0	0	0	0	0	0	0	0	0	0	
0.18937	0.38605	0.48599	0.53658	0.59767	0.66757	0.71687	0.63102	0.34609	0.38147	0.39678	0.41773	0.43212	0	0	0	0	0	0	0	0	0	0	0	
0.24556	0.39669	0.48706	0.51547	0.66815	0.73206	0.77171	0.35972	0.39919	0.42091	0.44658	0.45469	0	0	0	0	0	0	0	0	0	0	0	0	
0.20944	0.35446	0.47846	0.57629	0.66114	0.66936	0.41193	0.40766	0.44685	0.48117	0.48192	0	0	0	0	0	0	0	0	0	0	0	0	0	
0.17729	0.39216	0.63876	0.64483	0.67019	0.68948	0.44775	0.42643	0.45069	0.44222	0	0	0	0	0	0	0	0	0	0	0	0	0	0	
0.29184	0.50689	0.67824	0.64109	0.64567	0.6588	0.48858	0.48365	0.46949	0	0	0	0	0	0	0	0	0	0	0	0	0	0	0	
0.31717	0.5219	0.71251	0.8099	0.90867	0.36275	0.36343	0.34943	0	0	0	0	0	0	0	0	0	0	0	0	0	0	0	0	
0.30301	0.55557	0.71219	0.76872	0.68622	0.64749	0.65219	0.35528	0.35047	0.35912	0.38546	0	0	0	0	0	0	0	0	0	0	0	0	0	
0.36188	0.5636	0.75559	0.70664	0.77316	0.70907	0.65139	0.5385	0.49758	0.47627	0.43992	0.4389	0.4828	0	0	0	0	0	0	0	0	0	0	0	
0.37935	0.60477	0.76594	0.68604	0.71583	0.59611	0.45875	0.43688	0.41083	0.38109	0.38013	0.42809	0	0	0	0	0	0	0	0	0	0	0	0	
0.36214	0.49875	0.58212	0.56688	0.63083	0.49354	0.4972	0.41345	0.35704	0.35317	0.40248	0	0	0	0	0	0	0	0	0	0	0	0	0	
0.24289	0.41565	0.53109	0.52332	0.48829	0.54864	0.43481	0.40409	0.41802	0.46609	0.32224	0.31817	0	0	0	0	0	0	0	0	0	0	0	0	
0.24958	0.42506	0.55384	0.52159	0.61974	0.56895	0.53014	0.40479	0.45414	0.32743	0.32098	0	0	0	0	0	0	0	0	0	0	0	0	0	
0.23718	0.48739	0.55603	0.61802	0.59756	0.68096	0.6061	0.55139	0.42422	0.32135	0	0	0	0	0	0	0	0	0	0	0	0	0	0	
0.35516	0.43924	0.58269	0.59686	0.61223	0.61394	0.58251	0.58165	0.52366	0.51536	0.49504	0	0	0	0	0	0	0	0	0	0	0	0	0	
0.25194	0.43541	0.56151	0.60822	0.62449	0.60389	0.67217	0.65409	0.64439	0.50543	0	0	0	0	0	0	0	0	0	0	0	0	0	0	
0.3064	0.50752	0.60093	0.59827	0.55476	0.65217	0.66367	0.65976	0.65719	0.65052	0.69464	0.2881	0.28745	0	0	0	0	0	0	0	0	0	0	0	
0.35837	0.47315	0.55586	0.55258	0.64363	0.7233	0.62639	0.62016	0.60194	0.63632	0.37816	0.39472	0	0	0	0	0	0	0	0	0	0	0	0	
0.29095	0.41574	0.48135	0.58057	0.61229	0.59466	0.59842	0.59572	0.61129	0.40118	0.40268	0	0	0	0	0	0	0	0	0	0	0	0	0	
0.20309	0.35258	0.51744	0.52532	0.54024	0.55318	0.56188	0.58928	0.37113	0.37044	0	0	0	0	0	0	0	0	0	0	0	0	0	0	
0.22946	0.48471	0.53408	0.55271	0.63567	0.52772	0.53884	0.36974	0.34921	0	0	0	0	0	0	0	0	0	0	0	0	0	0	0	
0.3926	0.488	0.5276	0.58376	0.56686	0.60606	0.42497	0.38152	0.2369	0.2263	0.21551	0.223	0.23579	0	0	0	0	0	0	0	0	0	0	0	
0.22111	0.36482	0.47138	0.5297	0.58913	0.54399	0.53899	0.56392	0.56461	0.56057	0.57744	0.31292	0.23261	0.24193	0.24959	0.28092	0.2998	0.30488	0.31597	0	0	0	0	0	
0.20568	0.38563	0.53158	0.546	0.56466	0.53298	0.50411	0.53617	0.51542	0.53161	0.30995	0.22865	0.23695	0.2471	0.28364	0.30508	0.30979	0.32319	0	0	0	0	0	0	
0.22485	0.45428	0.57904	0.54377	0.51119	0.47393	0.42831	0.43155	0.44845	0.32736	0.19762	0.20645	0.2192	0.26194	0.28742	0.29201	0.31187	0	0	0	0	0	0	0	
0.36051	0.46816	0.54048	0.5055	0.45319	0.45287	0.47629	0.45771	0.31303	0.18021	0.18817	0.20397	0.24998	0.28019	0.28472	0.31044	0	0	0	0	0	0	0	0	
0.24775	0.38203	0.42475	0.42975	0.44527	0.46156	0.4454	0.28154	0.17303	0.1818	0.20086	0.25331	0.28627	0.29283	0.31721	0	0	0	0	0	0	0	0	0	
0.21471	0.35774	0.42796	0.44649	0.42882	0.40809	0.47125	0.27942	0.29335	0.20285	0.25943	0.29353	0.29776	0.32526	0	0	0	0	0	0	0	0	0	0	
0.21641	0.3745	0.46378	0.53347	0.53058	0.54605	0.53219	0.23338	0	0	0	0	0	0	0	0	0	0	0	0	0	0	0	0	
0.27805	0.40112	0.50707	0.56076	0.51314	0.43867	0.33173	0.37459	0.43163	0.32155	0.31779	0.35063	0	0	0	0	0	0	0	0	0	0	0	0	
0.21267	0.37879	0.46248	0.52086	0.48592	0.48194	0.38943	0.45064	0.33983	0.33121	0.36521	0	0	0	0	0	0	0	0	0	0	0	0	0	
0.23663	0.38311	0.4947	0.51302	0.53149	0.43507	0.4781	0.46475	0.41808	0.4067	0.25545	0.26169	0.28284	0	0	0	0	0	0	0	0	0	0	0	
0.21154	0.41076	0.46819	0.47284	0.46365	0.49455	0.50909	0.44453	0.40564	0.2562	0.26723	0.2829	0	0	0	0	0	0	0	0	0	0	0	0	
0.27245	0.40149	0.46067	0.47768	0.54893	0.56564	0.50105	0.41622	0.25633	0.27121	0.28325	0	0	0	0	0	0	0	0	0	0	0	0	0	
0.24188	0.39269	0.44791	0.55252	0.54001	0.49194	0.41834	0.30781	0.28856	0.30222	0	0	0	0	0	0	0	0	0	0	0	0	0	0	
0.25586	0.44723	0.5996	0.54515	0.55908	0.56236	0.56679	0.47545	0.42271	0.34172	0	0	0	0	0	0	0	0	0	0	0	0	0	0	
0.3547	0.57503	0.64172	0.58332	0.53785	0.53862	0.45248	0.40443	0.37779	0	0	0	0	0	0	0	0	0	0	0	0	0	0	0	
0.3922	0.48781	0.52839	0.50701	0.50647	0.45691	0.43812	0.44437	0.34201	0	0	0	0	0	0	0	0	0	0	0	0	0	0	0	
0.2765	0.4326	0.49436	0.56966	0.57162	0.59616	0.61354	0.47945	0.35078	0	0	0	0	0	0	0	0	0	0	0	0	0	0	0	
0.23292	0.40819	0.66543	0.5237	0.50099	0.52253	0.5424	0.51191	0.25125	0.2477	0.26094	0.24919	0.23591	0	0	0	0	0	0	0	0	0	0	0	
0.26831	0.44096	0.49519	0.55408	0.56402	0.58943	0.50014	0.47461	0.40728	0.43185	0.44916	0.45757	0	0	0	0	0	0	0	0	0	0	0	0	
0.25821	0.44293	0.66032	0.58425	0.60666	0.59236	0.55452	0.40132	0.42033	0.43653	0.44379	0	0	0	0	0	0	0	0	0	0	0	0	0	
0.29869	0.60337	0.6618	0.59337	0.56774	0.53976	0.53903	0.42178	0.43863	0.44509	0	0	0	0	0	0	0	0	0	0	0	0	0	0	
0.53073	0.63416	0.63424	0.61306	0.62926	0.56167	0.48413	0.44923	0.45715	0	0	0	0	0	0	0	0	0	0	0	0	0	0	0	
0.42498	0.54157	0.57126	0.61596	0.56028	0.56807	0.5014	0.44603	0	0	0	0	0	0	0	0	0	0	0	0	0	0	0	0	
0.34926	0.48277	0.56957	0.58241	0.57597	0.45573	0.42103	0	0	0	0	0	0	0	0	0	0	0	0	0	0	0	0	0	
0.27879	0.50764	0.55684	0.56731	0.52533	0.44566	0.38272	0.3677	0.47727	0	0	0	0	0	0	0	0	0	0	0	0	0	0	0	
0.41383	0.48963	0.52141	0.53436	0.46603	0.36717	0.3462	0.46597	0	0	0	0	0	0	0	0	0	0	0	0	0	0	0	0	
0.22549	0.36712	0.43468	0.40384	0.44391	0.57354	0.41256	0.50378	0.56502	0.17054	0	0	0	0	0	0	0	0	0	0	0	0	0	0	
0.26379	0.38274	0.44411	0.47599	0.51331	0.57636	0.49713	0.5705	0.17922	0	0	0	0	0	0	0	0	0	0	0	0	0	0	0	
0.19927	0.34279	0.4524	0.5464	0.65341	0.59111	0.64609	0.26438	0.20911	0.20628	0	0	0	0	0	0	0	0	0	0	0	0	0	0	
0.19527	0.3873	0.56407	0.59448	0.5924	0.64477	0.44737	0.49167	0.5499	0.67884	0.95721	0	0	0	0	0	0	0	0	0	0	0	0	0	
0.2099	0.43272	0.52136	0.54413	0.58203	0.41359	0.46554	0.51637	0.60914	0.82603	0.25879	0.25205	0.24685	0	0	0	0	0	0	0	0	0	0	0	
0.39359	0.47924	0.52965	0.59612	0.58625	0.61381	0.52673	0.56977	0.73402	0.32909	0.26886	0.26104	0	0	0	0	0	0	0	0	0	0	0	0	
0.2316	0.4531	0.55183	0.56589	0.53637	0.4741	0.50102	0.6465	0.67654	0.2481	0.24056	0	0	0	0	0	0	0	0	0	0	0	0	0	
0.35926	0.48805	0.53866	0.48417	0.41932	0.43932	0.53578	0.33906	0.32266	0.24153	0	0	0	0	0	0	0	0	0	0	0	0	0	0	
0.28426	0.45101	0.50086	0.46343	0.49077	0.45083	0.4742	0.29522	0.20201	0	0	0	0	0	0	0	0	0	0	0	0	0	0	0	
0.31857	0.45177	0.55144	0.58696	0.49952	0.46697	0.38496	0.20335	0	0	0	0	0	0	0	0	0	0	0	0	0	0	0	0	
0.26209	0.49054	0.52986	0.50819	0.5099	0.50411	0.61993	0.38275	0	0	0	0	0	0	0	0	0	0	0	0	0	0	0	0	
0.43377	0.49511	0.5373	0.5046	0.53595	0.64383	0.54539	0.45092	0.24869	0	0	0	0	0	0	0	0	0	0	0	0	0	0	0	
0.23017	0.37475	0.50507	0.49029	0.58207	0.53479	0.49171	0.43341	0	0	0	0	0	0	0	0	0	0	0	0	0	0	0	0	
0.22687	0.46316	0.54581	0.55998	0.5232	0.48696	0.47447	0	0	0	0	0	0	0	0	0	0	0	0	0	0	0	0	0	
0.38796	0.47659	0.56796	0.555	0.61677	0.50371	0	0	0	0	0	0	0	0	0	0	0	0	0	0	0	0	0	0	
0.28488	0.50362	0.57214	0.52897	0.45784	0.41202	0	0	0	0	0	0	0	0	0	0	0	0	0	0	0	0	0	0	
0.38315	0.47158	0.50703	0.51085	0.4753	0	0	0	0	0	0	0	0	0	0	0	0	0	0	0	0	0	0	0	
0.28913	0.43555	0.48399	0.41034	0.33199	0.20407	0	0	0	0	0	0	0	0	0	0	0	0	0	0	0	0	0	0	
0.32993	0.44285	0.42019	0.48491	0.39924	0.38506	0.42734	0.42639	0	0	0	0	0	0	0	0	0	0	0	0	0	0	0	0	
0.2738	0.41047	0.58391	0.47948	0.4597	0.55284	0.59062	0.46319	0	0	0	0	0	0	0	0	0	0	0	0	0	0	0	0	
0.25052	0.58501	0.574	0.52978	0.60578	0.64852	0.47369	0.27374	0.27192	0.29099	0	0	0	0	0	0	0	0	0	0	0	0	0	0	
0.48117	0.56598	0.63455	0.58605	0.65575	0.38032	0.38273	0.27452	0.29075	0	0	0	0	0	0	0	0	0	0	0	0	0	0	0	
0.23499	0.38628	0.50426	0.6237	0.50903	0.49623	0.46385	0.48418	0	0	0	0	0	0	0	0	0	0	0	0	0	0	0	0	
0.26131	0.46845	0.59234	0.52078	0.55057	0.49765	0.5426	0	0	0	0	0	0	0	0	0	0	0	0	0	0	0	0	0	
0.37218	0.51188	0.5231	0.6006	0.59253	0.67216	0.34257	0	0	0	0	0	0	0	0	0	0	0	0	0	0	0	0	0	
0.37045	0.51212	0.61791	0.6266	0.70183	0.89294	0.14167	0.1461	0	0	0	0	0	0	0	0	0	0	0	0	0	0	0	0	
0.37008	0.46576	0.52331	0.61423	0.67745	0.53093	0.40331	0.4514	0.44685	0.27871	0	0	0	0	0	0	0	0	0	0	0	0	0	0	
0.29105	0.38334	0.51481	0.55649	0.56978	0.47822	0.46778	0.46476	0.23045	0	0	0	0	0	0	0	0	0	0	0	0	0	0	0	
0.25226	0.43792	0.5459	0.51074	0.49102	0.46335	0.49832	0.406	0.43179	0.49979	0	0	0	0	0	0	0	0	0	0	0	0	0	0	
0.35309	0.43496	0.49312	0.48883	0.47364	0.51551	0.48079	0.47198	0.49424	0.26768	0.28013	0.27415	0.2697	0.2566	0.25039	0.25372	0.25352	0	0	0	0	0	0	0	
0.24873	0.4731	0.48001	0.50881	0.55985	0.53798	0.56001	0.59881	0.50568	0.51977	0.27478	0.27016	0.25491	0.24986	0.25217	0.25107	0	0	0	0	0	0	0	0	
0.40573	0.49457	0.55769	0.59148	0.61533	0.62127	0.70541	0.67565	0.53297	0.28874	0.2835	0.26533	0.26036	0.26081	0.25816	0	0	0	0	0	0	0	0	0	
0.22957	0.47768	0.53125	0.53336	0.53424	0.64768	0.59457	0.50342	0.28074	0.27398	0.25765	0.25142	0.25352	0.25168	0	0	0	0	0	0	0	0	0	0	
0.4286	0.49253	0.57865	0.55479	0.72218	0.66685	0.52143	0.26396	0.2604	0.24018	0.23606	0.23746	0.23564	0	0	0	0	0	0	0	0	0	0	0	
0.24076	0.46792	0.53258	0.65178	0.6921	0.70634	0.26108	0.25463	0.23573	0.2278	0.23193	0.23073	0	0	0	0	0	0	0	0	0	0	0	0	
0.40816	0.4923	0.56354	0.59229	0.71022	0.55094	0.59511	0.29218	0.2845	0.28966	0.29223	0	0	0	0	0	0	0	0	0	0	0	0	0	
0.26975	0.42085	0.49156	0.61311	0.55283	0.57044	0.39975	0.31538	0.2749	0.27497	0	0	0	0	0	0	0	0	0	0	0	0	0	0	
0.34594	0.43125	0.62398	0.61989	0.63931	0.5712	0.44211	0.32055	0.31343	0.23147	0	0	0	0	0	0	0	0	0	0	0	0	0	0	
0.21241	0.57598	0.60197	0.5686	0.5366	0.50981	0.48026	0.42682	0.40229	0	0	0	0	0	0	0	0	0	0	0	0	0	0	0	
0.49431	0.56723	0.56527	0.51479	0.48765	0.48032	0.47392	0.49337	0.41161	0.43036	0.50135	0.53095	0.59739	0.64822	0	0	0	0	0	0	0	0	0	0	
0.24141	0.38574	0.40021	0.4251	0.40488	0.38715	0.45723	0.37318	0.39827	0.46651	0.4907	0.55458	0.60374	0	0	0	0	0	0	0	0	0	0	0	
0.26333	0.39257	0.42604	0.39564	0.4015	0.41096	0.40297	0.48276	0.48631	0.50472	0.56493	0.61042	0	0	0	0	0	0	0	0	0	0	0	0	
0.2554	0.42264	0.48036	0.49455	0.505	0.49375	0.47877	0.44319	0.45897	0.50206	0.59503	0	0	0	0	0	0	0	0	0	0	0	0	0	
0.36713	0.45499	0.47573	0.5233	0.50675	0.4879	0.42848	0.41364	0.45916	0.53948	0	0	0	0	0	0	0	0	0	0	0	0	0	0	
0.2624	0.4283	0.63985	0.55038	0.51161	0.4709	0.37548	0.2265	0	0	0	0	0	0	0	0	0	0	0	0	0	0	0	0	
0.34947	0.46322	0.5732	0.55039	0.52953	0.51408	0.45911	0.4576	0	0	0	0	0	0	0	0	0	0	0	0	0	0	0	0	
0.31018	0.49956	0.51594	0.50919	0.55798	0.52236	0.57164	0.52981	0.4688	0.47926	0.48043	0.33555	0.36037	0.38573	0	0	0	0	0	0	0	0	0	0	
0.36613	0.45473	0.46239	0.49991	0.54715	0.47945	0.49683	0.48851	0.49122	0.4892	0.33134	0.36031	0.39229	0	0	0	0	0	0	0	0	0	0	0	
0.2349	0.37733	0.4426	0.49134	0.48767	0.43174	0.44527	0.44064	0.47706	0.29662	0.33335	0.37466	0	0	0	0	0	0	0	0	0	0	0	0	
0.32603	0.44015	0.50816	0.51213	0.46897	0.4191	0.4075	0.45458	0.29073	0.32903	0.37818	0	0	0	0	0	0	0	0	0	0	0	0	0	
0.27377	0.38872	0.41194	0.45783	0.41914	0.39666	0.44811	0.39121	0.42869	0.44387	0.46392	0	0	0	0	0	0	0	0	0	0	0	0	0	
0.25904	0.36447	0.42148	0.39335	0.39012	0.40927	0.37979	0.43506	0.47383	0.42051	0.18683	0	0	0	0	0	0	0	0	0	0	0	0	0	
0.21923	0.37289	0.41591	0.39835	0.41154	0.36328	0.40595	0.44121	0.39566	0.16169	0	0	0	0	0	0	0	0	0	0	0	0	0	0	
0.23394	0.38825	0.43555	0.4716	0.39769	0.36766	0.38067	0.37389	0.27613	0.26548	0.28051	0	0	0	0	0	0	0	0	0	0	0	0	0	
0.26494	0.40739	0.42618	0.43968	0.42222	0.46387	0.45199	0.27728	0.26607	0.27784	0	0	0	0	0	0	0	0	0	0	0	0	0	0	
0.24084	0.36933	0.42257	0.38825	0.43525	0.39913	0.30459	0.32747	0.34216	0	0	0	0	0	0	0	0	0	0	0	0	0	0	0	
0.23027	0.37323	0.40589	0.46088	0.41504	0.39499	0.43169	0.4173	0.18876	0.19236	0.19552	0.18833	0.17775	0	0	0	0	0	0	0	0	0	0	0	
0.22039	0.39937	0.46144	0.42869	0.45294	0.42168	0.43037	0.35384	0.35348	0.35268	0.17474	0.16291	0	0	0	0	0	0	0	0	0	0	0	0	
0.27322	0.37448	0.45827	0.46173	0.4483	0.46638	0.42695	0.45878	0.44986	0.36901	0.27076	0.26084	0.28525	0.30694	0.3013	0.29048	0.2967	0.32111	0.30641	0.3246	0.33103	0	0	0	
0.21071	0.3621	0.42187	0.43335	0.45402	0.413	0.44922	0.42566	0.32182	0.26549	0.26806	0.29143	0.31403	0.3061	0.29304	0.29848	0.32491	0.30904	0.32764	0.33381	0	0	0	0	
0.27757	0.37683	0.42579	0.46643	0.45964	0.45562	0.4463	0.36934	0.26463	0.26965	0.29586	0.3158	0.30763	0.29334	0.29753	0.323	0.30753	0.32676	0.33196	0	0	0	0	0	
0.2495	0.36597	0.44486	0.48255	0.50881	0.49937	0.3823	0.35343	0.41436	0.29303	0.31971	0.30986	0.2941	0.30013	0.33055	0.31273	0.33316	0.33972	0	0	0	0	0	0	
0.21867	0.3543	0.41714	0.4424	0.48152	0.39212	0.42015	0.50652	0.30275	0.33151	0.31781	0.2985	0.30323	0.33617	0.31744	0.33784	0.34373	0	0	0	0	0	0	0	
0.2143	0.37423	0.41876	0.45661	0.4079	0.48805	0.53329	0.33073	0.39407	0.30552	0.28496	0.29165	0.33544	0.31578	0.33634	0.34414	0	0	0	0	0	0	0	0	
0.25208	0.37804	0.46602	0.45546	0.52265	0.51123	0.39073	0.39152	0.37715	0.34411	0.28181	0.33402	0.31547	0.33523	0.34643	0	0	0	0	0	0	0	0	0	
0.20398	0.38987	0.42174	0.49011	0.50014	0.40702	0.40689	0.38613	0.36734	0.27644	0.32997	0.30797	0.33157	0.34034	0	0	0	0	0	0	0	0	0	0	
0.26814	0.35917	0.45074	0.47283	0.43314	0.49148	0.50805	0.55517	0.29252	0.34012	0.3279	0.38369	0.43528	0	0	0	0	0	0	0	0	0	0	0	
0.24198	0.43477	0.46459	0.48916	0.52651	0.51144	0.54817	0.47233	0.48591	0.50987	0.55038	0.44831	0	0	0	0	0	0	0	0	0	0	0	0	
0.29155	0.37315	0.43707	0.45924	0.47513	0.50293	0.44014	0.47649	0.49256	0.54445	0.46671	0	0	0	0	0	0	0	0	0	0	0	0	0	
0.17438	0.33383	0.40716	0.45648	0.49629	0.45451	0.48141	0.44107	0.5127	0.46215	0	0	0	0	0	0	0	0	0	0	0	0	0	0	
0.22384	0.41037	0.45945	0.49511	0.48208	0.52349	0.47842	0.55715	0.54696	0	0	0	0	0	0	0	0	0	0	0	0	0	0	0	
0.26558	0.43317	0.50344	0.49898	0.55273	0.51471	0.59924	0.56756	0	0	0	0	0	0	0	0	0	0	0	0	0	0	0	0	
0.28486	0.43521	0.49377	0.52328	0.5265	0.57003	0.5575	0.48656	0.30635	0	0	0	0	0	0	0	0	0	0	0	0	0	0	0	
0.31694	0.43287	0.50941	0.50068	0.56899	0.59719	0.53736	0.5211	0.50613	0.29665	0.30524	0.31986	0.31165	0.3292	0.31747	0.31699	0.31373	0.30823	0.30226	0.30158	0	0	0	0	
0.25221	0.39439	0.4559	0.51439	0.56972	0.57866	0.58602	0.4362	0.47241	0.28497	0.30358	0.29517	0.3146	0.3042	0.30537	0.3021	0.29754	0.29131	0.29049	0	0	0	0	0	
0.2275	0.37571	0.5011	0.54727	0.60026	0.60453	0.6354	0.57038	0.60643	0.54309	0.27496	0.29319	0.28743	0.28823	0.288	0.28674	0.28162	0.28166	0	0	0	0	0	0	
0.24254	0.49592	0.58217	0.61319	0.61576	0.62749	0.57963	0.60982	0.58864	0.43906	0.47798	0.26646	0.26578	0.27218	0.27644	0.27431	0.27691	0	0	0	0	0	0	0	
0.38339	0.49668	0.54171	0.52024	0.53999	0.56094	0.61825	0.59777	0.4593	0.4088	0.23146	0.23434	0.24262	0.25108	0.25326	0.25927	0	0	0	0	0	0	0	0	
0.28251	0.38386	0.40219	0.42894	0.5155	0.60861	0.61986	0.45503	0.379	0.21763	0.22239	0.23237	0.2415	0.24143	0.24598	0	0	0	0	0	0	0	0	0	
0.25718	0.32386	0.3834	0.48989	0.57205	0.60154	0.48363	0.44676	0.40797	0.23963	0.24682	0.25314	0.24975	0.2513	0	0	0	0	0	0	0	0	0	0	
0.22319	0.34067	0.48679	0.61306	0.64492	0.56768	0.54669	0.49587	0.40951	0.25561	0.26306	0.25706	0.25575	0	0	0	0	0	0	0	0	0	0	0	
0.22307	0.43525	0.64172	0.69236	0.64762	0.50103	0.47357	0.52403	0.55817	0.59731	0.24968	0.2498	0	0	0	0	0	0	0	0	0	0	0	0	
0.36405	0.61671	0.68924	0.67074	0.65335	0.65457	0.55877	0.63409	0.62646	0.26262	0.25752	0	0	0	0	0	0	0	0	0	0	0	0	0	
0.42054	0.50512	0.53419	0.58537	0.61514	0.50884	0.58981	0.5741	0.24714	0.23816	0	0	0	0	0	0	0	0	0	0	0	0	0	0	
0.23233	0.37016	0.70132	0.571	0.54112	0.57352	0.52712	0.39164	0.38337	0	0	0	0	0	0	0	0	0	0	0	0	0	0	0	
0.23334	0.59295	0.65328	0.57757	0.57574	0.48564	0.38986	0.38245	0.19544	0.23275	0.26167	0.27198	0	0	0	0	0	0	0	0	0	0	0	0	
0.50029	0.70046	0.69521	0.58851	0.49022	0.4188	0.32084	0.19069	0.2293	0.25853	0.26646	0	0	0	0	0	0	0	0	0	0	0	0	0	
0.23649	0.52659	0.50735	0.54822	0.59305	0.47936	0.38117	0.42726	0.51031	0.2592	0	0	0	0	0	0	0	0	0	0	0	0	0	0	
0.37563	0.45888	0.49508	0.52853	0.47943	0.54399	0.54512	0.61152	0.3713	0	0	0	0	0	0	0	0	0	0	0	0	0	0	0	
0.22402	0.40435	0.46877	0.45497	0.56645	0.60974	0.70582	0.54365	0	0	0	0	0	0	0	0	0	0	0	0	0	0	0	0	
0.30918	0.43915	0.45514	0.54217	0.59226	0.67278	0.62492	0.61308	0.5714	0	0	0	0	0	0	0	0	0	0	0	0	0	0	0	
0.27065	0.35832	0.56882	0.5891	0.60853	0.57355	0.54284	0.52275	0	0	0	0	0	0	0	0	0	0	0	0	0	0	0	0	
0.23601	0.51924	0.61961	0.59158	0.59117	0.55985	0.55293	0.50699	0.43762	0.4512	0.43972	0.44579	0	0	0	0	0	0	0	0	0	0	0	0	
0.4511	0.55259	0.6142	0.60029	0.60299	0.65249	0.56217	0.55758	0.38059	0.36453	0.3655	0	0	0	0	0	0	0	0	0	0	0	0	0	
0.33975	0.431	0.51112	0.48323	0.54861	0.51452	0.56662	0.55914	0.54426	0.27286	0	0	0	0	0	0	0	0	0	0	0	0	0	0	
0.2374	0.38253	0.44775	0.48529	0.51774	0.5205	0.56382	0.54269	0.3647	0	0	0	0	0	0	0	0	0	0	0	0	0	0	0	
0.24969	0.37531	0.45981	0.46593	0.48654	0.5096	0.50993	0.40279	0.33922	0.33444	0.21427	0.25207	0	0	0	0	0	0	0	0	0	0	0	0	
0.21828	0.35104	0.43294	0.43649	0.54754	0.44453	0.35941	0.30232	0.29817	0.19963	0.24031	0	0	0	0	0	0	0	0	0	0	0	0	0	
0.21678	0.33415	0.44182	0.43504	0.46113	0.33745	0.33116	0.35267	0.32423	0.40328	0.42376	0.43153	0	0	0	0	0	0	0	0	0	0	0	0	
0.21134	0.38062	0.44874	0.46927	0.45694	0.47557	0.46822	0.47069	0.40599	0.42425	0.42049	0.28316	0.27998	0	0	0	0	0	0	0	0	0	0	0	
0.24386	0.37355	0.42021	0.39327	0.41546	0.46988	0.39886	0.40537	0.39412	0.39467	0.28015	0.2742	0	0	0	0	0	0	0	0	0	0	0	0	
0.20713	0.34927	0.42985	0.45402	0.50273	0.47329	0.47933	0.44193	0.34899	0.37721	0.38789	0	0	0	0	0	0	0	0	0	0	0	0	0	
0.22214	0.36823	0.42956	0.45285	0.44197	0.44012	0.40823	0.36945	0.37519	0.36292	0	0	0	0	0	0	0	0	0	0	0	0	0	0	
0.25105	0.37992	0.46753	0.44986	0.47336	0.47551	0.42236	0.46491	0.39651	0	0	0	0	0	0	0	0	0	0	0	0	0	0	0	
0.22461	0.36483	0.42766	0.4461	0.47016	0.42868	0.474	0.40854	0.32596	0	0	0	0	0	0	0	0	0	0	0	0	0	0	0	
0.20204	0.33979	0.4271	0.43661	0.4327	0.49258	0.51909	0.59248	0	0	0	0	0	0	0	0	0	0	0	0	0	0	0	0	
0.20083	0.37996	0.45132	0.44024	0.4791	0.54317	0.49669	0.2502	0.27398	0.30424	0	0	0	0	0	0	0	0	0	0	0	0	0	0	
0.26487	0.3783	0.45514	0.49754	0.57237	0.54673	0.33804	0.35838	0.39578	0	0	0	0	0	0	0	0	0	0	0	0	0	0	0	
0.21959	0.3936	0.51088	0.50644	0.52657	0.46668	0.4265	0.4781	0.38041	0.20663	0.20833	0.21503	0.20841	0	0	0	0	0	0	0	0	0	0	0	
0.25063	0.42991	0.46837	0.46709	0.46639	0.44744	0.48148	0.49374	0.42218	0.20479	0.2127	0.2078	0	0	0	0	0	0	0	0	0	0	0	0	
0.33832	0.43985	0.56167	0.49958	0.50322	0.50721	0.54576	0.58071	0.63016	0.21844	0.21101	0	0	0	0	0	0	0	0	0	0	0	0	0	
0.24261	0.3588	0.53316	0.46224	0.47581	0.45646	0.47922	0.52211	0.34452	0.33555	0	0	0	0	0	0	0	0	0	0	0	0	0	0	
0.21246	0.3493	0.41808	0.44288	0.42924	0.46694	0.49142	0.35428	0.33256	0	0	0	0	0	0	0	0	0	0	0	0	0	0	0	
0.21506	0.33996	0.44391	0.42254	0.45118	0.48395	0.36528	0.36969	0.3605	0.26957	0.16636	0.17704	0.18478	0.20214	0	0	0	0	0	0	0	0	0	0	
0.22529	0.34768	0.42451	0.45274	0.50189	0.47534	0.44966	0.47009	0.30248	0.15594	0.17343	0.18129	0.19978	0	0	0	0	0	0	0	0	0	0	0	
0.21594	0.35642	0.47166	0.46868	0.42209	0.40875	0.43578	0.4133	0.38484	0.37834	0.17522	0.19521	0	0	0	0	0	0	0	0	0	0	0	0	
0.22573	0.38582	0.44309	0.45878	0.50421	0.49102	0.41254	0.37381	0.36879	0.16087	0.18175	0	0	0	0	0	0	0	0	0	0	0	0	0	
0.24737	0.3856	0.4907	0.47136	0.52212	0.48891	0.51191	0.40839	0.15033	0.17045	0	0	0	0	0	0	0	0	0	0	0	0	0	0	
0.26457	0.37779	0.46871	0.50756	0.4917	0.56846	0.5242	0.47899	0.51602	0	0	0	0	0	0	0	0	0	0	0	0	0	0	0	
0.21659	0.35237	0.44468	0.43817	0.4698	0.45449	0.47229	0.52091	0.38159	0.37349	0.38449	0.36688	0.37525	0	0	0	0	0	0	0	0	0	0	0	
0.21142	0.37445	0.46103	0.48483	0.476	0.45684	0.51225	0.53536	0.37723	0.38899	0.38148	0.38801	0	0	0	0	0	0	0	0	0	0	0	0	
0.22507	0.3666	0.46018	0.44939	0.4921	0.57818	0.65406	0.63386	0.45056	0.51496	0.51012	0.42865	0	0	0	0	0	0	0	0	0	0	0	0	
0.23477	0.36622	0.46793	0.45541	0.52731	0.52228	0.50547	0.46143	0.50699	0.53693	0.4491	0	0	0	0	0	0	0	0	0	0	0	0	0	
0.22357	0.41052	0.47054	0.53031	0.56491	0.63841	0.5572	0.53129	0.56165	0.47999	0	0	0	0	0	0	0	0	0	0	0	0	0	0	
0.28834	0.42919	0.51172	0.55531	0.61871	0.56683	0.59902	0.71115	0.71051	0	0	0	0	0	0	0	0	0	0	0	0	0	0	0	
0.2588	0.42092	0.56029	0.56736	0.54464	0.53025	0.63224	0.60547	0	0	0	0	0	0	0	0	0	0	0	0	0	0	0	0	
0.2491	0.43679	0.53442	0.53305	0.58878	0.49356	0.5219	0.23113	0.26853	0	0	0	0	0	0	0	0	0	0	0	0	0	0	0	
0.32897	0.44303	0.504	0.53975	0.51538	0.5112	0.21759	0.25421	0	0	0	0	0	0	0	0	0	0	0	0	0	0	0	0	
0.24662	0.36796	0.56526	0.43758	0.42352	0.46582	0.53487	0.57154	0	0	0	0	0	0	0	0	0	0	0	0	0	0	0	0	
0.24136	0.40083	0.46981	0.47247	0.50592	0.58884	0.65778	0.23369	0.25309	0.30285	0.30226	0.30411	0	0	0	0	0	0	0	0	0	0	0	0	
0.26001	0.39072	0.48343	0.53696	0.65218	0.62245	0.52315	0.58346	0.68357	0.3138	0.31481	0	0	0	0	0	0	0	0	0	0	0	0	0	
0.24032	0.43464	0.54387	0.63783	0.64017	0.66084	0.58502	0.5104	0.38226	0.37838	0	0	0	0	0	0	0	0	0	0	0	0	0	0	
0.30785	0.49554	0.62074	0.60726	0.6787	0.57368	0.4933	0.37796	0.36776	0	0	0	0	0	0	0	0	0	0	0	0	0	0	0	
0.32104	0.50382	0.57771	0.58039	0.58697	0.68394	0.69606	0.52904	0	0	0	0	0	0	0	0	0	0	0	0	0	0	0	0	
0.31203	0.46849	0.52288	0.49572	0.59282	0.66022	0.48355	0.42733	0.35558	0.38797	0	0	0	0	0	0	0	0	0	0	0	0	0	0	
0.27571	0.43389	0.53686	0.60923	0.64094	0.46395	0.48835	0.51397	0.54731	0.47316	0.46814	0	0	0	0	0	0	0	0	0	0	0	0	0	
0.23812	0.42862	0.56321	0.56184	0.47668	0.5394	0.46755	0.48842	0.42511	0.42937	0	0	0	0	0	0	0	0	0	0	0	0	0	0	
0.28605	0.44786	0.53193	0.47677	0.54266	0.56726	0.61928	0.55918	0.44365	0	0	0	0	0	0	0	0	0	0	0	0	0	0	0	
0.31926	0.44053	0.50123	0.58344	0.60357	0.54025	0.50536	0.4565	0	0	0	0	0	0	0	0	0	0	0	0	0	0	0	0	
0.30296	0.43137	0.58643	0.55759	0.56223	0.56052	0.48134	0.40901	0	0	0	0	0	0	0	0	0	0	0	0	0	0	0	0	
0.2511	0.48942	0.57421	0.5565	0.63322	0.64064	0.41504	0.30769	0	0	0	0	0	0	0	0	0	0	0	0	0	0	0	0	
0.42317	0.56147	0.55003	0.53161	0.56135	0.39059	0	0	0	0	0	0	0	0	0	0	0	0	0	0	0	0	0	0	
0.35522	0.45802	0.54525	0.66929	0.68518	0.61672	0.67037	0	0	0	0	0	0	0	0	0	0	0	0	0	0	0	0	0	
0.3217	0.45437	0.6172	0.55617	0.56866	0.65736	0.62585	0.70562	0	0	0	0	0	0	0	0	0	0	0	0	0	0	0	0	
0.28668	0.54616	0.63299	0.59722	0.64542	0.61464	0.67189	0.41333	0.47825	0.52339	0.24699	0	0	0	0	0	0	0	0	0	0	0	0	0	
0.43358	0.55648	0.58821	0.59388	0.64966	0.77504	0.47714	0.50408	0.31757	0.31799	0	0	0	0	0	0	0	0	0	0	0	0	0	0	
0.34321	0.4533	0.58902	0.54384	0.60427	0.54807	0.53671	0.52863	0.46247	0.47327	0.49325	0.51145	0.51586	0.50388	0.49966	0.52055	0.51407	0.53482	0.54722	0.5706	0.52045	0.54012	0	0	
0.35024	0.48251	0.52279	0.54007	0.56171	0.52895	0.5304	0.5062	0.54314	0.55949	0.5705	0.60067	0.59964	0.5866	0.61365	0.60143	0.52348	0.53496	0.55831	0.50252	0.52312	0	0	0	
0.31621	0.43752	0.59373	0.60074	0.61752	0.68972	0.72216	0.51425	0.53885	0.55727	0.59506	0.59661	0.57951	0.6076	0.59344	0.50465	0.5154	0.53957	0.47993	0.50125	0	0	0	0	
0.30548	0.49823	0.58349	0.62761	0.62455	0.61768	0.49344	0.53942	0.55571	0.59054	0.57972	0.55639	0.59127	0.57799	0.47966	0.48936	0.51998	0.4505	0.47225	0	0	0	0	0	
0.39323	0.50055	0.60443	0.5563	0.49978	0.43637	0.46794	0.50801	0.54426	0.51594	0.48932	0.53391	0.52847	0.45207	0.46209	0.4951	0.42905	0.45135	0	0	0	0	0	0	
0.28626	0.52757	0.56284	0.52244	0.45279	0.4544	0.46526	0.52784	0.4963	0.46418	0.51276	0.51256	0.44971	0.45788	0.49385	0.43174	0.45327	0	0	0	0	0	0	0	
0.40486	0.49215	0.55226	0.47723	0.45067	0.46646	0.53609	0.53718	0.5556	0.58885	0.60638	0.47359	0	0	0	0	0	0	0	0	0	0	0	0	
0.25966	0.42375	0.45602	0.45264	0.47586	0.55145	0.58999	0.55219	0.60234	0.62546	0.56663	0.37243	0.38897	0.40259	0.42422	0	0	0	0	0	0	0	0	0	
0.26849	0.37826	0.43151	0.5011	0.58763	0.54897	0.50828	0.54845	0.55186	0.59453	0.47934	0.49019	0.41151	0.4332	0	0	0	0	0	0	0	0	0	0	
0.23464	0.35189	0.47925	0.51501	0.49725	0.50242	0.53978	0.55062	0.52037	0.38008	0.4033	0.27739	0	0	0	0	0	0	0	0	0	0	0	0	
0.23078	0.39009	0.51464	0.49086	0.52242	0.59579	0.54708	0.58101	0.49862	0.53783	0.47315	0.44088	0	0	0	0	0	0	0	0	0	0	0	0	
0.25055	0.42787	0.54395	0.47697	0.57837	0.54626	0.53812	0.47748	0.51352	0.47228	0.43951	0	0	0	0	0	0	0	0	0	0	0	0	0	
0.22098	0.44361	0.44882	0.52572	0.54148	0.54338	0.52433	0.55101	0.55883	0.45319	0	0	0	0	0	0	0	0	0	0	0	0	0	0	
0.33745	0.43374	0.5742	0.54931	0.5611	0.55653	0.55781	0.57323	0.56589	0.45522	0.45867	0.28506	0.29139	0	0	0	0	0	0	0	0	0	0	0	
0.22513	0.50995	0.58632	0.65334	0.60945	0.57986	0.58895	0.56051	0.41867	0.42329	0.28581	0.29044	0	0	0	0	0	0	0	0	0	0	0	0	
0.44707	0.56185	0.68066	0.60515	0.57091	0.57629	0.48539	0	0	0	0	0	0	0	0	0	0	0	0	0	0	0	0	0	
0.25366	0.50436	0.5676	0.5954	0.58267	0.48929	0.4428	0.4367	0.31673	0.32128	0	0	0	0	0	0	0	0	0	0	0	0	0	0	
0.44183	0.53696	0.62139	0.5815	0.55081	0.53872	0.53937	0.43914	0.37209	0.26414	0.27073	0.26926	0	0	0	0	0	0	0	0	0	0	0	0	
0.30491	0.63481	0.66279	0.61842	0.57133	0.56994	0.6336	0.66162	0.68504	0.57123	0.56979	0.40551	0	0	0	0	0	0	0	0	0	0	0	0	
0.53312	0.6075	0.65179	0.6341	0.62573	0.62035	0.64685	0.65995	0.54615	0.54577	0.41137	0	0	0	0	0	0	0	0	0	0	0	0	0	
0.22233	0.35493	0.42276	0.46804	0.57563	0.64736	0.61106	0.5241	0.52984	0.42464	0	0	0	0	0	0	0	0	0	0	0	0	0	0	
0.2328	0.36426	0.47142	0.56897	0.62128	0.55145	0.49923	0.46093	0.45752	0.35708	0.37603	0	0	0	0	0	0	0	0	0	0	0	0	0	
0.23919	0.41176	0.55029	0.56378	0.56568	0.5089	0.53561	0.62532	0.41267	0.38116	0	0	0	0	0	0	0	0	0	0	0	0	0	0	
0.3198	0.44895	0.49453	0.53359	0.51268	0.52397	0.56653	0.42158	0.38892	0	0	0	0	0	0	0	0	0	0	0	0	0	0	0	
0.31396	0.41462	0.51599	0.52775	0.53731	0.50501	0.38107	0.33226	0.17638	0.18197	0.22952	0.23979	0.279	0.30225	0.32101	0	0	0	0	0	0	0	0	0	
0.24709	0.38118	0.47709	0.48742	0.4962	0.49265	0.45783	0.38769	0.39042	0.36987	0.25768	0.29276	0.31325	0.33589	0	0	0	0	0	0	0	0	0	0	
0.23242	0.43226	0.49644	0.4758	0.45955	0.43315	0.42716	0.4478	0.44806	0.48447	0.4666	0.33039	0.35155	0	0	0	0	0	0	0	0	0	0	0	
0.36164	0.43661	0.5236	0.5079	0.48573	0.41859	0.46505	0.48151	0.53216	0.4942	0.34963	0.37807	0	0	0	0	0	0	0	0	0	0	0	0	
0.24707	0.44823	0.48386	0.45883	0.44687	0.53776	0.47012	0.5178	0.50171	0.36238	0.39221	0	0	0	0	0	0	0	0	0	0	0	0	0	
0.35774	0.45704	0.49483	0.44343	0.49661	0.4931	0.52576	0.49891	0.35839	0.39715	0	0	0	0	0	0	0	0	0	0	0	0	0	0	
0.23756	0.38766	0.49089	0.56845	0.57971	0.56592	0.70423	0.6856	0.68111	0.61725	0.60347	0.61743	0.62551	0.6456	0.65873	0.69542	0	0	0	0	0	0	0	0	
0.28582	0.39655	0.54005	0.52743	0.53567	0.66322	0.64938	0.66888	0.63736	0.61016	0.61327	0.61698	0.61229	0.62484	0.6616	0	0	0	0	0	0	0	0	0	
0.2344	0.39826	0.45185	0.53205	0.7293	0.74964	0.81379	0.80577	0.59532	0.59559	0.59319	0.56739	0.58	0.61837	0	0	0	0	0	0	0	0	0	0	
0.29757	0.41926	0.58653	0.80032	0.83514	0.90772	0.82493	0.64006	0.58515	0.57774	0.53259	0.54683	0.58601	0	0	0	0	0	0	0	0	0	0	0	
0.26302	0.58092	0.80248	0.77109	0.85424	0.77723	0.67184	0.67108	0.65328	0.46511	0.4838	0.52666	0	0	0	0	0	0	0	0	0	0	0	0	
0.52483	0.7408	0.8088	0.9049	0.78469	0.68947	0.69996	0.67425	0.61834	0.43526	0.4842	0	0	0	0	0	0	0	0	0	0	0	0	0	
0.48335	0.54678	0.76953	0.60149	0.55086	0.53686	0.51783	0.3862	0.39972	0.40642	0.53217	0.61437	0	0	0	0	0	0	0	0	0	0	0	0	
0.2711	0.55231	0.64133	0.59417	0.58424	0.52414	0.355	0.36424	0.38717	0.52245	0.59991	0	0	0	0	0	0	0	0	0	0	0	0	0	
0.44498	0.53161	0.56733	0.57368	0.54761	0.58884	0.56045	0.41068	0.53753	0.58778	0	0	0	0	0	0	0	0	0	0	0	0	0	0	
0.31374	0.40925	0.50339	0.48541	0.57208	0.57816	0.59813	0.48035	0.48286	0.32025	0.20538	0.23271	0.2373	0.26499	0.32443	0.32687	0	0	0	0	0	0	0	0	
0.22606	0.39394	0.44782	0.50124	0.53915	0.634	0.51739	0.54415	0.32207	0.21051	0.23783	0.24163	0.26887	0.32893	0.3293	0	0	0	0	0	0	0	0	0	
0.30361	0.37152	0.53208	0.51091	0.59338	0.55101	0.61958	0.57162	0.61768	0.57715	0.23812	0.26933	0.33425	0.33341	0	0	0	0	0	0	0	0	0	0	
0.20716	0.42093	0.48194	0.51644	0.51957	0.5694	0.55034	0.60073	0.56453	0.23936	0.27239	0.33852	0.3348	0	0	0	0	0	0	0	0	0	0	0	
0.34781	0.42968	0.56788	0.59686	0.66334	0.93104	0.85547	0.801	0.2442	0.27448	0.34115	0.33474	0	0	0	0	0	0	0	0	0	0	0	0	
0.22735	0.37484	0.55462	0.61448	0.75646	0.83535	0.93673	0.96272	0.57233	0.63489	0.316	0	0	0	0	0	0	0	0	0	0	0	0	0	
0.24814	0.46141	0.79587	0.64211	0.68262	0.69832	0.72279	0.55118	0.6174	0.32322	0	0	0	0	0	0	0	0	0	0	0	0	0	0	
0.31462	0.44748	0.66905	0.67601	0.8245	0.80285	0.49548	0.56922	0.29967	0	0	0	0	0	0	0	0	0	0	0	0	0	0	0	
0.2219	0.56494	0.6062	0.68458	0.65741	0.5197	0.56163	0.40063	0.32234	0.3104	0	0	0	0	0	0	0	0	0	0	0	0	0	0	
0.4493	0.58336	0.66297	0.66762	0.62923	0.66599	0.6098	0.60982	0.59358	0	0	0	0	0	0	0	0	0	0	0	0	0	0	0	
0.30259	0.49548	0.52501	0.55529	0.64465	0.57142	0.50655	0.52994	0.47889	0	0	0	0	0	0	0	0	0	0	0	0	0	0	0	
0.33651	0.43704	0.53311	0.633	0.64009	0.58859	0.61804	0.45397	0.25478	0.28529	0.29798	0	0	0	0	0	0	0	0	0	0	0	0	0	
0.21536	0.39546	0.54858	0.5603	0.53367	0.51573	0.44737	0.36141	0.37989	0.39171	0	0	0	0	0	0	0	0	0	0	0	0	0	0	
0.33877	0.5561	0.65409	0.54629	0.4578	0.44772	0.40555	0.40467	0.40997	0	0	0	0	0	0	0	0	0	0	0	0	0	0	0	
0.32051	0.49631	0.57559	0.50838	0.55743	0.52253	0.47359	0.48536	0.31385	0	0	0	0	0	0	0	0	0	0	0	0	0	0	0	
0.39209	0.47155	0.56335	0.63592	0.59739	0.6003	0.59664	0.55594	0	0	0	0	0	0	0	0	0	0	0	0	0	0	0	0	
0.24979	0.41496	0.6458	0.59497	0.58616	0.59045	0.55652	0	0	0	0	0	0	0	0	0	0	0	0	0	0	0	0	0	
0.272	0.56554	0.65356	0.5779	0.56329	0.49301	0	0	0	0	0	0	0	0	0	0	0	0	0	0	0	0	0	0	
0.51378	0.57817	0.62977	0.65052	0.67755	0.69084	0.69874	0.5768	0.48587	0.5346	0	0	0	0	0	0	0	0	0	0	0	0	0	0	
0.23618	0.45013	0.52723	0.56654	0.62052	0.60232	0.65484	0.34812	0.40872	0	0	0	0	0	0	0	0	0	0	0	0	0	0	0	
0.32035	0.46613	0.54004	0.54685	0.49591	0.59801	0.25569	0.33797	0	0	0	0	0	0	0	0	0	0	0	0	0	0	0	0	
0.21517	0.42007	0.61387	0.51946	0.62176	0.56595	0.54403	0.45274	0.2961	0	0	0	0	0	0	0	0	0	0	0	0	0	0	0	
0.30909	0.46543	0.51537	0.53436	0.47648	0.56492	0.43491	0.26863	0	0	0	0	0	0	0	0	0	0	0	0	0	0	0	0	
0.29872	0.42735	0.50895	0.46245	0.58098	0.56185	0.3891	0	0	0	0	0	0	0	0	0	0	0	0	0	0	0	0	0	
0.30594	0.37696	0.50339	0.58597	0.48775	0.34016	0	0	0	0	0	0	0	0	0	0	0	0	0	0	0	0	0	0	
0.19845	0.47016	0.60732	0.5622	0.54327	0.52987	0.47921	0.41085	0.44637	0.46209	0	0	0	0	0	0	0	0	0	0	0	0	0	0	
0.41443	0.50141	0.5886	0.62502	0.54488	0.53811	0.50247	0.47652	0.44886	0	0	0	0	0	0	0	0	0	0	0	0	0	0	0	
0.23494	0.37561	0.5592	0.53942	0.56285	0.51049	0.52858	0.56166	0	0	0	0	0	0	0	0	0	0	0	0	0	0	0	0	
0.24385	0.47419	0.53319	0.56246	0.57854	0.5472	0.56282	0.29522	0.29993	0.32169	0	0	0	0	0	0	0	0	0	0	0	0	0	0	
0.26923	0.47403	0.57778	0.63046	0.66505	0.57124	0.30673	0.31977	0.33244	0	0	0	0	0	0	0	0	0	0	0	0	0	0	0	
0.37034	0.54594	0.66976	0.6085	0.53074	0.49796	0.48377	0.47336	0	0	0	0	0	0	0	0	0	0	0	0	0	0	0	0	
0.32304	0.43372	0.49445	0.46928	0.45141	0.40394	0.38918	0.13177	0.14625	0.14361	0.14084	0	0	0	0	0	0	0	0	0	0	0	0	0	
0.28213	0.40608	0.43571	0.47988	0.56242	0.54228	0	0	0	0	0	0	0	0	0	0	0	0	0	0	0	0	0	0	
0.26236	0.35849	0.44377	0.47665	0.50704	0.42009	0.30365	0.13924	0.13609	0	0	0	0	0	0	0	0	0	0	0	0	0	0	0	
0.20033	0.37233	0.46211	0.46153	0.42768	0.41142	0.33103	0.30236	0	0	0	0	0	0	0	0	0	0	0	0	0	0	0	0	
0.26124	0.41512	0.50841	0.48108	0.50493	0.42924	0.40316	0.3606	0.36937	0.3595	0.34439	0.33343	0.34434	0.33734	0.33816	0	0	0	0	0	0	0	0	0	
0.22917	0.37547	0.43289	0.43189	0.50552	0.39192	0.26765	0.29424	0	0	0	0	0	0	0	0	0	0	0	0	0	0	0	0	
0.28781	0.37914	0.45573	0.4815	0.51461	0.48103	0.49602	0.4828	0.35958	0.34092	0.35857	0.3454	0.34978	0	0	0	0	0	0	0	0	0	0	0	
0.26738	0.37526	0.4792	0.49402	0.50515	0.49054	0.48512	0.34354	0.32672	0.34333	0.33354	0.33526	0	0	0	0	0	0	0	0	0	0	0	0	
0.19646	0.33566	0.51761	0.52098	0.50581	0.50093	0.42205	0.40375	0.32623	0.32268	0.32382	0	0	0	0	0	0	0	0	0	0	0	0	0	
0.2471	0.48483	0.57658	0.53771	0.52686	0.52324	0.48014	0.43132	0.4271	0.42238	0	0	0	0	0	0	0	0	0	0	0	0	0	0	
0.41874	0.47554	0.50559	0.53178	0.47414	0.36417	0.31712	0.27959	0.26938	0	0	0	0	0	0	0	0	0	0	0	0	0	0	0	
0.25055	0.3492	0.56657	0.44924	0.43429	0.44428	0.41536	0.40737	0.31108	0.23065	0	0	0	0	0	0	0	0	0	0	0	0	0	0	
0.24566	0.45268	0.51761	0.45309	0.4303	0.42235	0.40737	0.37163	0.32955	0	0	0	0	0	0	0	0	0	0	0	0	0	0	0	
0.33039	0.4458	0.44623	0.44564	0.42013	0.41162	0.43123	0.39082	0.34565	0.2152	0.21149	0.20316	0.20542	0.20691	0.21043	0	0	0	0	0	0	0	0	0	
0.31434	0.38141	0.43251	0.44921	0.45332	0.49052	0.34834	0.24362	0.17045	0.16566	0.16193	0.17084	0.17891	0.18793	0	0	0	0	0	0	0	0	0	0	
0.19224	0.31625	0.39509	0.39466	0.39068	0.35228	0.35363	0.29419	0.30899	0.2695	0.28004	0.30861	0.18293	0	0	0	0	0	0	0	0	0	0	0	
0.2706	0.38166	0.4607	0.4666	0.46332	0.49048	0.47092	0.38273	0.36537	0.26847	0.29749	0.18343	0	0	0	0	0	0	0	0	0	0	0	0	
0.23168	0.38618	0.46545	0.42983	0.45893	0.47543	0.35852	0.32239	0.2543	0.28881	0.19537	0	0	0	0	0	0	0	0	0	0	0	0	0	
0.21738	0.36818	0.43994	0.4888	0.42792	0.32123	0.3069	0.27542	0.27366	0.18496	0	0	0	0	0	0	0	0	0	0	0	0	0	0	
0.19852	0.33221	0.43633	0.43238	0.40183	0.37756	0.41875	0.40678	0.43909	0	0	0	0	0	0	0	0	0	0	0	0	0	0	0	
0.19387	0.3422	0.45104	0.44267	0.45514	0.46882	0.50335	0.62163	0.69938	0	0	0	0	0	0	0	0	0	0	0	0	0	0	0	
0.25117	0.38305	0.47685	0.43407	0.47856	0.5474	0.61764	0.7932	0.29485	0.30256	0	0	0	0	0	0	0	0	0	0	0	0	0	0	
0.2422	0.37905	0.52962	0.48091	0.47749	0.50208	0.6334	0	0	0	0	0	0	0	0	0	0	0	0	0	0	0	0	0	
0.23302	0.35483	0.45808	0.53082	0.5366	0.62419	0.16963	0.17428	0	0	0	0	0	0	0	0	0	0	0	0	0	0	0	0	
0.24013	0.40779	0.48208	0.49733	0.60652	0.52124	0.45616	0.20487	0.19154	0	0	0	0	0	0	0	0	0	0	0	0	0	0	0	
0.30505	0.3973	0.43711	0.50916	0.51146	0.47107	0.22627	0.20034	0	0	0	0	0	0	0	0	0	0	0	0	0	0	0	0	
0.25859	0.37128	0.44436	0.50536	0.45727	0.29506	0.28868	0.13958	0.15834	0.18022	0	0	0	0	0	0	0	0	0	0	0	0	0	0	
0.25573	0.39568	0.50002	0.54461	0.42802	0.38689	0.3282	0.35895	0.31199	0	0	0	0	0	0	0	0	0	0	0	0	0	0	0	
0.21811	0.35288	0.47454	0.48571	0.45807	0.42665	0.42458	0.30773	0	0	0	0	0	0	0	0	0	0	0	0	0	0	0	0	
0.25187	0.37608	0.44818	0.41067	0.42303	0.42967	0.36452	0.3706	0.39041	0.41227	0.43561	0.43089	0.222	0.25634	0	0	0	0	0	0	0	0	0	0	
0.23595	0.3813	0.47816	0.46086	0.57252	0.54777	0.49418	0.45316	0.49069	0.51597	0.48858	0.3747	0.25454	0	0	0	0	0	0	0	0	0	0	0	
0.27781	0.44071	0.50286	0.603	0.56804	0.4669	0.44492	0.44866	0.44465	0.3848	0.19989	0.24434	0	0	0	0	0	0	0	0	0	0	0	0	
0.32255	0.45355	0.58517	0.5869	0.59416	0.57262	0.50971	0.48853	0.42405	0.32345	0.23773	0	0	0	0	0	0	0	0	0	0	0	0	0	
0.24719	0.4722	0.49903	0.50955	0.54357	0.5286	0.5069	0.49627	0.45412	0.4376	0.40229	0.41031	0	0	0	0	0	0	0	0	0	0	0	0	
0.37024	0.45316	0.43437	0.42481	0.41811	0.42269	0.42423	0.40633	0.39985	0.34433	0.35728	0	0	0	0	0	0	0	0	0	0	0	0	0	
0.22995	0.31759	0.36075	0.39993	0.42838	0.46469	0.29228	0.2577	0	0	0	0	0	0	0	0	0	0	0	0	0	0	0	0	
0.21568	0.36368	0.46819	0.48582	0.53608	0.51727	0.56559	0.46808	0.5059	0.40787	0	0	0	0	0	0	0	0	0	0	0	0	0	0	
0.22181	0.37725	0.47971	0.489	0.44671	0.49793	0.43089	0.45088	0.383	0.20851	0.22641	0	0	0	0	0	0	0	0	0	0	0	0	0	
0.26311	0.42066	0.5875	0.47229	0.50962	0.45575	0.54634	0.54352	0.42208	0.40667	0.44035	0.50662	0	0	0	0	0	0	0	0	0	0	0	0	
0.27468	0.42315	0.47867	0.47644	0.48131	0.51199	0.50381	0.42559	0.42973	0.46188	0.52017	0.29516	0	0	0	0	0	0	0	0	0	0	0	0	
0.23406	0.40896	0.47765	0.49531	0.58695	0.56776	0.45386	0.51911	0.5299	0.60274	0.45884	0.38428	0	0	0	0	0	0	0	0	0	0	0	0	
0.27755	0.39396	0.47634	0.52161	0.50072	0.43506	0.50243	0.55519	0.60587	0.51614	0.47542	0	0	0	0	0	0	0	0	0	0	0	0	0	
0.32475	0.39579	0.53646	0.54583	0.54875	0.57518	0.61233	0.70429	0.63842	0.5021	0	0	0	0	0	0	0	0	0	0	0	0	0	0	
0.24189	0.46094	0.50066	0.49302	0.55775	0.6157	0.70277	0.67734	0.65149	0	0	0	0	0	0	0	0	0	0	0	0	0	0	0	
0.40418	0.50266	0.52353	0.5315	0.60481	0.64794	0.71303	0.79018	0.73231	0	0	0	0	0	0	0	0	0	0	0	0	0	0	0	
0.42442	0.48145	0.57749	0.62054	0.66837	0.69347	0.73474	0.71241	0.47512	0.31938	0.35835	0	0	0	0	0	0	0	0	0	0	0	0	0	
0.30665	0.43937	0.59613	0.67064	0.70778	0.74049	0.7664	0.73638	0.6074	0	0	0	0	0	0	0	0	0	0	0	0	0	0	0	
0.2346	0.46625	0.57899	0.60478	0.6261	0.64891	0.67984	0.70793	0.60169	0.54877	0	0	0	0	0	0	0	0	0	0	0	0	0	0	
0.32793	0.47349	0.55253	0.57663	0.60841	0.59264	0.66298	0.70184	0.54156	0	0	0	0	0	0	0	0	0	0	0	0	0	0	0	
0.21634	0.35727	0.45112	0.50415	0.54066	0.60983	0.56706	0.4677	0	0	0	0	0	0	0	0	0	0	0	0	0	0	0	0	
0.19868	0.3708	0.49169	0.52575	0.59535	0.57283	0.53946	0.46884	0.59694	0.55927	0	0	0	0	0	0	0	0	0	0	0	0	0	0	
0.21247	0.38168	0.5062	0.5821	0.62045	0.57867	0.55795	0.58217	0.61311	0	0	0	0	0	0	0	0	0	0	0	0	0	0	0	
0.2142	0.43366	0.52972	0.56753	0.55435	0.55996	0.57974	0.66758	0.3996	0	0	0	0	0	0	0	0	0	0	0	0	0	0	0	
0.3559	0.51207	0.54524	0.54898	0.54044	0.49228	0.58206	0.37935	0	0	0	0	0	0	0	0	0	0	0	0	0	0	0	0	
0.25596	0.37171	0.47271	0.46962	0.5042	0.67454	0.61397	0	0	0	0	0	0	0	0	0	0	0	0	0	0	0	0	0	
0.19051	0.35666	0.44109	0.46981	0.59867	0.52893	0.32232	0.27187	0.26314	0	0	0	0	0	0	0	0	0	0	0	0	0	0	0	
0.20285	0.36096	0.41643	0.53995	0.48984	0.40098	0.3611	0.24359	0	0	0	0	0	0	0	0	0	0	0	0	0	0	0	0	
0.22226	0.376	0.54247	0.52003	0.65935	0.47464	0.38103	0.32622	0	0	0	0	0	0	0	0	0	0	0	0	0	0	0	0	
0.20952	0.4688	0.51825	0.6493	0.65768	0.29991	0.29071	0	0	0	0	0	0	0	0	0	0	0	0	0	0	0	0	0	
0.35306	0.42947	0.60853	0.59577	0.5905	0.60715	0.66157	0.68759	0.50127	0.312	0.39564	0.3775	0.39817	0	0	0	0	0	0	0	0	0	0	0	
0.18043	0.47055	0.52149	0.52994	0.55776	0.56895	0.6412	0.46171	0.29919	0.38569	0.3652	0.38804	0	0	0	0	0	0	0	0	0	0	0	0	
0.42418	0.49635	0.49473	0.49024	0.47259	0.52731	0.42017	0.35283	0.45039	0.38736	0.41098	0	0	0	0	0	0	0	0	0	0	0	0	0	
0.24673	0.37203	0.45743	0.47492	0.51491	0.42252	0.43337	0.42072	0.36523	0.39206	0	0	0	0	0	0	0	0	0	0	0	0	0	0	
0.22061	0.39133	0.4495	0.4961	0.47332	0.46401	0.50394	0.38583	0.40808	0	0	0	0	0	0	0	0	0	0	0	0	0	0	0	
0.27483	0.4138	0.56245	0.48466	0.57304	0.51948	0.45333	0.39749	0	0	0	0	0	0	0	0	0	0	0	0	0	0	0	0	
0.24046	0.4091	0.47187	0.53778	0.54038	0.48261	0.42459	0	0	0	0	0	0	0	0	0	0	0	0	0	0	0	0	0	
0.23747	0.37182	0.57086	0.53759	0.58722	0.50329	0	0	0	0	0	0	0	0	0	0	0	0	0	0	0	0	0	0	
0.21245	0.54511	0.67525	0.65108	0.62288	0.54192	0.43557	0.42565	0.40941	0.41366	0.39537	0.39576	0.38581	0.37362	0.36197	0.34885	0.35224	0.34534	0.33862	0.33625	0.33387	0.33027	0	0	
0.49553	0.77876	0.81068	0.70943	0.64259	0.5627	0.44396	0.41743	0.42888	0.40348	0.40848	0.39949	0.38722	0.37517	0.36134	0.36464	0.3557	0.34791	0.3452	0.34231	0.33898	0	0	0	
0.58641	0.98183	0.88963	0.91429	0.81148	0.62066	0.4467	0.45559	0.42649	0.42526	0.40973	0.39577	0.38034	0.3648	0.37178	0.36452	0.35763	0.35514	0.35241	0.34783	0	0	0	0	
0.53657	0.95207	0.93522	0.89725	0.68254	0.54301	0.44404	0.40686	0.42148	0.41331	0.39781	0.38255	0.36536	0.3679	0.35649	0.34635	0.34246	0.3383	0.33463	0	0	0	0	0	
0.55044	0.85132	0.85576	0.70074	0.58425	0.52148	0.47212	0.47721	0.35451	0.3463	0.33304	0.32053	0.334	0.33126	0.32708	0.32642	0.32497	0.32121	0	0	0	0	0	0	
0.58312	0.8381	0.76805	0.67071	0.49715	0.43019	0.38135	0.36709	0.35278	0.33614	0.31964	0.32977	0.32415	0.31637	0.31357	0.31015	0.30698	0	0	0	0	0	0	0	
0.45296	0.60797	0.59749	0.62691	0.51232	0.40554	0.40413	0.32562	0.31009	0.29787	0.31674	0.31888	0.31538	0.31411	0.31159	0.30696	0	0	0	0	0	0	0	0	
0.36852	0.47789	0.63995	0.55212	0.53073	0.48885	0.37383	0.37834	0.36978	0.40103	0.40964	0.26835	0.26586	0.26228	0.26091	0	0	0	0	0	0	0	0	0	
0.22595	0.46542	0.52904	0.46915	0.48088	0.35318	0.36113	0.36299	0.40491	0.39449	0.274	0.27303	0.27035	0.26754	0	0	0	0	0	0	0	0	0	0	
0.29593	0.42598	0.45477	0.46101	0.34886	0.30384	0.27027	0.31077	0.25894	0.25246	0.24905	0.24413	0.24327	0	0	0	0	0	0	0	0	0	0	0	
0.23352	0.35388	0.45574	0.43637	0.44669	0.31867	0.35916	0.20694	0.19641	0.194	0.19006	0.19691	0	0	0	0	0	0	0	0	0	0	0	0	
0.20661	0.39822	0.49443	0.49369	0.37502	0.33501	0.21778	0.2053	0.20327	0.1991	0.20706	0	0	0	0	0	0	0	0	0	0	0	0	0	
0.23898	0.42825	0.55781	0.54078	0.44017	0.41874	0.46716	0.52896	0.30742	0.32483	0	0	0	0	0	0	0	0	0	0	0	0	0	0	
0.36353	0.43021	0.56002	0.42797	0.44816	0.45201	0.53811	0.32529	0.33765	0	0	0	0	0	0	0	0	0	0	0	0	0	0	0	
0.28463	0.48835	0.65327	0.63336	0.66914	0.55495	0.28092	0.2929	0	0	0	0	0	0	0	0	0	0	0	0	0	0	0	0	
0.3608	0.5565	0.61015	0.64874	0.53408	0.39293	0.424	0.37171	0	0	0	0	0	0	0	0	0	0	0	0	0	0	0	0	
0.30462	0.4496	0.59407	0.68497	0.59197	0.35441	0.32476	0	0	0	0	0	0	0	0	0	0	0	0	0	0	0	0	0	
0.30027	0.43779	0.54949	0.51235	0.3166	0.31841	0.20873	0	0	0	0	0	0	0	0	0	0	0	0	0	0	0	0	0	
0.35273	0.4512	0.48964	0.45887	0.54145	0.48291	0.51502	0.33924	0.33152	0.33614	0.31603	0.31484	0	0	0	0	0	0	0	0	0	0	0	0	
0.30347	0.41807	0.5042	0.49066	0.36414	0.37295	0.39714	0.40012	0.4128	0.33037	0.326	0	0	0	0	0	0	0	0	0	0	0	0	0	
0.29306	0.39566	0.46154	0.41297	0.41763	0.45171	0.46976	0.3862	0.33212	0.32591	0	0	0	0	0	0	0	0	0	0	0	0	0	0	
0.26966	0.37457	0.47021	0.50153	0.46709	0.42606	0.34368	0.32116	0.31143	0	0	0	0	0	0	0	0	0	0	0	0	0	0	0	
0.21944	0.42561	0.5389	0.52254	0.50315	0.43777	0.45738	0.49307	0.52612	0.42632	0.44086	0	0	0	0	0	0	0	0	0	0	0	0	0	
0.35449	0.41777	0.47147	0.40723	0.30358	0.31951	0.3512	0.33759	0	0	0	0	0	0	0	0	0	0	0	0	0	0	0	0	
0.23991	0.44863	0.36437	0.36498	0.3765	0.37728	0.42623	0.38087	0.38875	0.23779	0.24419	0	0	0	0	0	0	0	0	0	0	0	0	0	
0.30124	0.38477	0.74161	0.35102	0.35697	0.33848	0.32567	0.30395	0.33252	0.24985	0	0	0	0	0	0	0	0	0	0	0	0	0	0	
0.23244	0.39297	0.40801	0.38346	0.46443	0.38531	0.40631	0.33802	0.30931	0.27361	0	0	0	0	0	0	0	0	0	0	0	0	0	0	
0.32347	0.38668	0.42719	0.44646	0.43234	0.41898	0.36183	0.36206	0.37849	0.30479	0.3255	0.2782	0.27692	0.27443	0.2861	0.29919	0	0	0	0	0	0	0	0	
0.19106	0.33744	0.51857	0.51639	0.54177	0.37476	0.38505	0.38109	0.30966	0.33561	0.28737	0.28684	0.28165	0.29604	0.30762	0	0	0	0	0	0	0	0	0	
0.24906	0.42649	0.50478	0.4305	0.43244	0.47383	0.4164	0.35263	0.39721	0.30518	0.30152	0.29703	0.3084	0.32194	0	0	0	0	0	0	0	0	0	0	
0.31052	0.4169	0.45303	0.44702	0.49695	0.42726	0.4184	0.42047	0.37075	0.3151	0.30583	0.32142	0.33063	0	0	0	0	0	0	0	0	0	0	0	
0.25777	0.38941	0.47141	0.45319	0.43145	0.44723	0.45831	0.45896	0.4424	0.4257	0.44703	0.43556	0.31975	0.312	0.30022	0	0	0	0	0	0	0	0	0	
0.24303	0.3855	0.50144	0.5079	0.53721	0.55232	0.49303	0.49188	0.36877	0.40888	0.39709	0.31956	0.31443	0.30283	0	0	0	0	0	0	0	0	0	0	
0.31183	0.41307	0.55238	0.57161	0.63773	0.60914	0.52995	0.42389	0.47735	0.4117	0.32203	0.31756	0.30437	0	0	0	0	0	0	0	0	0	0	0	
0.25946	0.47178	0.65382	0.68431	0.68047	0.5966	0.56208	0.51952	0.482	0.428	0.41584	0.41367	0.31735	0	0	0	0	0	0	0	0	0	0	0	
0.31262	0.58541	0.7254	0.70349	0.70879	0.61158	0.54758	0.52216	0.41417	0.40725	0.41165	0.30902	0	0	0	0	0	0	0	0	0	0	0	0	
0.46328	0.59248	0.80305	0.72175	0.62907	0.5959	0.58908	0.49624	0.47336	0.47608	0.42514	0	0	0	0	0	0	0	0	0	0	0	0	0	
0.38084	0.48336	0.51589	0.49889	0.42766	0.40007	0.38288	0.35621	0.36133	0.35241	0	0	0	0	0	0	0	0	0	0	0	0	0	0	
0.26147	0.34275	0.4246	0.37607	0.37656	0.3601	0.32555	0.33582	0.33229	0	0	0	0	0	0	0	0	0	0	0	0	0	0	0	
0.20353	0.35814	0.43627	0.4117	0.35484	0.35752	0.36354	0.33368	0	0	0	0	0	0	0	0	0	0	0	0	0	0	0	0	
0.25174	0.36467	0.42816	0.43317	0.39193	0.34055	0.33322	0	0	0	0	0	0	0	0	0	0	0	0	0	0	0	0	0	
0.23922	0.35282	0.46722	0.5211	0.41087	0.43644	0.4329	0.3699	0.25009	0.24423	0.25005	0.26354	0	0	0	0	0	0	0	0	0	0	0	0	
0.22872	0.42671	0.52497	0.4874	0.48354	0.47792	0.60439	0.53913	0.59184	0.23756	0.24882	0	0	0	0	0	0	0	0	0	0	0	0	0	
0.33153	0.41679	0.4412	0.44958	0.45849	0.58329	0.53153	0.58003	0.2484	0.25591	0	0	0	0	0	0	0	0	0	0	0	0	0	0	
0.22333	0.3539	0.39352	0.39869	0.52374	0.52642	0.59482	0.31361	0.24376	0	0	0	0	0	0	0	0	0	0	0	0	0	0	0	
0.22849	0.36923	0.43478	0.56484	0.63947	0.63627	0.45721	0.47917	0.25116	0.24204	0.24064	0.24724	0.24407	0	0	0	0	0	0	0	0	0	0	0	
0.24404	0.35688	0.48672	0.58707	0.59234	0.48744	0.43649	0.29184	0.2982	0.25221	0.26215	0.25947	0	0	0	0	0	0	0	0	0	0	0	0	
0.22549	0.46046	0.54057	0.55264	0.53266	0.44064	0.37324	0.33406	0.28572	0.30629	0.26064	0	0	0	0	0	0	0	0	0	0	0	0	0	
0.37571	0.4599	0.50747	0.50199	0.48356	0.37967	0.34406	0.3202	0.339	0.30714	0.19896	0.24253	0.28858	0	0	0	0	0	0	0	0	0	0	0	
0.24078	0.40375	0.47264	0.47397	0.53501	0.42337	0.49445	0.39859	0.39859	0.18017	0.23066	0.28064	0	0	0	0	0	0	0	0	0	0	0	0	
0.25224	0.37474	0.40787	0.46582	0.42779	0.509	0.39062	0.38231	0.25999	0.29753	0.33603	0	0	0	0	0	0	0	0	0	0	0	0	0	
0.21386	0.35719	0.42858	0.4476	0.45595	0.39414	0.37731	0.26588	0.28201	0.31998	0	0	0	0	0	0	0	0	0	0	0	0	0	0	
0.22345	0.34271	0.43601	0.45105	0.44981	0.42865	0.3666	0.33866	0.36838	0.29249	0.19156	0	0	0	0	0	0	0	0	0	0	0	0	0	
0.22585	0.36608	0.42991	0.443	0.42271	0.39495	0.39591	0.38104	0.29582	0.19822	0	0	0	0	0	0	0	0	0	0	0	0	0	0	
0.21651	0.35342	0.45475	0.37769	0.35139	0.39303	0.335	0.28319	0.18313	0	0	0	0	0	0	0	0	0	0	0	0	0	0	0	
0.23663	0.34491	0.37216	0.31511	0.40122	0.33327	0.28953	0.1911	0	0	0	0	0	0	0	0	0	0	0	0	0	0	0	0	
0.24192	0.35534	0.34683	0.35349	0.35511	0.3283	0.34964	0.27444	0.20048	0	0	0	0	0	0	0	0	0	0	0	0	0	0	0	
0.21468	0.31425	0.36231	0.39769	0.3847	0.36929	0.35482	0.35516	0.49234	0	0	0	0	0	0	0	0	0	0	0	0	0	0	0	
0.23432	0.33524	0.34279	0.3466	0.38097	0.37664	0.41814	0.42711	0.20016	0.19634	0	0	0	0	0	0	0	0	0	0	0	0	0	0	
0.22049	0.31665	0.36018	0.37594	0.39654	0.47807	0.38429	0.31392	0.31297	0.28393	0.27599	0.2686	0	0	0	0	0	0	0	0	0	0	0	0	
0.20323	0.29968	0.40818	0.41812	0.51421	0.49225	0.30531	0.31577	0.21653	0.20207	0	0	0	0	0	0	0	0	0	0	0	0	0	0	
0.18176	0.34116	0.44272	0.47927	0.48144	0.37548	0.37991	0.35605	0.34019	0.30613	0.19231	0	0	0	0	0	0	0	0	0	0	0	0	0	
0.20168	0.33761	0.43275	0.42529	0.39292	0.3849	0.36157	0.34073	0.33239	0.26467	0.19666	0.19505	0.18941	0.18875	0.17794	0.18004	0.18383	0.19633	0.20335	0	0	0	0	0	
0.19903	0.37642	0.44365	0.46679	0.37935	0.38642	0.3798	0.40117	0.17526	0.17285	0.16908	0.16727	0.16471	0.15729	0.15966	0.16544	0.17919	0.18937	0	0	0	0	0	0	
0.25258	0.38562	0.51213	0.4373	0.40418	0.40785	0.39818	0.26387	0.23771	0.2326	0.22542	0.24512	0.23796	0.23233	0.24235	0.17662	0.18905	0	0	0	0	0	0	0	
0.2172	0.38006	0.44855	0.43185	0.37741	0.38996	0.2975	0.30914	0.23257	0.22705	0.24737	0.24047	0.2339	0.2447	0.17406	0.18894	0	0	0	0	0	0	0	0	
0.24174	0.38819	0.42714	0.45046	0.46363	0.40942	0.38109	0.31426	0.21792	0.23959	0.23332	0.22584	0.2371	0.16287	0.17845	0	0	0	0	0	0	0	0	0	
0.25152	0.37637	0.44684	0.44729	0.39032	0.38113	0.34088	0.29419	0.24653	0.23845	0.24866	0.28326	0.25895	0.17884	0	0	0	0	0	0	0	0	0	0	
0.21243	0.35932	0.40405	0.44436	0.39761	0.34233	0.29019	0.23598	0.23495	0.2427	0.278	0.25181	0.18911	0	0	0	0	0	0	0	0	0	0	0	
0.23219	0.34792	0.45306	0.43504	0.43686	0.41011	0.25544	0.26536	0.2383	0.27153	0.25107	0.18855	0	0	0	0	0	0	0	0	0	0	0	0	
0.19261	0.37963	0.44624	0.47203	0.44941	0.33737	0.2992	0.29367	0.3062	0.29785	0.26803	0.22732	0	0	0	0	0	0	0	0	0	0	0	0	
0.33706	0.40918	0.57189	0.54837	0.50783	0.51669	0.34856	0.30848	0.29975	0.26779	0.22577	0	0	0	0	0	0	0	0	0	0	0	0	0	
0.2263	0.44612	0.50605	0.43776	0.4808	0.41966	0.43039	0.32202	0.28048	0.21053	0	0	0	0	0	0	0	0	0	0	0	0	0	0	
0.32522	0.45217	0.48652	0.49303	0.47216	0.46453	0.38714	0.37124	0.20049	0	0	0	0	0	0	0	0	0	0	0	0	0	0	0	
0.30351	0.42619	0.50267	0.46255	0.45679	0.41607	0.36344	0.20768	0	0	0	0	0	0	0	0	0	0	0	0	0	0	0	0	
0.21054	0.36933	0.43778	0.45128	0.44313	0.43333	0.29336	0.32942	0.38924	0.38774	0.43287	0.48057	0.55373	0	0	0	0	0	0	0	0	0	0	0	
0.22504	0.41171	0.45537	0.48661	0.53988	0.56786	0.47444	0.50556	0.44984	0.41773	0.4635	0.54169	0	0	0	0	0	0	0	0	0	0	0	0	
0.2865	0.41622	0.49748	0.52045	0.55911	0.4852	0.51458	0.49572	0.55018	0.45113	0.53299	0	0	0	0	0	0	0	0	0	0	0	0	0	
0.24506	0.36582	0.43149	0.57908	0.55192	0.52428	0.49558	0.56467	0	0	0	0	0	0	0	0	0	0	0	0	0	0	0	0	
0.24339	0.38418	0.50734	0.50367	0.50529	0.50947	0.59089	0.46907	0.55419	0.28905	0.29101	0	0	0	0	0	0	0	0	0	0	0	0	0	
0.30957	0.54253	0.55241	0.54599	0.58715	0.67778	0.6936	0.79206	0.74944	0.49887	0	0	0	0	0	0	0	0	0	0	0	0	0	0	
0.56921	0.58852	0.60262	0.67456	0.72769	0.69791	0.74354	0.72169	0.54338	0.31355	0.31631	0	0	0	0	0	0	0	0	0	0	0	0	0	
0.31491	0.47461	0.56601	0.67368	0.70921	0.68326	0.7126	0.7394	0.31439	0.31464	0	0	0	0	0	0	0	0	0	0	0	0	0	0	
0.2978	0.43456	0.58111	0.60108	0.6627	0.61834	0.66198	0.54941	0.56327	0.49333	0.28668	0.27696	0.28438	0	0	0	0	0	0	0	0	0	0	0	
0.21103	0.50257	0.57339	0.60009	0.6114	0.65786	0.61366	0.53229	0.44639	0.27946	0.27425	0.27709	0	0	0	0	0	0	0	0	0	0	0	0	
0.38222	0.4792	0.54098	0.5349	0.59229	0.69915	0.59471	0.55339	0.46016	0.45116	0.28608	0	0	0	0	0	0	0	0	0	0	0	0	0	
0.22649	0.42638	0.5016	0.50109	0.5399	0.56302	0.58242	0.64264	0.40414	0.31142	0	0	0	0	0	0	0	0	0	0	0	0	0	0	
0.35495	0.43688	0.54167	0.58753	0.62338	0.69264	0.56587	0.54056	0.46877	0.43583	0.46948	0.48416	0.37324	0.39635	0	0	0	0	0	0	0	0	0	0	
0.22713	0.45429	0.54242	0.55038	0.61608	0.57732	0.61433	0.49242	0.41247	0.45016	0.46596	0.34756	0.36994	0	0	0	0	0	0	0	0	0	0	0	
0.37513	0.50733	0.59214	0.58935	0.55409	0.51056	0.46517	0.45258	0.44922	0.46463	0.33868	0.35821	0	0	0	0	0	0	0	0	0	0	0	0	
0.31386	0.4172	0.45585	0.45937	0.45244	0.3759	0.37017	0.39757	0.41895	0.31541	0.33687	0	0	0	0	0	0	0	0	0	0	0	0	0	
0.19401	0.32418	0.39991	0.42099	0.39523	0.36404	0.40184	0.4262	0.31168	0.33229	0.16611	0	0	0	0	0	0	0	0	0	0	0	0	0	
0.20307	0.36508	0.4508	0.43914	0.43561	0.38652	0.39425	0.31789	0.33639	0.16782	0	0	0	0	0	0	0	0	0	0	0	0	0	0	
0.20229	0.37481	0.4392	0.43065	0.40797	0.37373	0.35209	0.32137	0.1638	0	0	0	0	0	0	0	0	0	0	0	0	0	0	0	
0.21081	0.36443	0.42409	0.47686	0.41569	0.42076	0.43446	0.47812	0	0	0	0	0	0	0	0	0	0	0	0	0	0	0	0	
0.20412	0.34008	0.44508	0.47283	0.46176	0.37307	0.45176	0	0	0	0	0	0	0	0	0	0	0	0	0	0	0	0	0	
0.1887	0.37172	0.46106	0.45958	0.42538	0.46132	0.31494	0	0	0	0	0	0	0	0	0	0	0	0	0	0	0	0	0	
0.25808	0.36337	0.44847	0.4652	0.48014	0.55577	0.26128	0	0	0	0	0	0	0	0	0	0	0	0	0	0	0	0	0	
0.19229	0.3476	0.41896	0.44593	0.47834	0.34586	0.18694	0.19714	0	0	0	0	0	0	0	0	0	0	0	0	0	0	0	0	
0.20261	0.34532	0.42583	0.41652	0.45807	0.42895	0.34914	0.42012	0	0	0	0	0	0	0	0	0	0	0	0	0	0	0	0	
0.20467	0.37763	0.41357	0.40346	0.35048	0.35	0.44337	0.34783	0.30653	0	0	0	0	0	0	0	0	0	0	0	0	0	0	0	
0.31066	0.38086	0.45614	0.43063	0.41984	0.48032	0.40923	0.37859	0	0	0	0	0	0	0	0	0	0	0	0	0	0	0	0	
0.19	0.33901	0.39381	0.43339	0.50134	0.46661	0.4317	0.42546	0.44909	0.49081	0.51181	0	0	0	0	0	0	0	0	0	0	0	0	0	
0.23078	0.33931	0.4236	0.52492	0.53698	0.48483	0.50554	0.50089	0.55333	0.55808	0.41725	0.42836	0.3071	0.32305	0.317	0.30296	0	0	0	0	0	0	0	0	
0.2188	0.35332	0.54262	0.56568	0.54863	0.48492	0.49255	0.53243	0.53259	0.42659	0.4376	0.30418	0.31685	0.30668	0.2924	0	0	0	0	0	0	0	0	0	
0.2037	0.52248	0.53896	0.54065	0.49534	0.50559	0.46185	0.48657	0.40288	0.41591	0.28687	0.30876	0.30041	0.28318	0	0	0	0	0	0	0	0	0	0	
0.46164	0.48828	0.59265	0.48715	0.48681	0.43164	0.43872	0.40987	0.43445	0.37806	0.35154	0.3546	0.26821	0.27916	0.27135	0	0	0	0	0	0	0	0	0	
0.20805	0.3424	0.39329	0.4254	0.44031	0.48351	0.48444	0.5601	0.53772	0.55805	0.44663	0.35915	0.27839	0.26732	0	0	0	0	0	0	0	0	0	0	
0.18648	0.32192	0.39383	0.42983	0.43559	0.44977	0.52504	0.50975	0.52104	0.3957	0.33315	0.25737	0.25124	0	0	0	0	0	0	0	0	0	0	0	
0.19267	0.36071	0.46267	0.4382	0.44422	0.52517	0.48842	0.47985	0.42825	0.33274	0.25203	0.24917	0	0	0	0	0	0	0	0	0	0	0	0	
0.26346	0.3929	0.45482	0.45539	0.53173	0.52703	0.50342	0.44887	0.37985	0.34384	0.34287	0.25932	0	0	0	0	0	0	0	0	0	0	0	0	
0.27641	0.4105	0.44513	0.54884	0.51012	0.49485	0.45944	0.3994	0.3941	0.40501	0.3658	0.32697	0.32992	0.34203	0	0	0	0	0	0	0	0	0	0	
0.3543	0.41227	0.5396	0.53237	0.52029	0.50489	0.42882	0.43188	0.43974	0.35513	0.32715	0.33029	0.34085	0	0	0	0	0	0	0	0	0	0	0	
0.1907	0.47636	0.49448	0.47494	0.44816	0.41992	0.44159	0.42837	0.37572	0.34223	0.32447	0.33216	0	0	0	0	0	0	0	0	0	0	0	0	
0.42814	0.5204	0.52665	0.48346	0.51787	0.5033	0.46067	0.42657	0.40229	0.38966	0.30542	0	0	0	0	0	0	0	0	0	0	0	0	0	
0.37643	0.46788	0.46744	0.52897	0.51734	0.52915	0.53606	0.51176	0.47754	0.494	0.49334	0.39511	0.406	0.29164	0.30483	0.30691	0.30198	0.32769	0	0	0	0	0	0	
0.34091	0.42203	0.53327	0.50036	0.49559	0.51143	0.49871	0.44197	0.45096	0.46049	0.36324	0.38123	0.28034	0.29617	0.30024	0.29645	0.32549	0	0	0	0	0	0	0	
0.21907	0.41903	0.54979	0.5055	0.50116	0.47498	0.4427	0.47141	0.4694	0.45639	0.46957	0.43029	0.36808	0.36091	0.35201	0.31789	0	0	0	0	0	0	0	0	
0.36408	0.41603	0.48004	0.46457	0.45269	0.41061	0.43894	0.43496	0.40598	0.41266	0.35007	0.25765	0.24171	0.23472	0	0	0	0	0	0	0	0	0	0	
0.28786	0.43831	0.45702	0.44509	0.44128	0.48046	0.47844	0.47684	0.48569	0.45628	0.44331	0.37913	0.37316	0.37659	0	0	0	0	0	0	0	0	0	0	
0.36973	0.43377	0.4789	0.45902	0.52353	0.54885	0.59031	0.57863	0.53177	0.48507	0.39244	0.39475	0.41051	0.25562	0.25335	0	0	0	0	0	0	0	0	0	
0.21902	0.35182	0.39242	0.4761	0.4761	0.51883	0.53655	0.57291	0.46055	0.37368	0.37462	0.37979	0.2504	0.2473	0	0	0	0	0	0	0	0	0	0	
0.21437	0.35599	0.46634	0.47478	0.49998	0.49471	0.50717	0.4443	0.36066	0.37595	0.40382	0.35942	0.35259	0	0	0	0	0	0	0	0	0	0	0	
0.24101	0.4439	0.46694	0.48605	0.49865	0.47922	0.46224	0.38636	0.38465	0.40561	0.3718	0.36104	0	0	0	0	0	0	0	0	0	0	0	0	
0.32614	0.37714	0.46753	0.44642	0.42714	0.44388	0.38081	0.3693	0.38237	0.37099	0.3589	0	0	0	0	0	0	0	0	0	0	0	0	0	
0.20025	0.34971	0.43144	0.41301	0.47322	0.44638	0.4282	0.46065	0.36164	0.35061	0.16172	0	0	0	0	0	0	0	0	0	0	0	0	0	
0.21882	0.34607	0.40037	0.45851	0.42762	0.41104	0.4689	0.39525	0.38154	0.30946	0	0	0	0	0	0	0	0	0	0	0	0	0	0	
0.20148	0.34727	0.41232	0.41528	0.41656	0.52496	0.50746	0.37626	0.35245	0	0	0	0	0	0	0	0	0	0	0	0	0	0	0	
0.28032	0.38704	0.47057	0.43697	0.50798	0.49172	0.44175	0.42862	0.44259	0.34432	0.24805	0.26197	0	0	0	0	0	0	0	0	0	0	0	0	
0.21948	0.36512	0.38669	0.46467	0.45846	0.4617	0.48819	0.40402	0.3304	0.29379	0.30583	0.23026	0.22555	0.23195	0	0	0	0	0	0	0	0	0	0	
0.19473	0.30036	0.44212	0.44944	0.44061	0.43337	0.4256	0.39482	0.37192	0.36456	0.33385	0.3265	0.22683	0	0	0	0	0	0	0	0	0	0	0	
0.18992	0.42474	0.50397	0.46058	0.42154	0.42014	0.397	0.38462	0.41937	0.45606	0.49936	0.22121	0	0	0	0	0	0	0	0	0	0	0	0	
0.38955	0.4373	0.53605	0.41241	0.49235	0.42214	0.42819	0.44644	0.47214	0.50659	0.23037	0	0	0	0	0	0	0	0	0	0	0	0	0	
0.22071	0.36891	0.45626	0.48313	0.4534	0.42494	0.41949	0.46624	0.50585	0.24515	0	0	0	0	0	0	0	0	0	0	0	0	0	0	
0.22064	0.34555	0.48503	0.43664	0.44393	0.48692	0.56697	0.51506	0.24484	0	0	0	0	0	0	0	0	0	0	0	0	0	0	0	
0.25836	0.39325	0.43815	0.5037	0.51744	0.47342	0.45916	0.29396	0	0	0	0	0	0	0	0	0	0	0	0	0	0	0	0	
0.24877	0.37666	0.53476	0.48087	0.45386	0.42606	0.32576	0.26739	0.2034	0.20967	0	0	0	0	0	0	0	0	0	0	0	0	0	0	
0.19505	0.37858	0.39366	0.43204	0.46627	0.39098	0.40971	0.40317	0.41252	0.45665	0.45353	0	0	0	0	0	0	0	0	0	0	0	0	0	
0.30792	0.40244	0.42865	0.43374	0.38632	0.40987	0.42874	0.42312	0.40885	0.43612	0.26141	0.24762	0.26628	0	0	0	0	0	0	0	0	0	0	0	
0.23826	0.33897	0.46411	0.37943	0.39357	0.40561	0.38661	0.37701	0.4086	0.26088	0.24364	0.26886	0	0	0	0	0	0	0	0	0	0	0	0	
0.24473	0.39256	0.4342	0.46039	0.41904	0.39639	0.41074	0.40599	0.35198	0.32836	0.2777	0	0	0	0	0	0	0	0	0	0	0	0	0	
0.27549	0.39456	0.43908	0.43197	0.40391	0.47877	0.51081	0.5129	0.32022	0.28357	0	0	0	0	0	0	0	0	0	0	0	0	0	0	
0.26632	0.40588	0.48435	0.43857	0.48939	0.48536	0.51315	0.32368	0.30462	0	0	0	0	0	0	0	0	0	0	0	0	0	0	0	
0.27709	0.36076	0.36394	0.4242	0.43648	0.47239	0.41474	0.45482	0	0	0	0	0	0	0	0	0	0	0	0	0	0	0	0	
0.21071	0.27076	0.36977	0.41439	0.42582	0.40875	0.43555	0.30404	0.19343	0	0	0	0	0	0	0	0	0	0	0	0	0	0	0	
0.19556	0.34324	0.42237	0.42998	0.38908	0.43807	0.34355	0.2901	0.21945	0.23586	0.24113	0.23115	0	0	0	0	0	0	0	0	0	0	0	0	
0.22416	0.36931	0.39361	0.42046	0.45871	0.50296	0.43314	0.43136	0.25839	0.26032	0.24882	0	0	0	0	0	0	0	0	0	0	0	0	0	
0.28386	0.34796	0.50817	0.43802	0.53181	0.46844	0.3952	0	0	0	0	0	0	0	0	0	0	0	0	0	0	0	0	0	
0.23324	0.32271	0.37192	0.50476	0.51481	0.58983	0.4906	0.36418	0.3529	0.2476	0	0	0	0	0	0	0	0	0	0	0	0	0	0	
0.24458	0.29917	0.49079	0.44354	0.48508	0.49684	0.43594	0.45108	0.41079	0.36429	0.36535	0.34791	0.3369	0	0	0	0	0	0	0	0	0	0	0	
0.24486	0.48446	0.48918	0.52614	0.5006	0.45389	0.44776	0.41938	0.38585	0.38953	0.34466	0.34546	0.21605	0	0	0	0	0	0	0	0	0	0	0	
0.49228	0.53097	0.57519	0.53661	0.50714	0.54077	0.52699	0.51405	0.43526	0.42485	0.45009	0.3885	0	0	0	0	0	0	0	0	0	0	0	0	
0.29332	0.43375	0.47391	0.4668	0.52785	0.52594	0.5164	0.5093	0.5334	0.49897	0.4948	0.41918	0	0	0	0	0	0	0	0	0	0	0	0	
0.28505	0.43449	0.44208	0.47157	0.50973	0.50285	0.50192	0.52235	0.41329	0.34612	0	0	0	0	0	0	0	0	0	0	0	0	0	0	
0.27753	0.34078	0.41223	0.45582	0.48459	0.49212	0.5447	0.49985	0.52527	0.46816	0	0	0	0	0	0	0	0	0	0	0	0	0	0	
0.19066	0.37277	0.43958	0.4787	0.48926	0.60591	0.71358	0.54019	0.47378	0	0	0	0	0	0	0	0	0	0	0	0	0	0	0	
0.25622	0.38391	0.4482	0.45056	0.57196	0.60492	0.54049	0.52948	0.35316	0	0	0	0	0	0	0	0	0	0	0	0	0	0	0	
0.2404	0.34071	0.38427	0.45676	0.5511	0.58657	0.62911	0.51604	0.2462	0.29539	0.36348	0	0	0	0	0	0	0	0	0	0	0	0	0	
0.19745	0.32792	0.42097	0.43727	0.45834	0.49825	0.50322	0.24901	0.30353	0.37035	0	0	0	0	0	0	0	0	0	0	0	0	0	0	
0.20605	0.34704	0.40807	0.46127	0.5243	0.50245	0.31791	0.38598	0.46171	0	0	0	0	0	0	0	0	0	0	0	0	0	0	0	
0.24765	0.38295	0.44113	0.46018	0.49636	0.41908	0.43455	0.52907	0	0	0	0	0	0	0	0	0	0	0	0	0	0	0	0	
0.22432	0.41131	0.47754	0.48187	0.43185	0.42775	0.54521	0.31437	0.30991	0	0	0	0	0	0	0	0	0	0	0	0	0	0	0	
0.30139	0.44774	0.67048	0.4786	0.468	0.58074	0.51547	0.31889	0	0	0	0	0	0	0	0	0	0	0	0	0	0	0	0	
0.31103	0.48952	0.47841	0.50259	0.61379	0.57303	0.43352	0	0	0	0	0	0	0	0	0	0	0	0	0	0	0	0	0	
0.42939	0.48749	0.56654	0.69452	0.67552	0.50631	0.36783	0.34133	0.37806	0	0	0	0	0	0	0	0	0	0	0	0	0	0	0	
0.23124	0.48433	0.7497	0.75258	0.58106	0.50193	0.33137	0.37495	0	0	0	0	0	0	0	0	0	0	0	0	0	0	0	0	
0.30152	0.54409	0.77775	0.62389	0.64217	0.55214	0.60458	0.42282	0	0	0	0	0	0	0	0	0	0	0	0	0	0	0	0	
0.34357	0.79174	0.72374	0.82708	0.77234	0.78035	0.74608	0.47787	0.47051	0.48899	0.45964	0.45006	0.45124	0.44557	0.44856	0.44097	0.43852	0.42548	0.42223	0.41303	0.4087	0.40892	0.39917	0	
0.67395	0.70775	0.82759	0.78711	0.79611	0.79746	0.71066	0.675	0.67677	0.6462	0.63013	0.64227	0.62975	0.63497	0.62246	0.61262	0.60816	0.61254	0.60896	0.61289	0.62155	0.36756	0	0	
0.30854	0.52351	0.56871	0.61043	0.63784	0.57107	0.55837	0.56537	0.54564	0.55027	0.57029	0.55689	0.55958	0.55302	0.54093	0.54043	0.54569	0.54158	0.54553	0.55612	0.31095	0	0	0	
0.49693	0.56337	0.71113	0.66699	0.65855	0.68568	0.66974	0.56247	0.56298	0.58072	0.56217	0.54755	0.54494	0.52936	0.53219	0.53685	0.52918	0.53066	0.54135	0.29833	0	0	0	0	
0.39881	0.58587	0.56697	0.64225	0.62063	0.62096	0.50998	0.49767	0.53575	0.51675	0.48146	0.48492	0.46837	0.4735	0.47927	0.47414	0.47704	0.49056	0.24848	0	0	0	0	0	
0.54566	0.58994	0.73565	0.59708	0.58373	0.52037	0.5152	0.55611	0.5341	0.48878	0.49742	0.47815	0.484	0.48844	0.48257	0.48322	0.49697	0.25724	0	0	0	0	0	0	
0.40248	0.56455	0.53816	0.5283	0.53624	0.48782	0.49773	0.49446	0.49885	0.41681	0.39997	0.41907	0.42901	0.42148	0.42382	0.44445	0.21307	0	0	0	0	0	0	0	
0.51377	0.52399	0.52464	0.53631	0.50626	0.53229	0.49458	0.51125	0.48753	0.48545	0.50042	0.43807	0.43243	0.43659	0.45698	0.2178	0	0	0	0	0	0	0	0	
0.26084	0.36951	0.52692	0.50748	0.51319	0.53297	0.51093	0.48282	0.46573	0.50726	0.48833	0.49115	0.51364	0.5235	0.45703	0.48715	0.48795	0.50558	0	0	0	0	0	0	
0.21723	0.41033	0.49703	0.50849	0.50624	0.5028	0.45781	0.46916	0.52636	0.53372	0.56375	0.58912	0.52114	0.4568	0.47943	0.46976	0.49345	0	0	0	0	0	0	0	
0.26192	0.36856	0.48233	0.51477	0.50531	0.47101	0.48491	0.52545	0.54198	0.56501	0.60311	0.53274	0.48885	0.51902	0.52581	0.50087	0	0	0	0	0	0	0	0	
0.26594	0.4146	0.4401	0.42993	0.42129	0.44879	0.4999	0.5229	0.53968	0.57472	0.54255	0.47299	0.51343	0.53465	0.49384	0	0	0	0	0	0	0	0	0	
0.2287	0.3608	0.41852	0.43455	0.46662	0.4933	0.50939	0.53485	0.55547	0.55627	0.53236	0.61641	0.53594	0.50355	0	0	0	0	0	0	0	0	0	0	
0.16062	0.27596	0.35044	0.38425	0.45676	0.50799	0.54069	0.57665	0.5826	0.48547	0.57109	0.39716	0	0	0	0	0	0	0	0	0	0	0	0	
0.13785	0.29753	0.42039	0.43568	0.51229	0.52358	0.5582	0.58187	0.53281	0.58725	0.52127	0.48926	0	0	0	0	0	0	0	0	0	0	0	0	
0.16624	0.28491	0.38395	0.46198	0.51441	0.56703	0.57187	0.5538	0.61533	0.5589	0.4835	0	0	0	0	0	0	0	0	0	0	0	0	0	
0.1577	0.33782	0.48542	0.54011	0.60175	0.60441	0.59502	0.56395	0.51335	0.51004	0.3202	0	0	0	0	0	0	0	0	0	0	0	0	0	
0.24938	0.40269	0.52146	0.53707	0.54939	0.56011	0.54405	0.52317	0.50949	0.43652	0.23129	0	0	0	0	0	0	0	0	0	0	0	0	0	
0.22692	0.41017	0.47587	0.47971	0.51568	0.51912	0.48961	0.44834	0.40108	0.27932	0.22478	0	0	0	0	0	0	0	0	0	0	0	0	0	
0.24807	0.39557	0.46846	0.4986	0.50499	0.5053	0.5054	0.4686	0.34017	0.30434	0	0	0	0	0	0	0	0	0	0	0	0	0	0	
0.22438	0.37912	0.54086	0.473	0.46832	0.4508	0.41578	0.3887	0.41167	0.4423	0	0	0	0	0	0	0	0	0	0	0	0	0	0	
0.24269	0.39846	0.45421	0.47016	0.46052	0.48551	0.49617	0.47227	0.53835	0.44851	0.48146	0.46965	0	0	0	0	0	0	0	0	0	0	0	0	
0.21618	0.34564	0.44363	0.44183	0.49477	0.49599	0.48061	0.52953	0.44132	0.44483	0.44011	0	0	0	0	0	0	0	0	0	0	0	0	0	
0.19053	0.34997	0.42251	0.43823	0.44058	0.48887	0.5153	0.50376	0.53648	0.51525	0.19311	0	0	0	0	0	0	0	0	0	0	0	0	0	
0.23078	0.36369	0.44643	0.42927	0.47983	0.48424	0.46953	0.50831	0.49291	0.36531	0.35266	0.34155	0	0	0	0	0	0	0	0	0	0	0	0	
0.21963	0.35103	0.37573	0.43638	0.44857	0.43779	0.48604	0.49843	0.4263	0.35135	0.3255	0	0	0	0	0	0	0	0	0	0	0	0	0	
0.22393	0.29808	0.38515	0.42186	0.42889	0.41827	0.43109	0.3996	0.38166	0.36682	0	0	0	0	0	0	0	0	0	0	0	0	0	0	
0.17416	0.32253	0.4035	0.41614	0.42187	0.44843	0.43379	0.39251	0.36268	0	0	0	0	0	0	0	0	0	0	0	0	0	0	0	
0.20404	0.37108	0.41291	0.41353	0.45313	0.49753	0.46616	0.45504	0.38416	0.38428	0.37391	0	0	0	0	0	0	0	0	0	0	0	0	0	
0.23432	0.32701	0.39313	0.38896	0.45569	0.45581	0.44962	0.42163	0.42361	0.42594	0.29154	0.2964	0	0	0	0	0	0	0	0	0	0	0	0	
0.19418	0.31904	0.36068	0.47474	0.49534	0.47996	0.48652	0.53522	0.39627	0.26726	0.27834	0	0	0	0	0	0	0	0	0	0	0	0	0	
0.2134	0.3202	0.49274	0.45044	0.46468	0.49983	0.50281	0.4499	0.27086	0.28137	0	0	0	0	0	0	0	0	0	0	0	0	0	0	
0.21158	0.44576	0.48306	0.47818	0.49331	0.51545	0.54439	0.52832	0.52495	0.53822	0.58699	0.2584	0.26676	0.26654	0	0	0	0	0	0	0	0	0	0	
0.34895	0.49069	0.51766	0.48753	0.49604	0.54216	0.5591	0.54076	0.52249	0.59063	0.36214	0.27449	0.27213	0	0	0	0	0	0	0	0	0	0	0	
0.41365	0.46464	0.49094	0.47864	0.52533	0.55571	0.51452	0.49803	0.58308	0.3746	0.2886	0.28513	0	0	0	0	0	0	0	0	0	0	0	0	
0.1856	0.31212	0.34923	0.44128	0.47999	0.49334	0.46016	0.47416	0.33865	0.29307	0.29675	0.21934	0	0	0	0	0	0	0	0	0	0	0	0	
0.19683	0.33686	0.42856	0.49603	0.5318	0.55029	0.50321	0.3938	0.38245	0.39013	0.35418	0.323	0.32352	0	0	0	0	0	0	0	0	0	0	0	
0.22192	0.40529	0.53211	0.54814	0.54245	0.51828	0.48717	0.53662	0.45792	0.45156	0.41125	0.40424	0.27889	0.2866	0.2822	0.30168	0	0	0	0	0	0	0	0	
0.25727	0.39435	0.44798	0.47762	0.48187	0.47365	0.54146	0.50745	0.51287	0.52296	0.45869	0.28663	0.29329	0.28535	0.30534	0	0	0	0	0	0	0	0	0	
0.20369	0.32609	0.40544	0.43721	0.45382	0.49571	0.50279	0.49352	0.51484	0.44242	0.28039	0.28523	0.27628	0.29592	0	0	0	0	0	0	0	0	0	0	
0.18425	0.34764	0.42959	0.42885	0.47408	0.53196	0.55657	0.55065	0.52362	0.47311	0.38324	0.36905	0.29316	0	0	0	0	0	0	0	0	0	0	0	
0.24072	0.33784	0.43461	0.44367	0.48631	0.55356	0.56582	0.52025	0.47236	0.41256	0.39587	0.31204	0.30897	0.31683	0.3345	0.37132	0	0	0	0	0	0	0	0	
0.19558	0.33748	0.4592	0.523	0.5694	0.54439	0.51286	0.5556	0.39777	0.34662	0.37814	0.28568	0.29575	0.31608	0.35355	0	0	0	0	0	0	0	0	0	
0.20749	0.40202	0.53754	0.54781	0.54789	0.49607	0.49063	0.42285	0.35082	0.38336	0.28528	0.30034	0.31763	0.35253	0	0	0	0	0	0	0	0	0	0	
0.29623	0.40575	0.50886	0.48267	0.49837	0.46848	0.4729	0.34377	0.37242	0.37165	0.25137	0.27689	0.31545	0	0	0	0	0	0	0	0	0	0	0	
0.22568	0.32787	0.41852	0.42452	0.44022	0.45166	0.32687	0.36436	0.37431	0.32255	0.34474	0.37592	0.27207	0.28031	0.28654	0.29423	0.30338	0.30778	0.2997	0.31151	0.32117	0.32201	0.32142	0.32618	
0.19374	0.34288	0.40752	0.3955	0.45734	0.42404	0.40938	0.40298	0.42062	0.41217	0.25157	0.2625	0.27219	0.27798	0.28471	0.29293	0.2983	0.28958	0.30216	0.31112	0.31188	0.3107	0.31506	0.32522	
0.19314	0.31919	0.41642	0.41558	0.4125	0.47353	0.42665	0.39193	0.4186	0.32107	0.24129	0.25957	0.27056	0.27963	0.29021	0.29444	0.28431	0.29877	0.30852	0.30833	0.30672	0.31182	0.3225	0	
0.1881	0.27744	0.41279	0.39069	0.44745	0.44257	0.47145	0.46634	0.45631	0.45587	0.398	0.41352	0.40922	0.40622	0.3019	0.29048	0.30312	0.31098	0.31085	0.30827	0.31186	0.32128	0	0	
0.16728	0.357	0.42568	0.4811	0.47976	0.5039	0.48277	0.49788	0.48634	0.41091	0.42167	0.41627	0.40816	0.30156	0.29041	0.30112	0.30719	0.30834	0.30525	0.30715	0.31547	0	0	0	
0.26049	0.37598	0.50983	0.51176	0.55152	0.61681	0.55921	0.56796	0.49728	0.5249	0.53379	0.39686	0.28947	0.28132	0.29047	0.2954	0.29915	0.29634	0.2967	0.30437	0	0	0	0	
0.20021	0.44141	0.44507	0.53608	0.56775	0.53752	0.5179	0.47329	0.46697	0.46379	0.40209	0.27812	0.27101	0.27932	0.28319	0.28817	0.28488	0.28447	0.29173	0	0	0	0	0	
0.35264	0.42525	0.57316	0.61262	0.58494	0.52472	0.47045	0.46293	0.45234	0.40705	0.32988	0.27441	0.28119	0.2833	0.28826	0.28373	0.28252	0.28892	0	0	0	0	0	0	
0.19594	0.48317	0.65372	0.63446	0.63492	0.52488	0.48628	0.47505	0.46734	0.4317	0.26162	0.2665	0.2676	0.27613	0.27199	0.26927	0.27503	0	0	0	0	0	0	0	
0.38567	0.66097	0.67844	0.64158	0.55379	0.50507	0.50311	0.47969	0.46593	0.37849	0.38636	0.2747	0.28256	0.27638	0.27299	0.27757	0	0	0	0	0	0	0	0	
0.55321	0.65893	0.68875	0.60529	0.56963	0.51485	0.49347	0.46322	0.27424	0.28163	0.28033	0.28375	0.27492	0.27411	0.27978	0	0	0	0	0	0	0	0	0	
0.20245	0.35141	0.37079	0.40226	0.34929	0.38709	0.39004	0.38999	0.36232	0.31163	0.3122	0.30956	0.29243	0.29784	0	0	0	0	0	0	0	0	0	0	
0.24246	0.33839	0.41395	0.39039	0.44484	0.44444	0.42849	0.40203	0.33987	0.29788	0.29518	0.29471	0.30077	0	0	0	0	0	0	0	0	0	0	0	
0.20017	0.31294	0.35543	0.38589	0.399	0.45795	0.35625	0.32104	0.26532	0.27515	0.2824	0.29236	0	0	0	0	0	0	0	0	0	0	0	0	
0.20261	0.30093	0.39125	0.38438	0.42716	0.39491	0.34147	0.26156	0.26834	0.27397	0.28479	0	0	0	0	0	0	0	0	0	0	0	0	0	
0.19589	0.35006	0.39164	0.40342	0.42904	0.36277	0.34068	0.30326	0.32618	0.32971	0.26334	0	0	0	0	0	0	0	0	0	0	0	0	0	
0.25551	0.34404	0.43389	0.38654	0.35773	0.3571	0.31364	0.33522	0.35104	0.42061	0.43733	0	0	0	0	0	0	0	0	0	0	0	0	0	
0.18372	0.32152	0.33408	0.33334	0.37024	0.34709	0.36598	0.37858	0.46403	0.46712	0.29561	0.31257	0	0	0	0	0	0	0	0	0	0	0	0	
0.18344	0.32678	0.35548	0.45027	0.38091	0.39532	0.41422	0.5058	0.47934	0.29034	0.30435	0	0	0	0	0	0	0	0	0	0	0	0	0	
0.20112	0.30508	0.43558	0.4305	0.46647	0.42726	0.49935	0.47615	0.21722	0	0	0	0	0	0	0	0	0	0	0	0	0	0	0	
0.19062	0.40765	0.44631	0.42271	0.39645	0.49674	0.5074	0.41133	0.43412	0.38781	0	0	0	0	0	0	0	0	0	0	0	0	0	0	
0.32991	0.43108	0.44871	0.45087	0.55347	0.55783	0.51433	0.53556	0.48725	0.35077	0	0	0	0	0	0	0	0	0	0	0	0	0	0	
0.2291	0.35392	0.47386	0.58095	0.57682	0.55055	0.55947	0.5113	0.46823	0	0	0	0	0	0	0	0	0	0	0	0	0	0	0	
0.23912	0.36369	0.55615	0.59325	0.61963	0.55656	0.58316	0.49986	0	0	0	0	0	0	0	0	0	0	0	0	0	0	0	0	
0.22586	0.49466	0.57376	0.62795	0.59013	0.60134	0.52946	0	0	0	0	0	0	0	0	0	0	0	0	0	0	0	0	0	
0.39902	0.60051	0.62741	0.61146	0.63651	0.60261	0.54803	0	0	0	0	0	0	0	0	0	0	0	0	0	0	0	0	0	
0.486	0.63209	0.61198	0.64648	0.5891	0.58279	0.27197	0	0	0	0	0	0	0	0	0	0	0	0	0	0	0	0	0	
0.49615	0.55449	0.59431	0.52111	0.56663	0.5623	0.58089	0.39816	0.23734	0.25408	0	0	0	0	0	0	0	0	0	0	0	0	0	0	
0.2479	0.40612	0.41553	0.489	0.47974	0.48459	0.44247	0.3045	0.33894	0	0	0	0	0	0	0	0	0	0	0	0	0	0	0	
0.28271	0.37298	0.47435	0.47343	0.48857	0.49122	0.48387	0.45049	0.42215	0.22738	0	0	0	0	0	0	0	0	0	0	0	0	0	0	
0.20017	0.39383	0.4495	0.49465	0.48447	0.48028	0.55149	0.56463	0.34119	0.28891	0.34002	0.39054	0.41312	0.41857	0.40931	0.42185	0.41488	0.43952	0	0	0	0	0	0	
0.32028	0.4029	0.48287	0.43596	0.46867	0.53289	0.59931	0.54978	0.19536	0.21145	0	0	0	0	0	0	0	0	0	0	0	0	0	0	
0.22189	0.35726	0.38819	0.46073	0.56835	0.6472	0.6706	0.49847	0.53204	0.60395	0.4216	0.4146	0.40024	0.41639	0.40768	0.42938	0	0	0	0	0	0	0	0	
0.225	0.31959	0.5014	0.52093	0.59524	0.53188	0.55235	0.47104	0.50951	0.55983	0.55299	0.54749	0.42313	0.41125	0.43176	0	0	0	0	0	0	0	0	0	
0.19205	0.39824	0.51298	0.54798	0.55669	0.5664	0.52871	0.58944	0.52377	0.51808	0.53146	0.409	0.39978	0.41949	0	0	0	0	0	0	0	0	0	0	
0.30734	0.44947	0.5297	0.52073	0.54851	0.53698	0.55279	0.53224	0.52868	0.54353	0.50773	0.41228	0.42778	0	0	0	0	0	0	0	0	0	0	0	
0.25118	0.39314	0.46087	0.46621	0.47637	0.50356	0.48553	0.45639	0.47735	0.4982	0.34288	0.36546	0	0	0	0	0	0	0	0	0	0	0	0	
0.25039	0.37064	0.43253	0.41226	0.44534	0.48275	0.47515	0.3761	0.26399	0	0	0	0	0	0	0	0	0	0	0	0	0	0	0	
0.21484	0.34715	0.3899	0.43673	0.41351	0.43771	0.47966	0.50124	0.38989	0	0	0	0	0	0	0	0	0	0	0	0	0	0	0	
0.24105	0.34168	0.44187	0.43451	0.46591	0.50178	0.56227	0.52604	0.43817	0.36144	0.38248	0.23447	0.23917	0.28387	0.31982	0	0	0	0	0	0	0	0	0	
0.2146	0.36628	0.47194	0.47089	0.51624	0.55991	0.57319	0.43083	0.30324	0.32925	0	0	0	0	0	0	0	0	0	0	0	0	0	0	
0.26662	0.36796	0.45023	0.47813	0.57543	0.55732	0.54292	0.49641	0.4912	0.39522	0.38388	0.37504	0.37307	0	0	0	0	0	0	0	0	0	0	0	
0.19471	0.35629	0.4738	0.55416	0.53683	0.52727	0.5044	0.45568	0.39374	0.38913	0.42031	0.44591	0	0	0	0	0	0	0	0	0	0	0	0	
0.23346	0.39842	0.5422	0.53474	0.55656	0.51756	0.51584	0.51342	0.48543	0.42168	0.44865	0	0	0	0	0	0	0	0	0	0	0	0	0	
0.25538	0.44904	0.46338	0.50133	0.47845	0.50347	0.49521	0.48008	0.39193	0.42641	0	0	0	0	0	0	0	0	0	0	0	0	0	0	
0.28408	0.37477	0.44508	0.43953	0.4434	0.48386	0.51825	0.61225	0.49923	0.50698	0.56912	0.47998	0.52618	0	0	0	0	0	0	0	0	0	0	0	
0.21737	0.34834	0.422	0.39874	0.42658	0.46844	0.59875	0.60388	0.50189	0.56066	0.46358	0.50787	0	0	0	0	0	0	0	0	0	0	0	0	
0.24714	0.35304	0.433	0.42168	0.49241	0.63985	0.69223	0.69336	0.71152	0.47103	0.51189	0	0	0	0	0	0	0	0	0	0	0	0	0	
0.20309	0.34958	0.44491	0.47668	0.61644	0.63267	0.5969	0.64728	0.58438	0.63263	0	0	0	0	0	0	0	0	0	0	0	0	0	0	
0.2276	0.39697	0.44435	0.60861	0.64289	0.66322	0.70006	0.5806	0.6218	0	0	0	0	0	0	0	0	0	0	0	0	0	0	0	
0.30482	0.41313	0.62273	0.66752	0.73006	0.78979	0.77215	0.70389	0.66412	0	0	0	0	0	0	0	0	0	0	0	0	0	0	0	
0.23439	0.55779	0.60313	0.64449	0.67695	0.65681	0.62823	0.5908	0	0	0	0	0	0	0	0	0	0	0	0	0	0	0	0	
0.46044	0.58326	0.60669	0.62907	0.61786	0.61451	0.67225	0.34856	0.34876	0	0	0	0	0	0	0	0	0	0	0	0	0	0	0	
0.24301	0.42257	0.50432	0.5171	0.61209	0.59375	0.46187	0.41259	0.40114	0.4145	0.46823	0.47104	0.46789	0.47252	0.50183	0	0	0	0	0	0	0	0	0	
0.35293	0.46216	0.55965	0.55508	0.51721	0.35603	0.37459	0.42791	0.43441	0.47665	0.48764	0.485	0.48462	0.50889	0	0	0	0	0	0	0	0	0	0	
0.27282	0.36655	0.45535	0.44706	0.49008	0.57274	0.53525	0.57308	0.44501	0.47289	0.47756	0.47178	0.49301	0	0	0	0	0	0	0	0	0	0	0	
0.24325	0.42934	0.48524	0.47871	0.56553	0.64034	0.69599	0.66467	0.69582	0.4794	0.47083	0.49384	0	0	0	0	0	0	0	0	0	0	0	0	
0.31138	0.39209	0.47538	0.46998	0.49988	0.58651	0.57536	0.62518	0.46805	0.45843	0.48525	0	0	0	0	0	0	0	0	0	0	0	0	0	
0.25428	0.36769	0.44379	0.42935	0.461	0.4772	0.49614	0.43349	0.46033	0.4721	0	0	0	0	0	0	0	0	0	0	0	0	0	0	
0.23276	0.35105	0.39171	0.38408	0.37234	0.405	0.44227	0.46734	0.47765	0	0	0	0	0	0	0	0	0	0	0	0	0	0	0	
0.23516	0.36212	0.35542	0.37287	0.4822	0.33828	0.37429	0.32439	0	0	0	0	0	0	0	0	0	0	0	0	0	0	0	0	
0.20083	0.30111	0.38601	0.49802	0.47822	0.49856	0.54695	0	0	0	0	0	0	0	0	0	0	0	0	0	0	0	0	0	
0.19053	0.30352	0.42013	0.4366	0.45367	0.49455	0.37383	0.37993	0.22068	0.21709	0	0	0	0	0	0	0	0	0	0	0	0	0	0	
0.18784	0.35232	0.41053	0.45123	0.48684	0.47186	0.44146	0.40584	0.43482	0.48588	0.45696	0.45926	0.48319	0.46357	0.4723	0.45198	0	0	0	0	0	0	0	0	
0.22321	0.34891	0.40947	0.43563	0.4181	0.42337	0.38333	0.41431	0.47311	0.44148	0.43954	0.46395	0.44348	0.45094	0.42793	0	0	0	0	0	0	0	0	0	
0.22833	0.32255	0.40231	0.36681	0.39246	0.44074	0.44968	0.45044	0.42781	0.42208	0.44424	0.42091	0.42743	0.40315	0	0	0	0	0	0	0	0	0	0	
0.19545	0.28013	0.41654	0.41188	0.42289	0.47024	0.44882	0.44028	0.52958	0.44704	0.4185	0.4236	0.39933	0	0	0	0	0	0	0	0	0	0	0	
0.19108	0.31746	0.36662	0.41668	0.42103	0.45617	0.4707	0.53785	0.48018	0.44317	0.44585	0.42068	0	0	0	0	0	0	0	0	0	0	0	0	
0.20235	0.32209	0.41998	0.46291	0.49402	0.54587	0.57098	0.43187	0.39204	0.40228	0.38312	0	0	0	0	0	0	0	0	0	0	0	0	0	
0.19726	0.32826	0.42142	0.47616	0.52814	0.50862	0.48505	0.49022	0.48901	0.41163	0	0	0	0	0	0	0	0	0	0	0	0	0	0	
0.20449	0.35652	0.42845	0.44659	0.49815	0.51162	0.54593	0.43279	0.37333	0	0	0	0	0	0	0	0	0	0	0	0	0	0	0	
0.21128	0.3364	0.4061	0.43632	0.44302	0.49508	0.46242	0.36139	0	0	0	0	0	0	0	0	0	0	0	0	0	0	0	0	
