0	0.96183	0.93548	0.81818	0.66667	0.5	1	0	0	0	0	0	0	0	0	0	0	0	0	0	0	0	0	0	
0	0.93966	0.92	0.7	0.5	0.5	0	0	0	0	0	0	0	0	0	0	0	0	0	0	0	0	0	0	
0	0.95536	0.91429	0.72727	0.66667	0	0	0	0	0	0	0	0	0	0	0	0	0	0	0	0	0	0	0	
0	0.88889	0.82051	0.66667	0.66667	0.5	0	0	0	0	0	0	0	0	0	0	0	0	0	0	0	0	0	0	
0	0.89062	0.8125	0.88889	0.75	0	0	0	0	0	0	0	0	0	0	0	0	0	0	0	0	0	0	0	
0	0.94326	0.92593	0.77778	1	1	0	0	0	0	0	0	0	0	0	0	0	0	0	0	0	0	0	0	
0	0.96269	0.86842	0.75	0.66667	0.5	0	0	0	0	0	0	0	0	0	0	0	0	0	0	0	0	0	0	
0	0.95775	0.90476	0.92308	0.8	1	1	1	1	0	0	0	0	0	0	0	0	0	0	0	0	0	0	0	
0	0.97778	0.84375	0.91667	0.5	0	0	0	0	0	0	0	0	0	0	0	0	0	0	0	0	0	0	0	
0	0.97778	0.89189	0.83333	0.85714	0.75	0.75	1	0	0	0	0	0	0	0	0	0	0	0	0	0	0	0	0	
0	0.96026	0.92857	0.8	0.8	1	1	0	0	0	0	0	0	0	0	0	0	0	0	0	0	0	0	0	
0	0.94615	0.85417	0.77778	0.875	0.5	0	0	0	0	0	0	0	0	0	0	0	0	0	0	0	0	0	0	
0	0.89143	0.83929	0.85714	0.71429	0.5	0	0	0	0	0	0	0	0	0	0	0	0	0	0	0	0	0	0	
0	0.95484	0.93878	0.89474	0.85714	0.66667	0	0	0	0	0	0	0	0	0	0	0	0	0	0	0	0	0	0	
0	0.96835	0.93878	0.82353	0.71429	0	0	0	0	0	0	0	0	0	0	0	0	0	0	0	0	0	0	0	
0	0.95946	0.95238	0.95	1	1	1	1	1	0	0	0	0	0	0	0	0	0	0	0	0	0	0	0	
0	0.96875	0.9434	1	1	1	1	1	1	1	1	0	0	0	0	0	0	0	0	0	0	0	0	0	
0	0.94972	0.90625	0.92857	0.88235	0.9	0.85714	0.8	0.75	0.75	0	0	0	0	0	0	0	0	0	0	0	0	0	0	
0	0.92784	0.88889	0.85185	0.82353	0.875	0.83333	0.75	0.75	0	0	0	0	0	0	0	0	0	0	0	0	0	0	0	
0	0.95973	0.94444	0.92857	0.85714	0.81818	0.8	0.8	0	0	0	0	0	0	0	0	0	0	0	0	0	0	0	0	
0	0.93023	0.90541	0.84848	0.75	0.77778	0.75	0.33333	0.5	1	1	1	0	0	0	0	0	0	0	0	0	0	0	0	
0	0.9116	0.9	0.84375	0.83333	0.77778	0.33333	0.5	1	1	1	0	0	0	0	0	0	0	0	0	0	0	0	0	
0	0.96133	0.88889	0.92	0.8	0.57143	0.5	1	1	1	0	0	0	0	0	0	0	0	0	0	0	0	0	0	
0	0.92513	0.94231	0.96	0.88889	0.83333	1	1	1	1	0	0	0	0	0	0	0	0	0	0	0	0	0	0	
0	0.95263	0.92647	0.92857	0.92857	1	1	1	1	0	0	0	0	0	0	0	0	0	0	0	0	0	0	0	
0	0.94388	0.91045	0.90625	0.91667	0.8	0.5	0	0	0	0	0	0	0	0	0	0	0	0	0	0	0	0	0	
0	0.92478	0.94253	0.97059	0.88889	0.75	0.75	0.5	1	1	1	1	1	1	1	0	0	0	0	0	0	0	0	0	
0	0.95102	0.81928	0.8	0.84615	1	1	1	1	1	1	1	1	1	0	0	0	0	0	0	0	0	0	0	
0	0.93913	0.92754	0.92857	1	1	1	1	1	1	1	1	1	0	0	0	0	0	0	0	0	0	0	0	
0	0.94323	0.825	0.87805	0.82353	0.875	1	1	1	1	1	1	0	0	0	0	0	0	0	0	0	0	0	0	
0	0.95437	0.91429	0.9375	0.93333	1	1	1	1	1	1	0	0	0	0	0	0	0	0	0	0	0	0	0	
0	0.9505	0.92708	0.93333	0.95455	1	1	1	1	1	0	0	0	0	0	0	0	0	0	0	0	0	0	0	
0	0.94444	0.90526	0.93023	0.88889	0.77778	0.66667	0	0	0	0	0	0	0	0	0	0	0	0	0	0	0	0	0	
0	0.88926	0.96226	0.95122	0.95455	1	1	1	0	0	0	0	0	0	0	0	0	0	0	0	0	0	0	0	
0	0.91798	0.85981	0.86667	0.8	0.83333	1	0	0	0	0	0	0	0	0	0	0	0	0	0	0	0	0	0	
0	0.94265	0.93878	0.96552	0.91667	1	0.5	0.5	0.5	0	0	0	0	0	0	0	0	0	0	0	0	0	0	0	
0	0.97333	0.97087	0.90698	1	0.83333	0.66667	0.66667	1	0	0	0	0	0	0	0	0	0	0	0	0	0	0	0	
0	0.96419	0.96296	1	0.93103	0.86667	0.85714	1	0	0	0	0	0	0	0	0	0	0	0	0	0	0	0	0	
0	0.95733	0.94783	0.8913	0.77273	0.7	1	0	0	0	0	0	0	0	0	0	0	0	0	0	0	0	0	0	
0	0.99153	0.94059	0.93617	0.90909	1	0.66667	0.66667	1	1	1	0	0	0	0	0	0	0	0	0	0	0	0	0	
0	0.96927	0.944	0.87037	0.9	0.85714	0.8	1	1	1	0.5	0	0	0	0	0	0	0	0	0	0	0	0	0	
0	0.95884	0.9375	0.96491	0.90476	0.85714	0.875	1	1	1	1	0	0	0	0	0	0	0	0	0	0	0	0	0	
0	0.95909	0.90845	0.90196	0.84615	0.91667	1	1	1	1	1	0	0	0	0	0	0	0	0	0	0	0	0	0	
0	0.95672	0.94615	0.92453	0.92	0.88889	1	1	1	1	0	0	0	0	0	0	0	0	0	0	0	0	0	0	
0	0.95718	0.93662	0.94118	0.90476	0.91667	0.88889	0.8	0.66667	0.5	0.5	0	0	0	0	0	0	0	0	0	0	0	0	0	
0	0.95872	0.94615	0.88889	0.92308	0.875	0.83333	0.66667	0.5	0.5	0	0	0	0	0	0	0	0	0	0	0	0	0	0	
0	0.96401	0.92647	0.89831	0.93103	0.85714	0.83333	0.66667	0.66667	1	1	1	1	1	1	1	0	0	0	0	0	0	0	0	
0	0.95181	0.92903	0.93939	0.82759	0.83333	0.83333	0.8	1	1	1	1	1	1	1	0	0	0	0	0	0	0	0	0	
0	0.95824	0.94012	0.90361	0.82353	0.77778	0.75	1	1	1	1	1	1	1	1	1	1	1	1	1	1	1	1	0	
0	0.95985	0.82075	0.74648	0.76667	0.76471	0.9	1	1	1	1	1	1	1	1	1	1	1	1	1	1	1	0	0	
0	0.96565	0.9422	0.93902	0.95556	1	1	1	1	1	1	1	1	1	1	1	1	1	1	1	1	0	0	0	
0	0.95893	0.94581	0.94624	0.98	0.96552	0.9375	0.85714	0.75	0.75	1	1	1	1	1	1	1	1	1	1	0	0	0	0	
0	0.97303	0.96135	0.96809	0.96154	0.93103	0.92857	1	1	1	1	1	1	1	1	1	1	1	1	0	0	0	0	0	
0	0.95963	0.93204	0.91398	0.87234	0.77273	0.76471	0.83333	0.71429	0.5	0.66667	1	1	1	1	1	1	1	0	0	0	0	0	0	
0	0.98311	0.96569	0.94624	0.93182	0.87097	0.90476	0.83333	0.75	0.66667	1	1	1	1	1	1	1	0	0	0	0	0	0	0	
0	0.96479	0.97009	0.93458	0.91935	0.93939	0.89474	0.85714	0.8	1	1	1	1	1	1	1	0	0	0	0	0	0	0	0	
0	0.97227	0.95853	0.92857	0.94828	0.9	0.86667	0.875	0.5	1	1	1	1	1	1	0	0	0	0	0	0	0	0	0	
0	0.96685	0.94318	0.94355	0.93846	0.875	0.88889	0.83333	1	1	1	1	1	1	0	0	0	0	0	0	0	0	0	0	
0	0.97015	0.92929	0.90076	0.9403	0.94872	0.94118	1	0.75	1	1	1	1	0	0	0	0	0	0	0	0	0	0	0	
0	0.98003	0.94891	0.95385	0.91176	0.85294	1	0.90909	1	1	1	1	1	0	0	0	0	0	0	0	0	0	0	0	
0	0.9679	0.95131	0.92248	0.84483	0.90625	0.85	0.92857	1	1	1	1	1	0	0	0	0	0	0	0	0	0	0	0	
0	0.96615	0.94558	0.91096	0.95775	0.94872	0.96154	1	1	1	1	1	1	0	0	0	0	0	0	0	0	0	0	0	
0	0.98248	0.9537	0.95	0.95349	0.96	0.96552	1	1	1	1	1	1	1	1	1	1	1	1	1	1	1	1	1	
0	0.97047	0.96667	0.97419	1	1	1	1	1	1	1	1	1	1	1	1	1	1	1	1	1	1	1	1	
0	0.98223	0.97305	0.97368	0.96053	0.97561	0.96296	0.94737	1	1	1	1	1	1	1	1	1	1	1	1	1	1	1	1	
0	0.97847	0.93127	0.93284	0.94444	0.95556	0.9375	1	1	1	1	1	1	1	1	1	1	1	1	1	1	1	1	1	
0	0.98187	0.93262	0.93382	0.93151	0.9	0.87097	0.77778	0.81818	0.875	0.85714	0.85714	1	1	1	1	1	1	1	1	1	1	1	1	
0	0.98016	0.96677	0.98013	0.98936	0.98413	0.97561	0.96	0.94737	1	1	1	1	1	1	1	1	1	1	1	1	1	1	1	
0	0.99107	0.97403	0.98295	0.9596	0.93103	0.88235	0.91304	0.9375	1	1	1	1	1	1	1	1	1	1	1	1	1	1	1	
0	0.9854	0.95866	0.91133	0.87288	0.84722	0.83333	0.85714	0.85185	0.875	0.85714	0.9	0.83333	0.66667	1	1	1	1	1	1	1	1	1	0	
0	0.98002	0.95037	0.9378	0.91228	0.91549	0.92157	0.97143	0.94737	1	1	1	1	1	1	1	1	1	1	1	1	1	0	0	
0	0.98559	0.93394	0.92609	0.92126	0.91139	0.93478	0.96	1	1	1	1	1	1	1	1	1	1	1	1	1	0	0	0	
0	0.97855	0.92982	0.91964	0.90977	0.91892	0.90476	0.88889	0.94444	0.91667	0.85714	0.8	1	1	0.5	1	1	1	1	1	0	0	0	0	
0	0.97405	0.92	0.89224	0.86777	0.85075	0.88095	0.92593	0.88889	0.83333	0.875	1	1	0.5	1	1	1	1	1	0	0	0	0	0	
0	0.97822	0.94811	0.94619	0.90654	0.93651	0.95122	0.88889	0.89474	0.92308	1	1	0.75	1	1	1	1	1	0	0	0	0	0	0	
0	0.97567	0.84833	0.83333	0.81553	0.75862	0.68571	0.72727	0.73333	0.83333	1	0.75	1	1	1	1	1	0	0	0	0	0	0	0	
0	0.97505	0.81285	0.83077	0.73737	0.72414	0.61765	0.7	0.75	0.8	0.6	0.66667	0.5	0.5	0	0	0	0	0	0	0	0	0	0	
0	0.97421	0.95467	0.94083	0.91011	0.875	0.92308	1	0.85714	0.83333	1	1	1	1	1	0	0	0	0	0	0	0	0	0	
0	0.98531	0.96308	0.96226	0.92593	0.97778	1	0.9	0.85714	1	1	1	1	1	0	0	0	0	0	0	0	0	0	0	
0	0.98515	0.95482	0.94702	0.96552	1	0.95652	0.9375	1	1	1	1	1	0	0	0	0	0	0	0	0	0	0	0	
0	0.97595	0.875	0.875	0.89157	0.84615	0.84615	0.83333	0.875	1	1	1	0	0	0	0	0	0	0	0	0	0	0	0	
0	0.97821	0.94753	0.93038	0.90909	0.84783	0.80952	0.91667	1	1	1	0	0	0	0	0	0	0	0	0	0	0	0	0	
0	0.97389	0.88997	0.87586	0.8125	0.86111	0.95238	1	1	1	0	0	0	0	0	0	0	0	0	0	0	0	0	0	
0	0.98131	0.94684	0.9058	0.92593	0.96667	1	1	1	1	0	0	0	0	0	0	0	0	0	0	0	0	0	0	
0	0.98523	0.93077	0.90196	0.91667	0.86364	0.88889	0.75	1	0	0	0	0	0	0	0	0	0	0	0	0	0	0	0	
0	0.9736	0.93913	0.92708	0.86047	0.95	1	1	1	0	0	0	0	0	0	0	0	0	0	0	0	0	0	0	
0	0.95953	0.94366	0.94253	0.97297	1	1	1	0.5	0.5	1	1	1	0	0	0	0	0	0	0	0	0	0	0	
0	0.97364	0.93939	0.92	0.96296	1	0.75	0.33333	0.33333	0.5	1	1	0	0	0	0	0	0	0	0	0	0	0	0	
0	0.9606	0.92737	0.92647	0.90476	0.85714	0.5	0.33333	0.5	1	1	0	0	0	0	0	0	0	0	0	0	0	0	0	
0	0.94653	0.97024	0.96667	0.90909	0.7	0.4	0.5	1	1	0	0	0	0	0	0	0	0	0	0	0	0	0	0	
0	0.96288	0.90071	0.86047	0.6	0.625	0.66667	1	1	0	0	0	0	0	0	0	0	0	0	0	0	0	0	0	
0	0.97268	0.92308	0.81579	0.61538	0.25	1	1	0	0	0	0	0	0	0	0	0	0	0	0	0	0	0	0	
0	0.93248	0.90435	0.875	0.8125	1	1	1	1	1	1	0	0	0	0	0	0	0	0	0	0	0	0	0	
0	0.95765	0.92222	0.85714	0.9375	0.81818	1	1	1	1	1	1	1	0	0	0	0	0	0	0	0	0	0	0	
0	0.92466	0.89362	0.87037	0.86207	0.625	1	1	1	1	1	1	0	0	0	0	0	0	0	0	0	0	0	0	
0	0.93651	0.91398	0.90698	0.83333	0.88889	0.83333	1	1	1	1	0	0	0	0	0	0	0	0	0	0	0	0	0	
0	0.96014	0.93805	0.83721	0.88235	0.91667	0.75	1	1	1	0.5	1	0	0	0	0	0	0	0	0	0	0	0	0	
0	0.97771	0.9187	0.91667	0.92593	0.90909	0.8	1	1	0.5	1	0	0	0	0	0	0	0	0	0	0	0	0	0	
0	0.94393	0.94167	0.94737	0.92	0.86667	0.75	0.66667	0.66667	1	0	0	0	0	0	0	0	0	0	0	0	0	0	0	
0	0.94231	0.90698	0.89091	0.83333	0.92857	0.9	1	1	1	1	0	0	0	0	0	0	0	0	0	0	0	0	0	
0	0.93939	0.91935	0.85294	0.82353	0.73077	0.73333	0.875	0.8	1	0	0	0	0	0	0	0	0	0	0	0	0	0	0	
0	0.93605	0.87943	0.91667	0.84783	0.88	0.875	0.77778	0.83333	1	1	1	1	0	0	0	0	0	0	0	0	0	0	0	
0	0.95039	0.95322	0.91209	0.88889	0.88	0.83333	0.85714	1	1	1	1	0	0	0	0	0	0	0	0	0	0	0	0	
0	0.96503	0.93651	0.9	0.86667	0.86957	1	1	1	1	1	0	0	0	0	0	0	0	0	0	0	0	0	0	
0	0.96028	0.94118	0.9	0.83784	0.84211	0.88889	1	1	1	0	0	0	0	0	0	0	0	0	0	0	0	0	0	
0	0.9525	0.92727	0.90909	0.86842	0.85714	0.9	1	1	0	0	0	0	0	0	0	0	0	0	0	0	0	0	0	
0	0.95444	0.95556	0.95294	0.91429	0.95	1	1	1	1	1	1	1	0	0	0	0	0	0	0	0	0	0	0	
0	0.97441	0.93194	0.89189	0.93333	0.89474	0.88889	0.8	1	1	1	1	1	1	1	1	1	1	1	0	0	0	0	0	
0	0.95662	0.93333	0.93671	0.94444	0.94444	0.875	1	1	1	1	1	1	1	1	1	1	1	0	0	0	0	0	0	
0	0.92386	0.93413	0.91429	0.94286	0.9375	0.875	0.83333	0.8	1	1	1	1	1	1	1	1	0	0	0	0	0	0	0	
0	0.94823	0.93182	0.94828	0.91667	0.85714	0.90909	0.83333	1	1	1	1	1	1	1	1	0	0	0	0	0	0	0	0	
0	0.95801	0.94615	0.9	0.88	0.91667	0.8	1	1	1	1	1	1	1	1	0	0	0	0	0	0	0	0	0	
0	0.9633	0.92157	0.89583	0.88235	0.81818	1	1	1	1	1	1	1	1	0	0	0	0	0	0	0	0	0	0	
0	0.94463	0.93043	0.92857	0.81818	0.8	0.5	1	0	0	0	0	0	0	0	0	0	0	0	0	0	0	0	0	
0	0.94035	0.92308	0.92	0.88	0.7	0.75	0.66667	0.66667	0.5	0.5	1	0	0	0	0	0	0	0	0	0	0	0	0	
0	0.93993	0.92562	0.89655	0.86957	0.90909	0.8	0.75	0.5	0.5	1	0	0	0	0	0	0	0	0	0	0	0	0	0	
0	0.9396	0.92	0.95556	0.95652	1	1	1	1	1	1	1	1	0	0	0	0	0	0	0	0	0	0	0	
0	0.9573	0.94444	0.94444	0.94737	1	1	1	1	1	1	1	0	0	0	0	0	0	0	0	0	0	0	0	
0	0.93976	0.93103	0.97143	1	1	1	1	1	1	1	0	0	0	0	0	0	0	0	0	0	0	0	0	
0	0.95257	0.91566	0.84848	0.82353	0.8	0.6	0.66667	0.5	0.5	0	0	0	0	0	0	0	0	0	0	0	0	0	0	
0	0.95588	0.84286	0.90909	0.88889	0.9	0.83333	0.75	0.66667	1	0	0	0	0	0	0	0	0	0	0	0	0	0	0	
0	0.95789	0.96154	0.92857	0.91667	0.85714	0.8	0.75	1	0	0	0	0	0	0	0	0	0	0	0	0	0	0	0	
0	0.95238	0.93548	0.89286	0.86667	0.88889	0.8	1	1	0	0	0	0	0	0	0	0	0	0	0	0	0	0	0	
0	0.93182	0.91045	0.88	0.92308	0.875	1	1	1	0	0	0	0	0	0	0	0	0	0	0	0	0	0	0	
0	0.91279	0.80882	0.7	0.58824	0.875	0.83333	1	1	1	1	1	1	0	0	0	0	0	0	0	0	0	0	0	
0	0.93782	0.89041	0.75	0.89474	1	1	1	0.75	0.75	0.75	0.75	0	0	0	0	0	0	0	0	0	0	0	0	
0	0.96023	0.83607	0.89655	0.94444	1	1	1	1	1	1	0	0	0	0	0	0	0	0	0	0	0	0	0	
0	0.87135	0.91935	0.96429	1	1	1	1	1	1	0	0	0	0	0	0	0	0	0	0	0	0	0	0	
0	0.875	0.90741	0.96	0.92857	0.83333	0.83333	0.75	0.75	0	0	0	0	0	0	0	0	0	0	0	0	0	0	0	
0	0.93333	0.94203	0.90625	0.85	0.9	0.8	0.75	0	0	0	0	0	0	0	0	0	0	0	0	0	0	0	0	
0	0.95	0.9	0.85185	0.81818	0.66667	0.75	0	0	0	0	0	0	0	0	0	0	0	0	0	0	0	0	0	
0	0.9548	0.9	0.90476	0.9	0.85714	0.75	0.5	1	0	0	0	0	0	0	0	0	0	0	0	0	0	0	0	
0	0.94483	0.95652	0.94118	0.875	0.75	0.5	1	0	0	0	0	0	0	0	0	0	0	0	0	0	0	0	0	
0	0.95597	0.94828	0.95833	0.84615	0.875	0.66667	1	1	0.5	0	0	0	0	0	0	0	0	0	0	0	0	0	0	
0	0.97561	0.93939	0.92857	0.92308	0.875	1	1	0.5	0	0	0	0	0	0	0	0	0	0	0	0	0	0	0	
0	0.97076	0.97368	1	1	1	1	0.66667	1	1	0	0	0	0	0	0	0	0	0	0	0	0	0	0	
0	0.97884	0.91525	0.88235	0.89474	0.83333	0.57143	1	1	1	1	0	0	0	0	0	0	0	0	0	0	0	0	0	
0	0.96711	0.95161	0.88	0.8	0.6	0.83333	1	1	1	0.5	0.5	0.5	0	0	0	0	0	0	0	0	0	0	0	
0	0.96429	0.93443	0.83333	0.78947	0.9	1	1	1	0.66667	0.5	0.5	0	0	0	0	0	0	0	0	0	0	0	0	
0	0.9645	0.92647	0.9375	0.94444	1	1	1	1	0.5	0.5	0	0	0	0	0	0	0	0	0	0	0	0	0	
0	0.92697	0.92308	0.87097	0.85	1	1	0.75	0.66667	0.5	0	0	0	0	0	0	0	0	0	0	0	0	0	0	
0	0.94318	0.88732	0.8	1	1	1	0.66667	1	0	0	0	0	0	0	0	0	0	0	0	0	0	0	0	
0	0.92045	0.92105	1	0.91667	1	0.75	1	0	0	0	0	0	0	0	0	0	0	0	0	0	0	0	0	
0	0.93909	0.94937	0.94444	0.90909	0.90909	1	1	0	0	0	0	0	0	0	0	0	0	0	0	0	0	0	0	
0	0.94857	0.96053	0.89744	0.94118	1	1	1	1	0	0	0	0	0	0	0	0	0	0	0	0	0	0	0	
0	0.95122	0.92647	0.93333	0.92308	1	1	1	0	0	0	0	0	0	0	0	0	0	0	0	0	0	0	0	
0	0.89441	0.89655	0.86364	0.83333	0.75	0.6	0	0	0	0	0	0	0	0	0	0	0	0	0	0	0	0	0	
0	0.96296	0.94231	0.92857	1	1	0	0	0	0	0	0	0	0	0	0	0	0	0	0	0	0	0	0	
0	0.92025	0.95082	0.96296	1	1	0	0	0	0	0	0	0	0	0	0	0	0	0	0	0	0	0	0	
0	0.95833	0.92537	1	1	0	0	0	0	0	0	0	0	0	0	0	0	0	0	0	0	0	0	0	
0	0.93168	0.97917	0.8	0.5	1	0	0	0	0	0	0	0	0	0	0	0	0	0	0	0	0	0	0	
0	0.95	0.92308	0.88889	0.875	0.8	0.75	0.66667	0	0	0	0	0	0	0	0	0	0	0	0	0	0	0	0	
0	0.92025	0.77586	0.85714	0.81818	1	1	1	0	0	0	0	0	0	0	0	0	0	0	0	0	0	0	0	
0	0.74843	0.79592	0.78261	0.78571	0.7	0.5	0.33333	0.33333	0.5	0	0	0	0	0	0	0	0	0	0	0	0	0	0	
0	0.83333	0.83636	0.84	0.75	0.4	0.5	0.33333	0.5	0	0	0	0	0	0	0	0	0	0	0	0	0	0	0	
0	0.98701	0.95161	0.93103	0.66667	0.57143	0.6	0.75	0	0	0	0	0	0	0	0	0	0	0	0	0	0	0	0	
0	0.91772	0.87302	0.79167	0.76923	0.71429	0.8	0	0	0	0	0	0	0	0	0	0	0	0	0	0	0	0	0	
0	0.89881	0.80357	0.88889	0.84615	0.875	0.33333	0	0	0	0	0	0	0	0	0	0	0	0	0	0	0	0	0	
0	0.86957	0.86364	0.82353	0.85714	0.83333	0.33333	0.5	0	0	0	0	0	0	0	0	0	0	0	0	0	0	0	0	
0	0.93548	0.95714	1	1	0.875	1	1	1	0.5	0	0	0	0	0	0	0	0	0	0	0	0	0	0	
0	0.98429	0.94805	0.91429	1	1	1	1	0.5	0	0	0	0	0	0	0	0	0	0	0	0	0	0	0	
0	0.94313	0.88608	0.87879	0.85714	0.9	0.8	0.5	0.5	1	0	0	0	0	0	0	0	0	0	0	0	0	0	0	
0	0.93056	0.92593	0.95122	0.95	1	0.875	0.75	1	1	1	1	1	1	1	1	1	0	0	0	0	0	0	0	
0	0.88793	0.91209	0.92683	0.96	0.875	0.8	1	1	1	1	1	1	1	1	1	0	0	0	0	0	0	0	0	
0	0.89431	0.92473	0.9434	0.96154	0.83333	1	1	0.66667	0.5	0.5	1	1	1	1	0	0	0	0	0	0	0	0	0	
0	0.9177	0.90196	0.91667	0.86364	0.83333	0.8	0.66667	0.5	0.5	1	1	1	1	0	0	0	0	0	0	0	0	0	0	
0	0.9098	0.82105	0.85714	0.84615	0.875	0.75	1	1	1	1	1	1	0	0	0	0	0	0	0	0	0	0	0	
0	0.90038	0.87356	0.83333	0.875	0.875	1	1	1	1	1	1	0	0	0	0	0	0	0	0	0	0	0	0	
0	0.91667	0.92208	0.97222	0.77778	0.8	1	1	1	1	1	0	0	0	0	0	0	0	0	0	0	0	0	0	
0	0.93004	0.93878	0.7381	0.68421	0.90909	1	1	1	1	0	0	0	0	0	0	0	0	0	0	0	0	0	0	
0	0.94928	0.78	0.76744	0.90476	1	0.83333	0.75	1	1	0	0	0	0	0	0	0	0	0	0	0	0	0	0	
0	0.78346	0.78218	0.8913	0.95652	0.875	0.9	1	1	0	0	0	0	0	0	0	0	0	0	0	0	0	0	0	
0	0.81707	0.90217	0.92105	0.875	0.875	0.9	1	1	1	1	1	1	1	0	0	0	0	0	0	0	0	0	0	
0	0.94937	0.91111	0.92308	0.95652	1	1	1	1	1	1	1	1	0	0	0	0	0	0	0	0	0	0	0	
0	0.95703	0.94253	0.93878	1	1	1	1	1	1	1	1	0	0	0	0	0	0	0	0	0	0	0	0	
0	0.89831	0.90291	0.90385	0.89474	1	1	1	1	1	1	0	0	0	0	0	0	0	0	0	0	0	0	0	
0	0.92664	0.88679	0.87179	1	1	1	1	1	1	0	0	0	0	0	0	0	0	0	0	0	0	0	0	
0	0.93238	0.85437	0.95238	0.80952	0.9	1	1	0	0	0	0	0	0	0	0	0	0	0	0	0	0	0	0	
0	0.89734	0.91111	0.90244	1	0.9	0.8	0.5	0	0	0	0	0	0	0	0	0	0	0	0	0	0	0	0	
0	0.91608	0.8972	0.95238	0.93333	1	1	1	1	1	1	1	1	1	0	0	0	0	0	0	0	0	0	0	
0	0.91765	0.93023	0.91429	0.9375	1	1	1	1	1	1	1	1	0	0	0	0	0	0	0	0	0	0	0	
0	0.89157	0.91566	0.96774	1	1	1	1	1	1	1	1	0	0	0	0	0	0	0	0	0	0	0	0	
0	0.9188	0.9726	0.9697	1	1	1	1	1	1	1	0	0	0	0	0	0	0	0	0	0	0	0	0	
0	0.96277	0.96154	0.97143	0.88889	0.875	1	1	1	1	1	0	0	0	0	0	0	0	0	0	0	0	0	0	
0	0.96117	0.91429	0.85185	0.82353	0.88889	0.83333	1	1	1	1	0	0	0	0	0	0	0	0	0	0	0	0	0	
0	0.93204	0.89394	0.80645	0.8	0.77778	1	1	1	1	0	0	0	0	0	0	0	0	0	0	0	0	0	0	
0	0.91444	0.90123	0.88571	0.85	0.91667	1	1	1	1	1	0	0	0	0	0	0	0	0	0	0	0	0	0	
0	0.94054	0.95161	0.9375	0.94444	1	1	1	1	1	0	0	0	0	0	0	0	0	0	0	0	0	0	0	
0	0.93548	0.93939	0.96774	1	1	1	1	1	0	0	0	0	0	0	0	0	0	0	0	0	0	0	0	
0	0.95376	0.96429	0.96552	0.89474	0.8	1	1	0.5	1	1	1	1	0	0	0	0	0	0	0	0	0	0	0	
0	0.95506	0.91549	0.89655	0.85714	1	1	0.66667	1	1	1	1	0	0	0	0	0	0	0	0	0	0	0	0	
0	0.9697	0.98876	0.97368	1	1	0.85714	1	1	1	1	1	1	1	1	1	1	1	1	1	1	0	0	0	
0	0.96018	0.97436	0.97297	1	0.92308	1	1	1	1	1	1	1	1	1	1	1	1	1	1	0	0	0	0	
0	0.96316	0.92958	0.97436	0.94118	1	1	1	1	1	1	1	1	1	1	1	1	1	1	0	0	0	0	0	
0	0.98058	0.98889	0.96875	1	1	1	1	1	1	1	1	1	1	1	1	1	1	0	0	0	0	0	0	
0	0.98148	0.98667	1	1	1	1	1	1	1	1	1	1	1	1	1	1	0	0	0	0	0	0	0	
0	0.9734	0.97183	0.97143	1	1	1	1	1	1	1	1	1	1	1	1	0	0	0	0	0	0	0	0	
0	0.95455	0.96875	0.98	1	1	1	1	1	1	1	1	1	1	1	0	0	0	0	0	0	0	0	0	
0	0.94821	0.94017	0.93333	1	1	1	1	1	1	1	1	1	1	0	0	0	0	0	0	0	0	0	0	
0	0.95588	0.9011	0.95918	0.95652	0.92308	0.88889	0.85714	0.66667	0.66667	1	1	1	0	0	0	0	0	0	0	0	0	0	0	
0	0.94141	0.94545	0.97674	0.96	0.9375	0.90909	0.85714	0.83333	1	1	1	0	0	0	0	0	0	0	0	0	0	0	0	
0	0.96565	0.96078	0.98077	0.96296	0.94444	0.9	0.85714	1	1	1	0	0	0	0	0	0	0	0	0	0	0	0	0	
0	0.96564	0.94828	0.92982	0.91429	0.84211	0.78571	0.625	0.6	0.5	0	0	0	0	0	0	0	0	0	0	0	0	0	0	
0	0.94942	0.92157	0.90741	0.96429	0.9375	0.85714	1	1	0	0	0	0	0	0	0	0	0	0	0	0	0	0	0	
0	0.95131	0.89623	0.95349	0.90909	0.81818	1	1	0	0	0	0	0	0	0	0	0	0	0	0	0	0	0	0	
0	0.95	0.96117	0.94444	0.91304	0.875	0.83333	0.8	1	0	0	0	0	0	0	0	0	0	0	0	0	0	0	0	
0	0.95668	0.90351	0.81633	0.83871	0.8	0.7	0.66667	1	1	1	1	1	1	1	1	1	1	1	1	0	0	0	0	
0	0.95714	0.91753	0.92727	0.9	0.83333	0.9	1	1	1	1	1	1	1	1	1	1	1	1	0	0	0	0	0	
0	0.95572	0.95413	0.96429	0.94595	0.95238	1	1	1	1	1	1	1	1	1	1	1	1	0	0	0	0	0	0	
0	0.93436	0.94898	0.91525	0.9375	1	1	1	1	0.66667	0.66667	0.5	1	1	1	1	1	0	0	0	0	0	0	0	
0	0.94378	0.94118	0.91803	1	1	0.88889	1	1	1	1	1	1	1	1	1	0	0	0	0	0	0	0	0	
0	0.96633	0.95556	0.96364	0.93548	0.88235	0.81818	0.83333	0.66667	0.5	1	1	1	1	1	0	0	0	0	0	0	0	0	0	
0	0.96232	0.95588	0.91667	0.86667	0.84615	0.77778	0.75	0.66667	1	1	1	1	1	0	0	0	0	0	0	0	0	0	0	
0	0.96697	0.89781	0.90741	0.90909	0.91667	0.71429	0.75	1	1	1	1	1	0	0	0	0	0	0	0	0	0	0	0	
0	0.97561	0.93333	0.91489	0.86957	0.55556	0.6	0.75	0.66667	1	1	1	0	0	0	0	0	0	0	0	0	0	0	0	
0	0.91561	0.91489	0.93182	0.8	0.8	1	1	1	1	1	0	0	0	0	0	0	0	0	0	0	0	0	0	
0	0.94882	0.93519	0.80392	0.73913	0.77778	0.71429	0.75	0.5	1	0	0	0	0	0	0	0	0	0	0	0	0	0	0	
0	0.95053	0.84404	0.80488	0.94118	1	1	1	1	0	0	0	0	0	0	0	0	0	0	0	0	0	0	0	
0	0.86408	0.84211	0.90909	0.94444	1	1	1	1	1	1	1	0	0	0	0	0	0	0	0	0	0	0	0	
0	0.80876	0.85294	0.88235	0.84615	0.85714	1	1	1	1	1	0	0	0	0	0	0	0	0	0	0	0	0	0	
0	0.95673	0.96154	0.97059	0.95833	0.92308	1	1	1	1	0	0	0	0	0	0	0	0	0	0	0	0	0	0	
0	0.95588	0.96875	0.96	0.96	1	1	1	1	0	0	0	0	0	0	0	0	0	0	0	0	0	0	0	
0	0.96992	0.96721	0.96667	0.96296	1	1	1	0	0	0	0	0	0	0	0	0	0	0	0	0	0	0	0	
0	0.98258	0.9569	0.92	0.91429	0.90476	0.81818	0.75	1	0	0	0	0	0	0	0	0	0	0	0	0	0	0	0	
0	0.9547	0.87273	0.87097	0.86207	0.73333	0.8	1	0	0	0	0	0	0	0	0	0	0	0	0	0	0	0	0	
0	0.93066	0.95041	0.93103	0.875	0.93333	1	1	1	1	1	1	0	0	0	0	0	0	0	0	0	0	0	0	
0	0.91946	0.888	0.89062	0.96296	1	1	1	1	1	1	0	0	0	0	0	0	0	0	0	0	0	0	0	
0	0.95798	0.94697	0.93478	1	1	1	1	1	1	0	0	0	0	0	0	0	0	0	0	0	0	0	0	
0	0.96914	0.95536	1	1	0.90909	1	1	1	0	0	0	0	0	0	0	0	0	0	0	0	0	0	0	
0	0.95611	0.94958	0.90909	0.89655	0.92308	0.88889	1	1	1	1	1	0	0	0	0	0	0	0	0	0	0	0	0	
0	0.98689	0.98246	0.94444	0.86364	0.75	0.83333	0.66667	0.66667	0.5	0.5	0	0	0	0	0	0	0	0	0	0	0	0	0	
0	0.96988	0.95935	0.90909	0.90476	1	1	1	1	1	1	1	0	0	0	0	0	0	0	0	0	0	0	0	
0	0.95796	0.91538	0.88889	0.92593	0.94737	1	1	1	1	1	1	1	0	0	0	0	0	0	0	0	0	0	0	
0	0.94301	0.90066	0.88406	0.82927	0.85	0.83333	0.77778	0.83333	0.83333	1	1	0	0	0	0	0	0	0	0	0	0	0	0	
0	0.95876	0.92763	0.91667	0.95122	0.95	0.875	0.83333	0.75	1	1	0	0	0	0	0	0	0	0	0	0	0	0	0	
0	0.93606	0.92638	0.93827	0.87805	0.81481	0.76471	0.81818	1	1	0	0	0	0	0	0	0	0	0	0	0	0	0	0	
0	0.94828	0.94798	0.875	0.92857	0.89286	0.89474	1	1	0	0	0	0	0	0	0	0	0	0	0	0	0	0	0	
0	0.97805	0.97436	0.96923	0.95238	0.92308	1	1	1	0	0	0	0	0	0	0	0	0	0	0	0	0	0	0	
0	0.97203	0.96154	0.92857	0.90244	0.94444	0.85714	1	0	0	0	0	0	0	0	0	0	0	0	0	0	0	0	0	
0	0.97284	0.94828	0.925	0.94118	0.92308	0.8	1	1	1	0	0	0	0	0	0	0	0	0	0	0	0	0	0	
0	0.96644	0.92771	0.88889	0.84615	0.9	0.66667	0.66667	1	0	0	0	0	0	0	0	0	0	0	0	0	0	0	0	
0	0.94457	0.90857	0.92208	0.92105	0.84615	0.7	0.75	0.5	0.5	0.5	1	1	0	0	0	0	0	0	0	0	0	0	0	
0	0.95165	0.95266	0.93023	0.9	0.80769	0.76923	0.625	0.6	0.33333	1	1	0	0	0	0	0	0	0	0	0	0	0	0	
0	0.94023	0.89941	0.92105	1	0.95238	0.90909	1	1	1	1	0	0	0	0	0	0	0	0	0	0	0	0	0	
0	0.97899	0.91282	0.91346	0.82143	0.82759	0.8	0.75	0.66667	1	0	0	0	0	0	0	0	0	0	0	0	0	0	0	
0	0.96603	0.97917	0.90722	0.90196	0.92593	0.90909	1	1	0	0	0	0	0	0	0	0	0	0	0	0	0	0	0	
0	0.97292	0.88608	0.82692	0.8	0.91304	0.78571	1	1	1	1	1	1	1	0	0	0	0	0	0	0	0	0	0	
0	0.97227	0.94472	0.89583	0.97674	0.95833	1	1	1	1	1	1	1	0	0	0	0	0	0	0	0	0	0	0	
0	0.95238	0.91573	0.90667	0.875	0.85	0.91667	1	1	1	1	1	0	0	0	0	0	0	0	0	0	0	0	0	
0	0.94235	0.92529	0.88889	0.92308	0.9	0.90909	0.8	1	1	1	0	0	0	0	0	0	0	0	0	0	0	0	0	
0	0.96289	0.85638	0.89333	0.89744	0.85	0.72727	0.66667	0.33333	0.5	0	0	0	0	0	0	0	0	0	0	0	0	0	0	
0	0.95064	0.94578	0.93151	0.85294	0.77778	0.8	0.6	0.75	0	0	0	0	0	0	0	0	0	0	0	0	0	0	0	
0	0.96044	0.87222	0.86585	0.79545	0.82609	0.76923	0.71429	0.66667	1	1	1	1	0	0	0	0	0	0	0	0	0	0	0	
0	0.96396	0.87861	0.81481	0.88636	0.84211	0.71429	0.75	1	1	1	1	0	0	0	0	0	0	0	0	0	0	0	0	
0	0.95663	0.9375	0.90541	0.91892	0.92857	0.85714	1	1	1	1	1	0	0	0	0	0	0	0	0	0	0	0	0	
0	0.96413	0.92121	0.91429	0.89655	0.92308	1	1	1	1	1	0	0	0	0	0	0	0	0	0	0	0	0	0	
0	0.93924	0.94286	0.9322	0.96667	1	0.9	1	1	1	0	0	0	0	0	0	0	0	0	0	0	0	0	0	
0	0.94751	0.92683	0.92453	0.92857	0.92308	1	1	1	0	0	0	0	0	0	0	0	0	0	0	0	0	0	0	
0	0.96755	0.94615	0.94915	0.96429	1	1	1	0	0	0	0	0	0	0	0	0	0	0	0	0	0	0	0	
0	0.96226	0.9697	0.9434	0.89474	0.75	1	1	1	0	0	0	0	0	0	0	0	0	0	0	0	0	0	0	
0	0.96988	0.98214	0.97297	0.91667	1	1	1	0	0	0	0	0	0	0	0	0	0	0	0	0	0	0	0	
0	0.96835	0.80612	0.78378	0.71429	0.71429	0.8	0.5	0	0	0	0	0	0	0	0	0	0	0	0	0	0	0	0	
0	0.96169	0.89773	0.90625	0.9375	0.9	0.75	1	1	1	1	1	0	0	0	0	0	0	0	0	0	0	0	0	
0	0.95088	0.92857	0.83721	0.875	0.8	0.75	0.66667	0.66667	1	1	0	0	0	0	0	0	0	0	0	0	0	0	0	
0	0.93893	0.87755	0.88235	0.82609	0.7	0.66667	0.75	1	1	0	0	0	0	0	0	0	0	0	0	0	0	0	0	
0	0.92405	0.84	0.7561	0.70588	0.77778	0.8	1	1	0	0	0	0	0	0	0	0	0	0	0	0	0	0	0	
0	0.89299	0.82407	0.89583	0.92308	0.84615	0.71429	0.8	0	0	0	0	0	0	0	0	0	0	0	0	0	0	0	0	
0	0.92946	0.94949	0.97674	1	0.90909	0.875	1	1	1	0	0	0	0	0	0	0	0	0	0	0	0	0	0	
0	0.96371	0.92157	0.91111	0.88	0.91667	1	1	1	1	1	0	0	0	0	0	0	0	0	0	0	0	0	0	
0	0.95745	0.89535	0.86047	0.95455	1	0.8	1	1	1	0	0	0	0	0	0	0	0	0	0	0	0	0	0	
0	0.92748	0.89362	0.90196	0.95238	0.88889	1	1	1	0	0	0	0	0	0	0	0	0	0	0	0	0	0	0	
0	0.90987	0.92	0.88095	0.86364	0.91667	0.83333	0.66667	0	0	0	0	0	0	0	0	0	0	0	0	0	0	0	0	
0	0.9292	0.91139	0.88235	0.89474	0.81818	0.8	0.66667	0	0	0	0	0	0	0	0	0	0	0	0	0	0	0	0	
0	0.93839	0.92683	0.94595	0.94118	0.9	0.75	0.5	0	0	0	0	0	0	0	0	0	0	0	0	0	0	0	0	
0	0.87143	0.87179	0.88235	0.92308	1	0	0	0	0	0	0	0	0	0	0	0	0	0	0	0	0	0	0	
0	0.93607	0.89286	0.86667	1	0.75	1	0	0	0	0	0	0	0	0	0	0	0	0	0	0	0	0	0	
0	0.95349	0.9	0.96296	0.8	1	1	1	0	0	0	0	0	0	0	0	0	0	0	0	0	0	0	0	
0	0.91163	0.86111	0.82353	0.88235	0.81818	1	1	1	1	1	0	0	0	0	0	0	0	0	0	0	0	0	0	
0	0.84951	0.77333	0.81818	0.83333	0.81818	0.75	1	1	1	0	0	0	0	0	0	0	0	0	0	0	0	0	0	
0	0.92391	0.8871	0.9	0.89474	0.90909	0.875	0.83333	0.8	0.66667	0.66667	0.66667	0.66667	1	1	1	1	1	1	1	1	1	0	0	
0	0.92045	0.87013	0.82927	0.85	0.90909	0.88889	1	1	1	1	1	1	1	1	1	1	1	1	1	1	0	0	0	
0	0.94186	0.85714	0.82051	0.7619	0.84615	1	1	1	1	1	1	1	1	1	1	1	1	1	1	0	0	0	0	
0	0.93684	0.88608	0.88235	0.89474	1	1	1	1	1	1	1	1	1	1	1	1	1	1	0	0	0	0	0	
0	0.90952	0.89535	0.85	0.95238	1	0.85714	1	1	1	1	1	1	1	1	1	1	1	0	0	0	0	0	0	
0	0.92344	0.9359	0.88235	0.92308	0.8	1	1	1	1	1	1	1	1	1	1	1	0	0	0	0	0	0	0	
0	0.92784	0.93939	0.84	0.71429	0.77778	0.75	0.6	0.5	0.5	0.66667	0.5	0	0	0	0	0	0	0	0	0	0	0	0	
0	0.93596	0.89552	0.83784	0.875	0.9	0.85714	0.8	0.8	1	1	1	1	1	1	0	0	0	0	0	0	0	0	0	
0	0.92222	0.87654	0.9	0.88235	0.83333	0.71429	0.71429	0.83333	1	1	1	1	1	0	0	0	0	0	0	0	0	0	0	
0	0.94009	0.94286	0.9697	0.94737	0.88889	0.88889	1	1	1	1	1	0	0	0	0	0	0	0	0	0	0	0	0	
0	0.9418	0.90667	0.88889	0.94444	0.92857	0.91667	0.85714	0.8	0.8	1	1	0	0	0	0	0	0	0	0	0	0	0	0	
0	0.94505	0.89157	0.82353	0.86957	0.82353	0.875	0.83333	0.83333	1	1	0	0	0	0	0	0	0	0	0	0	0	0	0	
0	0.94667	0.90789	0.85366	0.84615	0.84615	0.77778	0.75	1	1	0	0	0	0	0	0	0	0	0	0	0	0	0	0	
0	0.94737	0.87209	0.78571	0.81818	0.84615	0.77778	1	1	1	1	1	1	0	0	0	0	0	0	0	0	0	0	0	
0	0.88732	0.83721	0.7907	0.77273	0.57143	0.85714	1	1	1	1	1	0	0	0	0	0	0	0	0	0	0	0	0	
0	0.8934	0.84	0.70968	0.55556	0.72727	0.6	0	0	0	0	0	0	0	0	0	0	0	0	0	0	0	0	0	
0	0.91414	0.95833	0.84375	0.88235	1	1	1	1	1	0	0	0	0	0	0	0	0	0	0	0	0	0	0	
0	0.91176	0.85507	0.82759	0.86667	0.85714	1	1	1	1	1	1	0	0	0	0	0	0	0	0	0	0	0	0	
0	0.85981	0.85135	0.775	0.83333	0.91667	1	1	1	1	1	0.5	0	0	0	0	0	0	0	0	0	0	0	0	
0	0.85507	0.91304	0.90625	1	1	1	1	1	1	0.5	0	0	0	0	0	0	0	0	0	0	0	0	0	
0	0.96939	0.94737	0.9697	1	1	1	1	1	0.5	0	0	0	0	0	0	0	0	0	0	0	0	0	0	
0	0.95633	0.96386	0.92105	0.95	0.92308	1	1	0.75	1	1	0	0	0	0	0	0	0	0	0	0	0	0	0	
0	0.97209	0.94805	0.94286	0.94737	0.8	0.9	0.71429	0.75	1	0	0	0	0	0	0	0	0	0	0	0	0	0	0	
0	0.94064	0.92308	0.90698	0.875	0.92857	0.8	0.83333	1	0	0	0	0	0	0	0	0	0	0	0	0	0	0	0	
0	0.93359	0.96226	0.91489	0.92	0.78571	0.71429	0.75	1	1	1	1	1	1	1	0	0	0	0	0	0	0	0	0	
0	0.96855	0.92373	0.92593	0.89655	0.92308	1	1	1	1	1	1	1	1	0	0	0	0	0	0	0	0	0	0	
0	0.93238	0.9375	0.81818	0.79167	0.8125	0.875	0.85714	0.8	0.75	0.66667	0.5	1	0	0	0	0	0	0	0	0	0	0	0	
0	0.92164	0.91589	0.88636	0.92	1	1	1	1	1	1	1	0	0	0	0	0	0	0	0	0	0	0	0	
0	0.93798	0.91667	0.85714	0.875	0.91667	0.71429	0.66667	0.5	0.5	1	0	0	0	0	0	0	0	0	0	0	0	0	0	
0	0.93562	0.90361	0.86667	0.77778	0.55556	0.57143	0.4	0.33333	0.5	0	0	0	0	0	0	0	0	0	0	0	0	0	0	
0	0.94421	0.90411	0.9	0.90909	0.81818	0.75	0.8	0.66667	1	1	1	1	1	1	1	0	0	0	0	0	0	0	0	
0	0.95122	0.95506	0.88372	0.84211	0.76923	0.75	0.75	1	1	1	1	1	1	1	0	0	0	0	0	0	0	0	0	
0	0.95763	0.92708	0.87179	0.73913	0.84615	0.83333	1	1	1	1	1	1	1	0	0	0	0	0	0	0	0	0	0	
0	0.93625	0.84375	0.7451	0.8	0.86667	0.77778	0.75	0.66667	1	1	1	1	0	0	0	0	0	0	0	0	0	0	0	
0	0.85714	0.81731	0.81633	0.82609	0.83333	0.66667	0.6	0.75	0.5	0.5	1	0	0	0	0	0	0	0	0	0	0	0	0	
0	0.76046	0.79808	0.7907	0.69565	0.53846	0.6	0.55556	0.5	0.33333	1	0	0	0	0	0	0	0	0	0	0	0	0	0	
0	0.86404	0.79775	0.70732	0.64706	0.57143	0.63636	0.5	0.66667	1	1	1	0	0	0	0	0	0	0	0	0	0	0	0	
0	0.9095	0.67778	0.64103	0.625	0.6	0.33333	0.66667	1	1	1	0	0	0	0	0	0	0	0	0	0	0	0	0	
0	0.89189	0.76	0.7027	0.68421	0.66667	0.8	1	1	1	0	0	0	0	0	0	0	0	0	0	0	0	0	0	
0	0.93548	0.8913	0.73171	0.78947	0.66667	0.71429	0.75	0.75	0.66667	1	1	1	1	1	1	0	0	0	0	0	0	0	0	
0	0.91304	0.85714	0.83333	0.73333	0.75	0.6	0.6	0.66667	1	1	1	1	1	1	0	0	0	0	0	0	0	0	0	
0	0.93333	0.90278	0.88462	0.92857	0.88889	0.85714	0.8	1	1	1	1	1	1	0	0	0	0	0	0	0	0	0	0	
0	0.94301	0.90909	0.85714	0.83333	0.9	0.66667	1	1	1	1	1	1	0	0	0	0	0	0	0	0	0	0	0	
0	0.93392	0.94624	0.90909	0.95238	0.83333	0.77778	0.8	0.5	1	1	1	0	0	0	0	0	0	0	0	0	0	0	0	
0	0.91544	0.91964	0.875	0.79167	0.75	0.72727	0.71429	0.66667	1	1	0	0	0	0	0	0	0	0	0	0	0	0	0	
0	0.96241	0.66346	0.60465	0.59259	0.41667	0.375	0.5	0.66667	1	0	0	0	0	0	0	0	0	0	0	0	0	0	0	
0	0.96715	0.8866	0.79592	0.71429	0.66667	0.66667	0.66667	1	0	0	0	0	0	0	0	0	0	0	0	0	0	0	0	
0	0.9127	0.87	0.78571	0.78947	0.8	0.75	1	1	1	0	0	0	0	0	0	0	0	0	0	0	0	0	0	
0	0.87665	0.82143	0.82051	0.8	0.77778	1	1	1	0	0	0	0	0	0	0	0	0	0	0	0	0	0	0	
0	0.94262	0.91753	0.89362	0.82353	0.875	1	1	1	0	0	0	0	0	0	0	0	0	0	0	0	0	0	0	
0	0.96897	0.92233	0.85714	0.90476	0.91667	1	1	1	1	1	0	0	0	0	0	0	0	0	0	0	0	0	0	
0	0.95941	0.90909	0.85366	0.81818	0.83333	0.83333	0.66667	0.66667	0.66667	0	0	0	0	0	0	0	0	0	0	0	0	0	0	
0	0.94301	0.95652	0.86486	0.76471	0.71429	0.75	0.75	0.66667	0	0	0	0	0	0	0	0	0	0	0	0	0	0	0	
0	0.94898	0.88571	0.8125	0.8	0.77778	0.66667	0.6	0.33333	0	0	0	0	0	0	0	0	0	0	0	0	0	0	0	
0	0.95	0.91892	0.89286	0.84615	0.85714	0.8	0.66667	0	0	0	0	0	0	0	0	0	0	0	0	0	0	0	0	
0	0.96	0.85714	0.85185	0.90909	0.83333	0.66667	0	0	0	0	0	0	0	0	0	0	0	0	0	0	0	0	0	
0	0.91398	0.81132	0.82609	0.7	0.66667	0	0	0	0	0	0	0	0	0	0	0	0	0	0	0	0	0	0	
0	0.88	0.66038	0.56	0.5	0.375	0.6	0.66667	1	1	0	0	0	0	0	0	0	0	0	0	0	0	0	0	
0	0.92398	0.85185	0.91667	0.85714	1	1	1	1	0	0	0	0	0	0	0	0	0	0	0	0	0	0	0	
0	0.94156	0.88889	0.86207	1	1	1	1	0	0	0	0	0	0	0	0	0	0	0	0	0	0	0	0	
0	0.96196	0.89706	0.92857	1	1	1	1	1	0	0	0	0	0	0	0	0	0	0	0	0	0	0	0	
0	0.93293	0.89831	0.92	0.91667	0.83333	1	1	0	0	0	0	0	0	0	0	0	0	0	0	0	0	0	0	
0	0.9186	0.91525	0.95	0.88889	1	1	0	0	0	0	0	0	0	0	0	0	0	0	0	0	0	0	0	
0	0.95676	0.92308	1	1	1	0	0	0	0	0	0	0	0	0	0	0	0	0	0	0	0	0	0	
0	0.92258	0.85714	0.83333	0.71429	0.6	1	1	1	1	0	0	0	0	0	0	0	0	0	0	0	0	0	0	
0	0.93007	0.92308	0.88889	0.9	1	1	1	1	0	0	0	0	0	0	0	0	0	0	0	0	0	0	0	
0	0.96855	0.93878	0.92857	0.90909	1	1	1	0	0	0	0	0	0	0	0	0	0	0	0	0	0	0	0	
0	0.96429	0.91935	0.92	0.92857	1	1	1	1	1	0	0	0	0	0	0	0	0	0	0	0	0	0	0	
0	0.93143	0.95652	0.90909	0.92857	1	1	1	1	0	0	0	0	0	0	0	0	0	0	0	0	0	0	0	
0	0.95135	0.88889	0.92593	1	1	1	1	0	0	0	0	0	0	0	0	0	0	0	0	0	0	0	0	
0	0.96244	0.96923	0.92	0.85714	0.75	1	1	1	1	1	0	0	0	0	0	0	0	0	0	0	0	0	0	
0	0.95812	0.95082	0.90476	0.72727	0.66667	0	0	0	0	0	0	0	0	0	0	0	0	0	0	0	0	0	0	
0	0.97436	0.83333	0.76471	0.65385	0.58333	0.5	0.5	1	0	0	0	0	0	0	0	0	0	0	0	0	0	0	0	
0	0.96552	0.92857	0.92308	0.83333	0.71429	0.6	1	0	0	0	0	0	0	0	0	0	0	0	0	0	0	0	0	
0	0.96465	0.97436	0.91667	0.86957	0.77778	1	1	1	1	1	1	1	1	1	0	0	0	0	0	0	0	0	0	
0	0.94472	0.92	0.82857	0.8125	0.75	0.5	0.5	0	0	0	0	0	0	0	0	0	0	0	0	0	0	0	0	
0	0.96053	0.95062	0.89286	1	1	1	1	1	1	1	1	1	0	0	0	0	0	0	0	0	0	0	0	
0	0.97525	0.92857	0.80769	0.72727	0.75	0.75	1	1	1	1	1	0	0	0	0	0	0	0	0	0	0	0	0	
0	0.96791	0.90909	0.80769	0.78571	0.71429	0.66667	1	1	1	1	0	0	0	0	0	0	0	0	0	0	0	0	0	
0	0.89941	0.88525	0.81818	0.875	0.88889	1	1	1	1	0	0	0	0	0	0	0	0	0	0	0	0	0	0	
0	0.93038	0.82192	0.82759	0.76923	0.57143	0.66667	0.5	0.5	0	0	0	0	0	0	0	0	0	0	0	0	0	0	0	
0	0.95735	0.89744	0.9	0.88462	0.92857	1	1	1	1	0	0	0	0	0	0	0	0	0	0	0	0	0	0	
0	0.96	0.97143	0.96154	0.93103	0.9	0.875	0.75	0.66667	0	0	0	0	0	0	0	0	0	0	0	0	0	0	0	
0	0.97934	0.98969	0.95833	1	1	1	1	1	1	1	1	1	1	1	0	0	0	0	0	0	0	0	0	
0	0.97222	0.97345	0.93023	0.88462	0.84615	0.83333	0.66667	1	1	1	1	1	1	0	0	0	0	0	0	0	0	0	0	
0	0.9588	0.89888	0.91489	0.90476	0.90909	1	1	1	1	1	1	1	0	0	0	0	0	0	0	0	0	0	0	
0	0.96053	0.96842	0.95349	0.95238	1	1	1	1	1	1	1	0	0	0	0	0	0	0	0	0	0	0	0	
0	0.98649	0.96471	1	0.94444	1	1	1	1	1	1	0	0	0	0	0	0	0	0	0	0	0	0	0	
0	0.96476	0.95876	0.94444	0.92857	1	1	1	1	1	0	0	0	0	0	0	0	0	0	0	0	0	0	0	
0	0.98031	0.95918	0.95122	1	1	1	1	1	0	0	0	0	0	0	0	0	0	0	0	0	0	0	0	
0	0.97447	0.96471	1	1	0.92308	0.85714	0.75	0.5	0	0	0	0	0	0	0	0	0	0	0	0	0	0	0	
0	0.96903	0.98701	0.93548	1	1	1	1	1	1	0	0	0	0	0	0	0	0	0	0	0	0	0	0	
0	0.99468	0.77922	0.78947	0.8	0.7	0.6	0	0	0	0	0	0	0	0	0	0	0	0	0	0	0	0	0	
0	0.9814	0.97333	0.97619	0.84211	0.90909	1	1	0	0	0	0	0	0	0	0	0	0	0	0	0	0	0	0	
0	0.98469	0.96552	0.93939	0.94737	1	1	1	1	0	0	0	0	0	0	0	0	0	0	0	0	0	0	0	
0	0.96985	0.89706	0.86667	0.91667	1	1	1	0	0	0	0	0	0	0	0	0	0	0	0	0	0	0	0	
0	0.96196	0.96104	0.96552	1	1	1	1	1	1	0	0	0	0	0	0	0	0	0	0	0	0	0	0	
0	0.98148	0.96386	0.95122	0.94737	1	1	1	1	0	0	0	0	0	0	0	0	0	0	0	0	0	0	0	
0	0.97059	0.9802	1	1	1	0.71429	0.75	0	0	0	0	0	0	0	0	0	0	0	0	0	0	0	0	
0	0.96818	0.97368	0.96875	0.95238	0.72727	0.71429	0.5	1	1	1	1	1	1	0	0	0	0	0	0	0	0	0	0	
0	0.98673	1	0.98182	0.9	0.88889	0.875	1	1	1	1	1	1	0	0	0	0	0	0	0	0	0	0	0	
0	0.97717	0.94175	0.88636	0.92	0.90909	1	1	1	1	1	1	0	0	0	0	0	0	0	0	0	0	0	0	
0	0.936	0.90816	0.925	1	1	1	1	1	1	1	0	0	0	0	0	0	0	0	0	0	0	0	0	
0	0.9375	0.89888	0.89474	0.95833	0.91667	0.875	0.8	1	1	1	1	0	0	0	0	0	0	0	0	0	0	0	0	
0	0.95781	0.94737	0.95652	0.91304	0.86667	0.81818	1	1	1	1	0	0	0	0	0	0	0	0	0	0	0	0	0	
0	0.96813	0.94495	0.84091	0.74074	0.6875	0.66667	0.5	0	0	0	0	0	0	0	0	0	0	0	0	0	0	0	0	
0	0.97398	0.92661	0.85714	0.8	0.76471	0.7	0.625	0.6	0.5	0	0	0	0	0	0	0	0	0	0	0	0	0	0	
0	0.95181	0.90909	0.91667	0.95	0.91667	0.875	0.83333	0.75	1	1	0	0	0	0	0	0	0	0	0	0	0	0	0	
0	0.94239	0.83333	0.80556	0.63158	0.54545	0.55556	0.5	0.5	0.5	1	1	0	0	0	0	0	0	0	0	0	0	0	0	
0	0.96682	0.93056	0.88571	0.85714	0.73333	0.77778	0.66667	0.66667	1	1	1	0	0	0	0	0	0	0	0	0	0	0	0	
0	0.96371	0.95098	0.96154	0.86207	0.94118	0.88889	1	1	1	1	1	0	0	0	0	0	0	0	0	0	0	0	0	
0	0.9708	0.93333	0.88889	0.88	0.84615	1	1	1	1	1	0	0	0	0	0	0	0	0	0	0	0	0	0	
0	0.97872	0.94355	0.94545	0.82143	1	1	1	1	1	0	0	0	0	0	0	0	0	0	0	0	0	0	0	
0	0.92638	0.91729	0.88732	0.96429	0.9375	1	0.9	1	0	0	0	0	0	0	0	0	0	0	0	0	0	0	0	
0	0.91644	0.9023	0.86301	0.81081	0.79167	0.82353	1	1	0	0	0	0	0	0	0	0	0	0	0	0	0	0	0	
0	0.92892	0.83133	0.85333	0.80952	0.76923	0.7	1	1	1	1	0	0	0	0	0	0	0	0	0	0	0	0	0	
0	0.95782	0.93976	0.95238	0.93478	0.91304	1	1	1	0	0	0	0	0	0	0	0	0	0	0	0	0	0	0	
0	0.96585	0.95294	0.89535	0.94872	0.88889	0.75	0.75	0.66667	1	0	0	0	0	0	0	0	0	0	0	0	0	0	0	
0	0.95515	0.96429	0.94805	0.94595	0.73333	0.85714	0.8	0.5	0	0	0	0	0	0	0	0	0	0	0	0	0	0	0	
0	0.96984	0.95833	0.88889	0.76471	0.83333	0.625	0.66667	0	0	0	0	0	0	0	0	0	0	0	0	0	0	0	0	
0	0.97537	0.94611	0.85294	0.89655	0.75	0.71429	0.8	0.66667	1	0	0	0	0	0	0	0	0	0	0	0	0	0	0	
0	0.96535	0.86842	0.88525	0.88235	0.83333	0.9	0.6	0.66667	0	0	0	0	0	0	0	0	0	0	0	0	0	0	0	
0	0.9385	0.86029	0.83077	0.80645	0.88235	0.81818	0.875	0.66667	0	0	0	0	0	0	0	0	0	0	0	0	0	0	0	
0	0.95161	0.9375	0.84615	0.83784	0.77778	0.8	0.5	0	0	0	0	0	0	0	0	0	0	0	0	0	0	0	0	
0	0.96386	0.89677	0.84	0.76471	0.83333	0.6	0	0	0	0	0	0	0	0	0	0	0	0	0	0	0	0	0	
0	0.96154	0.97452	0.92754	0.94118	0.92308	1	1	1	0	0	0	0	0	0	0	0	0	0	0	0	0	0	0	
0	0.96533	0.95364	0.95385	0.92593	0.85714	1	1	0	0	0	0	0	0	0	0	0	0	0	0	0	0	0	0	
0	0.97734	0.9562	0.93103	0.91667	0.66667	0.5	0.5	0	0	0	0	0	0	0	0	0	0	0	0	0	0	0	0	
0	0.96562	0.95775	0.8871	0.78571	0.25	0.5	0	0	0	0	0	0	0	0	0	0	0	0	0	0	0	0	0	
0	0.97135	0.95652	0.97561	0.95	0.88889	0.8	0.75	0.66667	0.33333	0.5	0.5	0.5	0	0	0	0	0	0	0	0	0	0	0	
0	0.97376	0.9661	0.89796	0.85	0.71429	0.75	0.66667	0.33333	0.5	0.5	0.5	0	0	0	0	0	0	0	0	0	0	0	0	
0	0.97509	0.92857	0.79412	0.73333	0.7	0.83333	0.6	0.5	0.33333	0.5	0	0	0	0	0	0	0	0	0	0	0	0	0	
0	0.95708	0.93976	0.89744	0.76471	0.88889	0.71429	0.5	0.33333	0.5	0	0	0	0	0	0	0	0	0	0	0	0	0	0	
0	0.95305	0.92771	0.8125	0.9375	0.77778	0.5	0.2	0.25	0	0	0	0	0	0	0	0	0	0	0	0	0	0	0	
0	0.96507	0.91358	0.92683	0.72727	0.45455	0.22222	0.16667	0	0	0	0	0	0	0	0	0	0	0	0	0	0	0	0	
0	0.9447	0.91011	0.68571	0.5	0.2	0.16667	0	0	0	0	0	0	0	0	0	0	0	0	0	0	0	0	0	
0	0.9738	0.68421	0.4359	0.33333	0.27273	0	0	0	0	0	0	0	0	0	0	0	0	0	0	0	0	0	0	
0	0.77043	0.41748	0.22727	0.20833	0.16667	0.2	0.33333	1	1	1	1	1	1	1	1	1	1	1	1	1	1	0	0	
0	0.46377	0.24691	0.14634	0.14286	0.22222	0.25	1	1	1	1	1	1	1	1	1	1	1	1	1	1	0	0	0	
0	0.28163	0.23762	0.21739	0.25	0.25	0.5	1	1	1	1	1	1	1	1	1	1	1	1	1	0	0	0	0	
0	0.26054	0.31579	0.32432	0.28571	0.5	0.33333	0.5	0.5	0.5	0.5	0.5	0.5	0.5	0.5	1	1	1	1	0	0	0	0	0	
0	0.42023	0.38667	0.30556	0.35294	0.42857	0.66667	0.66667	0.5	0.5	0.5	0.5	0.5	0.5	1	1	1	1	0	0	0	0	0	0	
0	0.5291	0.40625	0.3913	0.27273	0.33333	0.33333	0.5	0.5	0.5	0.5	0.5	0.5	1	1	1	1	0	0	0	0	0	0	0	
0	0.86857	0.91071	0.8	0.77778	0.4	0.66667	0.5	0.5	0.5	0.5	0.5	1	1	1	1	0	0	0	0	0	0	0	0	
0	0.94611	0.94231	0.84211	0.91667	1	1	1	1	1	1	1	1	1	1	0	0	0	0	0	0	0	0	0	
0	0.96528	0.95745	0.88889	0.78571	0.5	0.75	1	1	1	1	1	1	1	0	0	0	0	0	0	0	0	0	0	
0	0.93836	0.98413	0.74074	0.46154	0.55556	0.4	0.5	0.33333	0.5	0.5	1	1	0	0	0	0	0	0	0	0	0	0	0	
0	0.97436	0.92857	0.73913	0.71429	0.5	0.6	0.33333	0.5	0.5	1	1	0	0	0	0	0	0	0	0	0	0	0	0	
0	0.96622	0.84783	0.84615	0.7	0.57143	0.25	0.33333	0.5	1	1	0	0	0	0	0	0	0	0	0	0	0	0	0	
0	0.92143	0.9	0.88889	0.88889	0.8	0.75	1	1	1	0	0	0	0	0	0	0	0	0	0	0	0	0	0	
0	0.88976	0.79545	0.70588	0.63636	0.8	1	1	1	0	0	0	0	0	0	0	0	0	0	0	0	0	0	0	
0	0.87037	0.89655	0.78261	0.72727	1	1	1	0	0	0	0	0	0	0	0	0	0	0	0	0	0	0	0	
0	0.91156	0.91111	0.77778	0.85714	1	1	1	0	0	0	0	0	0	0	0	0	0	0	0	0	0	0	0	
0	0.91603	0.90566	0.88889	1	0.8	1	0	0	0	0	0	0	0	0	0	0	0	0	0	0	0	0	0	
0	0.91667	0.92308	1	0.71429	1	1	0	0	0	0	0	0	0	0	0	0	0	0	0	0	0	0	0	
0	0.95385	0.95918	0.86957	0.85714	0.75	0.66667	1	1	1	1	1	0	0	0	0	0	0	0	0	0	0	0	0	
0	0.94161	0.90698	0.86667	0.85714	0.66667	1	1	1	1	1	0	0	0	0	0	0	0	0	0	0	0	0	0	
0	0.91935	0.85366	0.85	0.90909	1	1	1	1	1	0	0	0	0	0	0	0	0	0	0	0	0	0	0	
0	0.90476	0.88889	0.93333	1	1	1	1	1	0	0	0	0	0	0	0	0	0	0	0	0	0	0	0	
0	0.91736	0.90741	0.88	0.86667	1	1	1	1	1	1	0	0	0	0	0	0	0	0	0	0	0	0	0	
0	0.9403	0.93617	0.95	0.71429	0.8	0.75	0.5	0	0	0	0	0	0	0	0	0	0	0	0	0	0	0	0	
0	0.93103	0.8	0.78571	0.88889	1	1	1	1	1	1	0	0	0	0	0	0	0	0	0	0	0	0	0	
0	0.92381	0.64706	0.6	0.63636	0.5	0.6	0.5	1	1	0	0	0	0	0	0	0	0	0	0	0	0	0	0	
0	0.95413	0.9434	0.88462	0.86667	1	1	1	1	1	0	0	0	0	0	0	0	0	0	0	0	0	0	0	
0	0.95833	0.95833	0.875	0.86667	0.875	0.83333	1	1	1	1	1	1	1	1	1	0	0	0	0	0	0	0	0	
0	0.95455	0.92857	0.88462	0.81818	0.75	1	1	1	1	1	1	1	1	1	0	0	0	0	0	0	0	0	0	
0	0.96377	0.96226	0.95833	0.9375	1	1	1	1	1	1	1	1	1	0	0	0	0	0	0	0	0	0	0	
0	0.94667	0.92727	0.96296	1	1	1	1	1	1	1	1	1	0	0	0	0	0	0	0	0	0	0	0	
0	0.9562	0.90909	0.89474	0.90909	0.85714	1	1	1	1	1	1	1	1	1	0	0	0	0	0	0	0	0	0	
0	0.90141	0.92308	0.85714	0.84211	0.91667	0.83333	1	1	1	1	1	1	1	0	0	0	0	0	0	0	0	0	0	
0	0.91391	0.94203	0.96667	1	1	1	1	1	1	1	1	1	0	0	0	0	0	0	0	0	0	0	0	
0	0.955	0.8961	0.84615	0.78571	0.77778	0.85714	0.83333	0.8	1	1	1	1	0	0	0	0	0	0	0	0	0	0	0	
0	0.91848	0.91026	0.94286	0.95455	0.93333	0.9	1	1	1	1	1	0	0	0	0	0	0	0	0	0	0	0	0	
0	0.86449	0.72093	0.7561	0.77778	0.875	1	1	1	1	1	0	0	0	0	0	0	0	0	0	0	0	0	0	
0	0.91053	0.97059	0.97436	1	1	1	1	1	1	0	0	0	0	0	0	0	0	0	0	0	0	0	0	
0	0.98182	0.97297	0.92308	0.92308	1	1	1	1	0	0	0	0	0	0	0	0	0	0	0	0	0	0	0	
0	0.97596	0.96774	0.96774	0.77778	1	1	1	0	0	0	0	0	0	0	0	0	0	0	0	0	0	0	0	
0	0.96951	0.97183	1	1	1	1	0	0	0	0	0	0	0	0	0	0	0	0	0	0	0	0	0	
0	0.97484	1	1	1	1	1	1	1	1	1	1	0	0	0	0	0	0	0	0	0	0	0	0	
0	0.96689	0.98276	1	1	1	1	1	1	1	1	0	0	0	0	0	0	0	0	0	0	0	0	0	
0	0.98507	0.98214	1	1	1	1	1	1	1	0	0	0	0	0	0	0	0	0	0	0	0	0	0	
0	0.9708	0.98214	0.95652	0.91667	0.88889	1	1	1	0	0	0	0	0	0	0	0	0	0	0	0	0	0	0	
0	0.98171	0.98387	0.96552	1	1	1	1	1	1	1	1	1	0	0	0	0	0	0	0	0	0	0	0	
0	0.98864	0.9661	0.96429	1	1	1	1	1	1	1	1	0	0	0	0	0	0	0	0	0	0	0	0	
0	0.9434	0.95588	0.96667	1	1	1	1	1	1	1	0	0	0	0	0	0	0	0	0	0	0	0	0	
0	0.94771	0.95	1	1	1	1	1	1	1	1	1	1	0	0	0	0	0	0	0	0	0	0	0	
0	0.98286	1	0.97222	1	0.83333	1	1	1	1	1	1	0	0	0	0	0	0	0	0	0	0	0	0	
0	0.98985	0.9726	1	0.89474	1	1	1	1	1	1	0	0	0	0	0	0	0	0	0	0	0	0	0	
0	0.97449	0.9726	0.94286	1	1	1	1	1	1	0	0	0	0	0	0	0	0	0	0	0	0	0	0	
0	0.9693	0.9697	0.94828	1	1	1	1	1	1	1	0	0	0	0	0	0	0	0	0	0	0	0	0	
0	0.96244	0.91	0.97674	1	1	1	1	1	1	0	0	0	0	0	0	0	0	0	0	0	0	0	0	
0	0.95745	0.95604	0.95745	0.96	1	1	1	1	0	0	0	0	0	0	0	0	0	0	0	0	0	0	0	
0	0.97845	0.99	0.97872	1	1	1	1	0	0	0	0	0	0	0	0	0	0	0	0	0	0	0	0	
0	0.98406	0.98876	1	1	1	1	1	1	0	0	0	0	0	0	0	0	0	0	0	0	0	0	0	
0	0.98222	0.98529	0.9697	1	1	1	1	1	0	0	0	0	0	0	0	0	0	0	0	0	0	0	0	
0	0.97354	0.9863	1	1	1	1	1	1	1	0	0	0	0	0	0	0	0	0	0	0	0	0	0	
0	0.9596	0.97368	1	1	1	1	1	1	1	1	1	0	0	0	0	0	0	0	0	0	0	0	0	
0	0.98291	0.96203	0.94118	0.89474	0.8	0.75	0.75	0.5	0.5	0	0	0	0	0	0	0	0	0	0	0	0	0	0	
0	0.97131	0.95402	0.97368	0.95	0.85714	1	1	1	1	1	0	0	0	0	0	0	0	0	0	0	0	0	0	
0	0.9763	0.92647	0.93939	0.84615	0.88889	1	1	1	1	1	1	1	1	1	1	1	1	1	0	0	0	0	0	
0	0.96791	0.94805	0.92857	0.85714	0.71429	0.66667	0.6	0.5	1	1	1	1	1	1	1	1	1	0	0	0	0	0	0	
0	0.97462	0.97101	0.86207	0.8	0.875	0.83333	1	1	1	1	1	1	1	1	1	1	0	0	0	0	0	0	0	
0	0.9816	0.92593	0.875	1	1	1	1	1	1	1	1	1	1	1	1	0	0	0	0	0	0	0	0	
0	0.95429	0.90476	0.89655	0.92857	1	1	1	1	1	1	1	1	1	1	0	0	0	0	0	0	0	0	0	
0	0.93989	0.94915	0.95833	1	1	1	1	1	1	1	1	1	1	0	0	0	0	0	0	0	0	0	0	
0	0.96319	0.98113	1	1	1	1	1	1	1	1	1	1	0	0	0	0	0	0	0	0	0	0	0	
0	0.96335	0.94444	0.9375	1	1	1	1	1	1	1	1	0	0	0	0	0	0	0	0	0	0	0	0	
0	0.97462	0.94286	1	1	1	1	1	1	1	1	1	0	0	0	0	0	0	0	0	0	0	0	0	
0	0.94118	0.91837	0.88	0.85714	0.92308	0.85714	0.8	0.75	1	1	0	0	0	0	0	0	0	0	0	0	0	0	0	
0	0.98454	0.96203	0.91667	0.91667	1	1	1	1	1	0	0	0	0	0	0	0	0	0	0	0	0	0	0	
0	0.96635	0.88	0.89744	1	1	1	1	1	0	0	0	0	0	0	0	0	0	0	0	0	0	0	0	
0	0.96667	0.92473	0.92308	0.86957	0.90909	1	1	0	0	0	0	0	0	0	0	0	0	0	0	0	0	0	0	
0	0.96694	0.94118	0.94444	0.94444	1	1	1	1	1	1	1	1	0	0	0	0	0	0	0	0	0	0	0	
0	0.94634	0.95775	0.97436	0.94737	0.8	1	1	1	1	1	1	0	0	0	0	0	0	0	0	0	0	0	0	
0	0.96373	0.96296	0.93939	0.82353	1	1	1	1	1	1	0	0	0	0	0	0	0	0	0	0	0	0	0	
0	0.94393	0.94737	0.91176	0.875	0.90909	0.8	0.66667	0	0	0	0	0	0	0	0	0	0	0	0	0	0	0	0	
0	0.96347	0.91304	0.91892	1	1	1	1	1	1	1	0	0	0	0	0	0	0	0	0	0	0	0	0	
0	0.87879	0.88608	0.96875	0.86667	0.88889	0.8	0.8	1	0.66667	0	0	0	0	0	0	0	0	0	0	0	0	0	0	
0	0.87611	0.91765	0.94118	1	1	0.83333	1	0.75	0.5	0.5	0	0	0	0	0	0	0	0	0	0	0	0	0	
0	0.96847	0.97403	0.93939	0.83333	0.8	0.83333	1	0.5	0.5	0	0	0	0	0	0	0	0	0	0	0	0	0	0	
0	0.96569	0.93671	0.92308	0.92593	0.86667	1	0.85714	0.85714	0.75	0.5	1	1	0	0	0	0	0	0	0	0	0	0	0	
0	0.97608	0.93976	0.95556	0.95455	1	0.875	0.85714	0.75	0.5	1	1	0	0	0	0	0	0	0	0	0	0	0	0	
0	0.97642	0.94737	0.94595	0.95238	1	0.88889	0.75	0.66667	1	1	0	0	0	0	0	0	0	0	0	0	0	0	0	
0	0.96429	0.98969	0.96078	0.92857	0.9	1	1	1	1	0	0	0	0	0	0	0	0	0	0	0	0	0	0	
0	0.99142	1	1	1	1	0.90909	1	1	1	1	1	1	1	0	0	0	0	0	0	0	0	0	0	
0	0.96863	0.97778	0.98039	1	1	1	1	1	1	1	1	1	0	0	0	0	0	0	0	0	0	0	0	
0	0.97817	0.97115	0.97917	1	1	1	1	1	1	1	1	0	0	0	0	0	0	0	0	0	0	0	0	
0	0.98246	0.96512	0.95349	0.92	0.91667	1	1	1	1	1	0	0	0	0	0	0	0	0	0	0	0	0	0	
0	0.98134	0.99048	0.97872	1	1	1	1	0.66667	0.66667	0.5	0	0	0	0	0	0	0	0	0	0	0	0	0	
0	0.98556	0.97938	0.95652	0.94737	1	1	0.66667	0.66667	0.5	0	0	0	0	0	0	0	0	0	0	0	0	0	0	
0	0.97455	0.9292	0.96	0.95238	1	0.83333	0.66667	0.5	0	0	0	0	0	0	0	0	0	0	0	0	0	0	0	
0	0.95331	0.98969	0.975	1	0.9	0.8	0.66667	0	0	0	0	0	0	0	0	0	0	0	0	0	0	0	0	
0	0.98507	0.9899	1	0.95455	0.875	0.75	0	0	0	0	0	0	0	0	0	0	0	0	0	0	0	0	0	
0	0.98776	0.98925	0.95	0.9375	0.8	0.5	0	0	0	0	0	0	0	0	0	0	0	0	0	0	0	0	0	
0	0.9823	0.95122	0.91429	0.73333	0.83333	0.5	0	0	0	0	0	0	0	0	0	0	0	0	0	0	0	0	0	
0	0.98086	0.96104	0.91176	0.92308	0.75	0.5	0.5	0	0	0	0	0	0	0	0	0	0	0	0	0	0	0	0	
0	0.97312	0.93902	0.9375	0.875	0.75	0.66667	0.5	0	0	0	0	0	0	0	0	0	0	0	0	0	0	0	0	
0	0.9598	0.97222	1	1	1	1	1	1	0	0	0	0	0	0	0	0	0	0	0	0	0	0	0	
0	0.98462	0.94737	0.925	0.95238	0.90909	1	1	0	0	0	0	0	0	0	0	0	0	0	0	0	0	0	0	
0	0.97738	0.94118	0.97436	0.94737	0.9	1	1	1	1	1	0	0	0	0	0	0	0	0	0	0	0	0	0	
0	0.96694	0.96396	0.92857	0.90909	1	1	1	1	1	1	1	1	1	1	1	0	0	0	0	0	0	0	0	
0	0.96715	0.95556	1	1	1	1	1	1	1	1	1	1	1	1	0	0	0	0	0	0	0	0	0	
0	0.96903	0.97531	1	1	1	1	1	1	1	1	1	1	1	0	0	0	0	0	0	0	0	0	0	
0	0.95885	0.84762	0.84091	0.86364	0.8	0.85714	0.8	0.8	0.75	0.66667	0.66667	0.5	1	1	0	0	0	0	0	0	0	0	0	
0	0.95668	0.96154	0.97959	1	1	1	1	1	1	1	1	1	1	0	0	0	0	0	0	0	0	0	0	
0	0.96786	0.96154	0.98039	0.96154	0.93333	0.90909	0.88889	1	1	1	1	1	0	0	0	0	0	0	0	0	0	0	0	
0	0.98007	0.93182	0.89552	0.94286	0.86957	0.8	0.88889	1	1	1	1	0	0	0	0	0	0	0	0	0	0	0	0	
0	0.96927	0.96622	0.98667	0.94286	0.95455	1	1	1	1	1	1	0	0	0	0	0	0	0	0	0	0	0	0	
0	0.96059	0.94118	0.90411	0.85294	0.88889	0.9	1	1	1	1	1	1	1	0	0	0	0	0	0	0	0	0	0	
0	0.95852	0.95349	0.92424	0.9	0.86667	0.85714	0.83333	1	1	1	1	1	0	0	0	0	0	0	0	0	0	0	0	
0	0.94652	0.94203	0.94737	0.96	0.92857	0.90909	1	1	1	1	1	0	0	0	0	0	0	0	0	0	0	0	0	
0	0.90489	0.89474	0.90909	0.96296	0.94737	1	1	1	1	1	0	0	0	0	0	0	0	0	0	0	0	0	0	
0	0.94709	0.9562	0.94667	0.95349	1	1	1	1	1	1	1	1	1	1	1	1	1	0	0	0	0	0	0	
0	0.94648	0.94702	0.93671	0.92857	0.92857	0.93333	1	1	1	1	1	1	1	1	1	1	0	0	0	0	0	0	0	
0	0.9397	0.94186	0.96296	1	1	1	1	1	1	1	1	1	1	1	1	0	0	0	0	0	0	0	0	
0	0.93668	0.84848	0.89024	0.825	0.7619	0.66667	0.75	0.8	0.75	1	1	1	1	0	0	0	0	0	0	0	0	0	0	
0	0.96065	0.95122	0.98684	0.97436	0.96	0.9375	0.9	0.88889	1	1	1	1	1	0	0	0	0	0	0	0	0	0	0	
0	0.95739	0.96795	0.96386	0.97917	1	1	1	1	1	1	1	1	1	1	0	0	0	0	0	0	0	0	0	
0	0.95628	0.91781	0.9726	0.925	0.95833	1	1	1	1	1	1	1	1	0	0	0	0	0	0	0	0	0	0	
0	0.92875	0.93548	0.95833	0.97561	0.96552	1	1	1	1	1	1	1	0	0	0	0	0	0	0	0	0	0	0	
0	0.94344	0.95092	0.95181	0.95455	1	1	1	1	1	1	1	0	0	0	0	0	0	0	0	0	0	0	0	
0	0.94898	0.96644	0.93333	0.94595	0.86957	0.76923	0.81818	0.75	1	1	0	0	0	0	0	0	0	0	0	0	0	0	0	
0	0.97721	0.86667	0.85714	0.81081	0.7619	0.8	0.75	1	1	1	0	0	0	0	0	0	0	0	0	0	0	0	0	
0	0.96369	0.94969	0.96875	0.96774	0.95238	0.9375	1	1	1	0	0	0	0	0	0	0	0	0	0	0	0	0	0	
0	0.94145	0.96154	0.95522	0.97826	0.96154	1	0.875	0.8	0	0	0	0	0	0	0	0	0	0	0	0	0	0	0	
0	0.97319	0.98	0.95294	0.96078	0.95455	0.88235	0.81818	0.83333	1	1	1	0	0	0	0	0	0	0	0	0	0	0	0	
0	0.96798	0.96648	0.96591	0.97368	0.96	0.91667	0.85714	1	1	1	1	1	1	0	0	0	0	0	0	0	0	0	0	
0	0.96623	0.97664	0.96809	0.96154	1	1	1	1	1	1	1	1	0	0	0	0	0	0	0	0	0	0	0	
0	0.96171	0.93452	0.94872	0.97143	0.94118	1	1	1	1	1	1	0	0	0	0	0	0	0	0	0	0	0	0	
0	0.94659	0.94444	0.94737	0.96667	1	1	1	1	1	1	0	0	0	0	0	0	0	0	0	0	0	0	0	
0	0.96418	0.89683	0.875	0.96296	1	1	1	1	1	0	0	0	0	0	0	0	0	0	0	0	0	0	0	
0	0.96519	0.93913	0.92453	0.91667	0.86667	1	1	1	0	0	0	0	0	0	0	0	0	0	0	0	0	0	0	
0	0.96743	0.99174	0.98077	0.89286	1	1	1	0	0	0	0	0	0	0	0	0	0	0	0	0	0	0	0	
0	0.93696	0.88636	0.86667	0.92593	0.9	1	1	1	1	0	0	0	0	0	0	0	0	0	0	0	0	0	0	
0	0.92468	0.94203	0.96774	0.95652	0.9	1	1	1	1	1	0	0	0	0	0	0	0	0	0	0	0	0	0	
0	0.96721	0.95614	0.95349	1	1	1	1	1	1	1	1	1	0	0	0	0	0	0	0	0	0	0	0	
0	0.94481	0.89899	0.93103	0.92857	1	1	1	1	1	1	1	0	0	0	0	0	0	0	0	0	0	0	0	
0	0.94964	0.96842	0.95745	1	1	1	1	1	1	1	0	0	0	0	0	0	0	0	0	0	0	0	0	
0	0.92996	0.93478	0.97143	1	1	1	1	1	1	0	0	0	0	0	0	0	0	0	0	0	0	0	0	
0	0.94553	0.97826	0.97778	1	1	1	1	1	0	0	0	0	0	0	0	0	0	0	0	0	0	0	0	
0	0.9562	0.97143	0.97959	0.95238	0.9	0.85714	0.75	0	0	0	0	0	0	0	0	0	0	0	0	0	0	0	0	
0	0.96199	0.96552	0.97917	0.95455	0.92857	0.875	0.66667	1	0	0	0	0	0	0	0	0	0	0	0	0	0	0	0	
0	0.95868	0.9875	1	0.9375	0.88889	1	1	1	1	1	1	0	0	0	0	0	0	0	0	0	0	0	0	
0	0.95074	0.97059	0.9375	1	1	1	1	1	1	1	0	0	0	0	0	0	0	0	0	0	0	0	0	
0	0.94675	0.87179	0.825	0.73684	0.7	0.33333	0	0	0	0	0	0	0	0	0	0	0	0	0	0	0	0	0	
0	0.94393	0.94845	0.85714	0.82609	0.77778	1	1	1	1	0	0	0	0	0	0	0	0	0	0	0	0	0	0	
0	0.95911	0.88764	0.88889	0.85	0.875	0.85714	0.8	0.75	0.66667	1	1	1	0	0	0	0	0	0	0	0	0	0	0	
0	0.9187	0.92661	0.88372	0.84211	0.92857	0.875	0.85714	0.83333	1	1	1	1	0	0	0	0	0	0	0	0	0	0	0	
0	0.94964	0.9505	0.95122	1	1	1	1	1	1	1	1	0	0	0	0	0	0	0	0	0	0	0	0	
0	0.96	0.95763	0.96429	1	1	1	1	1	1	1	1	0	0	0	0	0	0	0	0	0	0	0	0	
0	0.96131	0.95035	0.96875	0.92857	0.92	1	1	1	1	0	0	0	0	0	0	0	0	0	0	0	0	0	0	
0	0.97051	0.97037	0.98667	0.97436	1	1	1	1	1	0	0	0	0	0	0	0	0	0	0	0	0	0	0	
0	0.98272	0.98734	0.98571	1	0.92308	1	1	1	0	0	0	0	0	0	0	0	0	0	0	0	0	0	0	
0	0.96231	0.96689	0.98485	0.95833	1	1	1	1	0	0	0	0	0	0	0	0	0	0	0	0	0	0	0	
0	0.95943	0.97484	0.95	0.90909	1	1	1	1	1	1	0	0	0	0	0	0	0	0	0	0	0	0	0	
0	0.96114	0.86014	0.90196	0.88235	0.88889	0.75	1	1	1	0	0	0	0	0	0	0	0	0	0	0	0	0	0	
0	0.95858	0.94118	0.90909	0.95238	1	1	1	1	0	0	0	0	0	0	0	0	0	0	0	0	0	0	0	
0	0.94662	0.92632	0.85714	0.875	1	1	1	0	0	0	0	0	0	0	0	0	0	0	0	0	0	0	0	
0	0.95203	0.95556	0.91176	0.8	0.85714	1	0.5	0.5	0	0	0	0	0	0	0	0	0	0	0	0	0	0	0	
0	0.9544	0.91346	0.86111	0.9	1	0.6	0.5	0	0	0	0	0	0	0	0	0	0	0	0	0	0	0	0	
0	0.93676	0.93333	0.96667	1	0.5	0.5	0	0	0	0	0	0	0	0	0	0	0	0	0	0	0	0	0	
0	0.95349	0.98485	1	0.5	0.375	0.25	0.33333	0.5	0	0	0	0	0	0	0	0	0	0	0	0	0	0	0	
0	0.98571	0.94203	0.51724	0.42857	0.33333	0.25	0.33333	0	0	0	0	0	0	0	0	0	0	0	0	0	0	0	0	
0	0.96226	0.43836	0.46667	0.4	0.33333	0.6	0.5	0	0	0	0	0	0	0	0	0	0	0	0	0	0	0	0	
0	0.52427	0.55682	0.4359	0.4375	0.54545	0.5	0.25	0.25	0.5	0.5	0.5	0.5	0.5	1	1	1	1	1	1	1	1	1	0	
0	0.54545	0.44318	0.48571	0.52632	0.45455	0.28571	0.28571	0.66667	0.66667	0.66667	0.66667	0.66667	1	1	1	1	1	1	1	1	1	0	0	
0	0.90262	0.89815	0.78261	0.91304	0.77778	0.77778	1	1	1	1	1	1	1	1	1	1	1	1	1	1	0	0	0	
0	0.88215	0.81132	0.85714	0.77273	0.85714	1	1	1	1	1	1	1	1	1	1	1	1	1	1	0	0	0	0	
0	0.86182	0.86538	0.75	0.78571	0.91667	0.83333	1	1	1	1	1	1	1	1	1	1	1	1	0	0	0	0	0	
0	0.84906	0.768	0.72414	0.73077	0.75	0.85714	0.75	0.75	0.66667	1	1	1	1	1	1	1	1	0	0	0	0	0	0	
0	0.86798	0.86466	0.87302	0.88	0.92308	0.88889	0.875	0.8	0.66667	0.66667	0.66667	0.66667	0.66667	0.66667	1	1	0	0	0	0	0	0	0	
0	0.89216	0.89677	0.91803	0.88235	0.875	0.84615	0.77778	0.83333	0.83333	0.75	0.66667	0.66667	0.66667	1	1	0	0	0	0	0	0	0	0	
0	0.93824	0.92994	0.96154	0.97368	0.96429	0.94118	0.90909	0.9	0.85714	0.83333	0.83333	0.83333	1	1	1	1	1	0	0	0	0	0	0	
0	0.94976	0.9321	0.97059	0.95745	0.9375	1	1	1	1	1	1	1	1	1	1	1	0	0	0	0	0	0	0	
0	0.94978	0.95092	0.96809	0.96364	0.97059	1	1	1	1	1	1	1	1	1	1	0	0	0	0	0	0	0	0	
0	0.95632	0.90431	0.9009	0.91935	0.89744	0.88	0.88889	0.86667	0.84615	0.81818	0.71429	0.66667	1	1	0	0	0	0	0	0	0	0	0	
0	0.96304	0.96154	0.96183	0.96341	0.93333	0.96552	0.95238	0.94444	0.93333	0.88889	0.85714	1	1	0	0	0	0	0	0	0	0	0	0	
0	0.97331	0.95317	0.94211	0.93478	0.94545	0.96875	0.92308	0.94118	0.875	0.83333	1	0	0	0	0	0	0	0	0	0	0	0	0	
0	0.96667	0.94924	0.94444	0.93103	0.86957	0.84848	0.90476	0.8	0.77778	0.8	0.66667	0	0	0	0	0	0	0	0	0	0	0	0	
0	0.97505	0.97245	0.94079	0.92424	0.90476	0.92	0.84615	0.8	0.83333	0.66667	0	0	0	0	0	0	0	0	0	0	0	0	0	
0	0.97424	0.89286	0.8932	0.89091	0.90323	0.875	0.81818	0.83333	0.75	0.5	0	0	0	0	0	0	0	0	0	0	0	0	0	
0	0.95196	0.90952	0.89247	0.9375	0.90476	0.86667	0.9	0.83333	0.75	1	0	0	0	0	0	0	0	0	0	0	0	0	0	
0	0.93394	0.93548	0.95192	0.91837	0.84848	0.90476	0.77778	0.71429	0.75	1	0	0	0	0	0	0	0	0	0	0	0	0	0	
0	0.96161	0.94222	0.93478	0.91071	0.88571	0.85714	0.8	0.8	1	0	0	0	0	0	0	0	0	0	0	0	0	0	0	
0	0.9614	0.88288	0.86179	0.7971	0.81818	0.83333	0.83333	1	1	0	0	0	0	0	0	0	0	0	0	0	0	0	0	
0	0.95212	0.9572	0.952	0.94545	0.91429	0.94118	1	1	1	1	1	0	0	0	0	0	0	0	0	0	0	0	0	
0	0.9635	0.97727	0.96552	0.95833	0.875	0.9375	0.875	0.75	0.5	1	0	0	0	0	0	0	0	0	0	0	0	0	0	
0	0.97891	0.97462	0.96739	0.91837	0.96429	0.94118	0.88889	0.83333	1	1	0	0	0	0	0	0	0	0	0	0	0	0	0	
0	0.97625	0.96273	0.94872	0.95349	0.88462	0.8125	0.8	1	1	1	1	0	0	0	0	0	0	0	0	0	0	0	0	
0	0.97912	0.97159	0.97436	0.95349	0.92308	0.88235	1	1	1	1	0	0	0	0	0	0	0	0	0	0	0	0	0	
0	0.98081	0.97484	0.95714	0.94595	0.86957	1	1	1	1	0	0	0	0	0	0	0	0	0	0	0	0	0	0	
0	0.97953	0.96774	0.98246	0.94286	1	1	1	1	0	0	0	0	0	0	0	0	0	0	0	0	0	0	0	
0	0.97826	0.96939	0.92982	1	1	1	1	1	1	1	0	0	0	0	0	0	0	0	0	0	0	0	0	
0	0.96324	0.95489	0.95	0.93333	1	1	1	1	1	1	1	0	0	0	0	0	0	0	0	0	0	0	0	
0	0.98754	0.94697	0.93548	0.92857	0.91667	0.88889	0.83333	1	1	1	0	0	0	0	0	0	0	0	0	0	0	0	0	
0	0.96396	0.94928	0.94915	0.96552	0.9375	0.90909	1	1	1	0	0	0	0	0	0	0	0	0	0	0	0	0	0	
0	0.96508	0.97692	0.96552	1	1	1	1	1	1	1	1	1	1	0	0	0	0	0	0	0	0	0	0	
0	0.95942	0.93836	0.94203	0.92105	0.95238	0.9	1	1	1	1	1	1	0	0	0	0	0	0	0	0	0	0	0	
0	0.95291	0.95238	0.91429	0.94444	0.94444	1	1	1	1	1	1	0	0	0	0	0	0	0	0	0	0	0	0	
0	0.96133	0.95139	0.92424	1	1	1	1	1	1	1	1	0	0	0	0	0	0	0	0	0	0	0	0	
0	0.96094	0.94969	0.92537	0.93182	0.875	1	1	1	1	1	1	1	0	0	0	0	0	0	0	0	0	0	0	
0	0.96296	0.95625	0.95789	0.875	0.95833	0.93333	1	1	1	1	1	1	1	1	1	0	0	0	0	0	0	0	0	
0	0.95479	0.96571	0.9359	0.975	0.95833	1	1	1	1	1	1	1	1	1	0	0	0	0	0	0	0	0	0	
0	0.96065	0.94318	0.96471	0.93182	1	1	1	1	1	1	1	1	1	0	0	0	0	0	0	0	0	0	0	
0	0.96313	0.95376	0.94737	0.97674	0.96154	0.94444	0.90909	1	1	1	1	1	0	0	0	0	0	0	0	0	0	0	0	
0	0.96465	0.87234	0.88095	0.82051	0.83333	0.8125	0.8	0.66667	0.66667	0.66667	0.5	1	1	1	1	0	0	0	0	0	0	0	0	
0	0.96429	0.94839	0.95652	0.94118	0.90476	0.91667	0.875	0.8	0.75	1	1	1	1	1	0	0	0	0	0	0	0	0	0	
0	0.96919	0.96552	0.98529	0.94595	0.95	0.91667	0.85714	0.8	1	1	1	1	1	0	0	0	0	0	0	0	0	0	0	
0	0.97196	0.94574	0.88333	0.93333	0.9375	0.88889	0.8	1	1	1	1	1	0	0	0	0	0	0	0	0	0	0	0	
0	0.97059	0.952	0.94828	0.95833	0.92308	0.83333	1	1	1	1	1	1	1	1	1	1	1	1	1	1	1	1	1	
0	0.97024	0.97101	0.98361	1	1	1	1	1	0.75	1	1	1	1	1	1	1	1	1	1	1	1	1	1	
0	0.96286	0.94483	0.87692	0.84375	0.77778	0.9	1	1	1	1	1	1	1	1	1	1	1	1	1	1	1	1	0	
0	0.98177	0.96667	1	0.97436	0.95833	1	0.88889	1	1	1	1	1	1	1	1	1	1	1	1	1	1	0	0	
0	0.9641	0.97857	0.97101	0.97368	0.94444	0.75	0.85714	1	1	1	1	1	1	1	1	1	1	1	1	1	0	0	0	
0	0.96481	0.94815	0.95082	0.93333	0.73333	0.875	1	1	1	1	1	1	1	1	1	1	1	1	1	0	0	0	0	
0	0.96316	0.95172	0.89474	0.71053	0.73333	0.9	0.875	1	1	1	1	1	1	1	1	1	1	1	0	0	0	0	0	
0	0.95503	0.90361	0.72289	0.76316	0.85	0.84615	1	1	1	1	1	1	1	1	1	1	1	0	0	0	0	0	0	
0	0.92396	0.78261	0.8	0.82927	0.79167	0.875	0.92857	0.85714	0.75	0.5	1	1	1	1	1	1	0	0	0	0	0	0	0	
0	0.77664	0.77778	0.77528	0.79545	0.82143	0.95238	0.91667	0.85714	0.66667	1	1	1	1	1	1	0	0	0	0	0	0	0	0	
0	0.81986	0.81977	0.80488	0.77778	0.80645	0.6875	0.625	0.25	0.33333	0.5	0.5	0.5	0.5	0.5	0	0	0	0	0	0	0	0	0	
0	0.97129	0.96933	0.9875	0.97436	0.94737	1	1	1	1	1	1	1	1	0	0	0	0	0	0	0	0	0	0	
0	0.97291	0.97126	0.97183	0.97059	1	1	1	1	1	1	1	1	0	0	0	0	0	0	0	0	0	0	0	
0	0.97783	0.98795	1	1	1	1	1	1	1	1	1	0	0	0	0	0	0	0	0	0	0	0	0	
0	0.98232	0.97059	0.9661	0.96552	0.92308	1	1	1	1	1	0	0	0	0	0	0	0	0	0	0	0	0	0	
0	0.96232	0.98261	1	1	1	1	1	1	1	1	0	0	0	0	0	0	0	0	0	0	0	0	0	
0	0.97324	0.96748	1	1	1	1	1	1	1	1	0	0	0	0	0	0	0	0	0	0	0	0	0	
0	0.98065	0.98319	0.96552	0.96552	1	1	1	1	1	1	1	0	0	0	0	0	0	0	0	0	0	0	0	
0	0.96951	0.95455	0.92453	0.9	0.83333	1	1	1	1	1	0	0	0	0	0	0	0	0	0	0	0	0	0	
0	0.97904	0.94958	0.95455	0.95455	1	1	1	1	0	0	0	0	0	0	0	0	0	0	0	0	0	0	0	
0	0.96375	0.95276	0.89286	1	0.94118	1	1	1	1	0	0	0	0	0	0	0	0	0	0	0	0	0	0	
0	0.96396	0.9187	0.96429	0.90909	1	0.875	0.85714	0.8	0.5	0	0	0	0	0	0	0	0	0	0	0	0	0	0	
0	0.95441	0.90083	0.86667	0.75	0.58824	0.5	0.6	1	0	0	0	0	0	0	0	0	0	0	0	0	0	0	0	
0	0.93711	0.90625	0.9434	0.76667	0.76923	0.85714	1	0	0	0	0	0	0	0	0	0	0	0	0	0	0	0	0	
0	0.95283	0.94393	0.85714	0.9	1	1	0	0	0	0	0	0	0	0	0	0	0	0	0	0	0	0	0	
0	0.90268	0.83761	0.82927	0.82353	0.875	0.66667	0	0	0	0	0	0	0	0	0	0	0	0	0	0	0	0	0	
0	0.8949	0.91453	0.84444	0.7619	0.55556	0.5	0	0	0	0	0	0	0	0	0	0	0	0	0	0	0	0	0	
0	0.95078	0.94406	0.95588	0.93939	1	1	1	0.5	0.5	0	0	0	0	0	0	0	0	0	0	0	0	0	0	
0	0.96897	0.98125	0.96154	0.97143	0.94118	1	1	1	0	0	0	0	0	0	0	0	0	0	0	0	0	0	0	
0	0.951	0.92614	0.94737	0.925	1	0.88889	0.71429	0.66667	1	0	0	0	0	0	0	0	0	0	0	0	0	0	0	
0	0.94297	0.92079	0.90816	0.93333	0.91304	0.92857	0.85714	0.66667	1	1	1	1	1	1	1	1	1	0	0	0	0	0	0	
0	0.94837	0.945	0.9011	0.84091	0.75	0.7	0.6	0.33333	0.33333	0	0	0	0	0	0	0	0	0	0	0	0	0	0	
0	0.96981	0.955	0.91463	0.91429	0.86667	0.9	0.83333	0.8	0.75	0.5	0.5	1	1	1	1	0	0	0	0	0	0	0	0	
0	0.97087	0.93855	0.89041	0.79412	0.7	0.75	0.71429	0.6	0.66667	0.66667	1	1	1	1	0	0	0	0	0	0	0	0	0	
0	0.96211	0.94375	0.92424	0.93103	0.94737	0.9	0.85714	0.8	0.75	1	1	1	1	0	0	0	0	0	0	0	0	0	0	
0	0.96875	0.91139	0.89552	0.91176	0.875	0.90909	0.83333	0.8	1	1	1	1	0	0	0	0	0	0	0	0	0	0	0	
0	0.96195	0.96667	0.9759	0.93182	0.92	0.91667	0.85714	0.83333	1	1	1	0	0	0	0	0	0	0	0	0	0	0	0	
0	0.97228	0.93529	0.94737	0.91892	0.92857	0.85714	0.75	1	0	0	0	0	0	0	0	0	0	0	0	0	0	0	0	
0	0.95367	0.95699	0.93103	0.86842	0.85714	0.84615	1	1	0	0	0	0	0	0	0	0	0	0	0	0	0	0	0	
0	0.94802	0.92513	0.91667	0.95745	0.92308	1	1	1	1	1	1	1	1	1	0	0	0	0	0	0	0	0	0	
0	0.9499	0.94444	0.96203	0.91892	1	1	1	1	1	0	0	0	0	0	0	0	0	0	0	0	0	0	0	
0	0.95445	0.92308	0.8642	0.93939	0.94118	1	1	1	1	1	1	1	0	0	0	0	0	0	0	0	0	0	0	
0	0.96694	0.93252	0.91176	0.83333	0.8	0.875	1	1	1	1	1	0	0	0	0	0	0	0	0	0	0	0	0	
0	0.95704	0.96203	0.90769	1	1	1	1	1	1	1	0	0	0	0	0	0	0	0	0	0	0	0	0	
0	0.96597	0.93651	0.96296	0.91304	1	1	1	1	1	0	0	0	0	0	0	0	0	0	0	0	0	0	0	
0	0.98082	0.97203	0.9697	0.97059	0.9	0.81818	0.71429	0.8	1	1	1	1	0	0	0	0	0	0	0	0	0	0	0	
0	0.97832	0.96528	0.92537	0.86486	0.9	0.83333	0.875	1	1	1	1	0	0	0	0	0	0	0	0	0	0	0	0	
0	0.9771	0.96689	0.90476	0.90909	0.9	1	1	1	1	1	0	0	0	0	0	0	0	0	0	0	0	0	0	
0	0.97975	0.94286	0.92857	0.825	0.92	0.9	0.85714	0.75	1	0	0	0	0	0	0	0	0	0	0	0	0	0	0	
0	0.94723	0.92949	0.85714	0.92105	0.91667	1	1	1	0	0	0	0	0	0	0	0	0	0	0	0	0	0	0	
0	0.95796	0.82677	0.90164	0.88	0.94118	1	0.83333	1	0	0	0	0	0	0	0	0	0	0	0	0	0	0	0	
0	0.84783	0.9313	0.93878	0.92593	0.92308	0.71429	0.66667	0	0	0	0	0	0	0	0	0	0	0	0	0	0	0	0	
0	0.86787	0.92373	0.92727	0.96296	0.84615	0.85714	1	1	0	0	0	0	0	0	0	0	0	0	0	0	0	0	0	
0	0.92409	0.936	0.95745	0.92	0.85714	0.66667	0.75	0.5	0.5	0.5	1	1	1	1	0	0	0	0	0	0	0	0	0	
0	0.92929	0.92727	0.90698	0.83333	0.5	0.5	0.5	0.5	0.5	1	1	1	1	0	0	0	0	0	0	0	0	0	0	
0	0.92708	0.92157	0.88095	0.88889	0.9	0.83333	0.75	0.5	1	1	1	1	0	0	0	0	0	0	0	0	0	0	0	
0	0.92963	0.94681	0.95	0.94737	0.9	0.85714	0.75	1	1	1	1	0	0	0	0	0	0	0	0	0	0	0	0	
0	0.94224	0.93069	0.88095	0.86364	0.88889	0.83333	1	1	1	1	0	0	0	0	0	0	0	0	0	0	0	0	0	
0	0.9607	0.94667	0.92105	0.875	0.88889	1	1	1	1	0	0	0	0	0	0	0	0	0	0	0	0	0	0	
0	0.94931	0.85542	0.82051	0.78947	0.66667	1	1	1	0	0	0	0	0	0	0	0	0	0	0	0	0	0	0	
0	0.97321	0.95181	0.94286	0.86667	0.75	0.75	0.5	0	0	0	0	0	0	0	0	0	0	0	0	0	0	0	0	
0	0.98069	0.9898	0.95238	0.94737	0.90909	0.83333	0	0	0	0	0	0	0	0	0	0	0	0	0	0	0	0	0	
0	0.97048	0.95413	0.95238	0.91667	0.91667	1	1	1	1	0	0	0	0	0	0	0	0	0	0	0	0	0	0	
0	0.96337	0.94898	0.91837	0.92	0.88889	0.85714	0.8	0.75	1	1	1	1	1	1	1	0	0	0	0	0	0	0	0	
0	0.95578	0.92523	0.95349	0.92857	0.875	0.8	0.75	1	1	1	1	1	1	1	0	0	0	0	0	0	0	0	0	
0	0.96117	0.88596	0.81818	0.83333	0.88889	0.83333	1	1	1	1	1	1	1	0	0	0	0	0	0	0	0	0	0	
0	0.97214	0.92982	0.91837	0.92308	0.875	1	1	1	1	1	1	1	0	0	0	0	0	0	0	0	0	0	0	
0	0.97161	0.95833	0.9403	0.9	1	0.90909	0.8	0.5	0.5	0.5	1	0	0	0	0	0	0	0	0	0	0	0	0	
0	0.97006	0.93103	0.90141	0.91176	0.78947	0.75	0.5	0.5	0.5	1	0	0	0	0	0	0	0	0	0	0	0	0	0	
0	0.97516	0.97638	0.96552	0.93103	0.85714	0.83333	0.75	0.66667	1	0	0	0	0	0	0	0	0	0	0	0	0	0	0	
0	0.94481	0.9569	0.92308	0.85714	0.88889	0.8	0.66667	1	0	0	0	0	0	0	0	0	0	0	0	0	0	0	0	
0	0.97368	0.96825	0.94444	0.95238	0.9	0.8	1	0	0	0	0	0	0	0	0	0	0	0	0	0	0	0	0	
