221	49	11	6	4	4	1	1	1	0	0	0	0	0	0	0	0	0	0	0	0	0	0	0	
252	55	21	8	5	1	1	0	0	0	0	0	0	0	0	0	0	0	0	0	0	0	0	0	
309	78	30	18	9	5	2	1	0	0	0	0	0	0	0	0	0	0	0	0	0	0	0	0	
345	98	41	18	8	3	1	0	0	0	0	0	0	0	0	0	0	0	0	0	0	0	0	0	
422	110	33	13	5	2	0	0	0	0	0	0	0	0	0	0	0	0	0	0	0	0	0	0	
376	89	31	11	5	1	1	1	1	1	1	1	1	1	1	1	0	0	0	0	0	0	0	0	
388	112	43	18	9	6	2	1	1	1	1	1	1	1	1	0	0	0	0	0	0	0	0	0	
401	114	37	15	8	4	2	1	1	1	1	1	1	1	0	0	0	0	0	0	0	0	0	0	
453	126	43	20	9	7	5	2	2	1	1	1	1	0	0	0	0	0	0	0	0	0	0	0	
487	133	48	17	12	8	2	2	1	1	1	1	0	0	0	0	0	0	0	0	0	0	0	0	
473	149	59	30	17	7	4	2	1	1	1	0	0	0	0	0	0	0	0	0	0	0	0	0	
471	142	69	33	15	11	7	5	3	2	1	0	0	0	0	0	0	0	0	0	0	0	0	0	
450	146	60	23	14	7	5	3	2	1	0	0	0	0	0	0	0	0	0	0	0	0	0	0	
479	151	49	22	10	4	2	1	0	0	0	0	0	0	0	0	0	0	0	0	0	0	0	0	
497	144	46	19	9	4	3	1	0	0	0	0	0	0	0	0	0	0	0	0	0	0	0	0	
486	126	41	17	7	5	2	0	0	0	0	0	0	0	0	0	0	0	0	0	0	0	0	0	
413	113	38	16	5	3	0	0	0	0	0	0	0	0	0	0	0	0	0	0	0	0	0	0	
424	117	38	13	6	1	0	0	0	0	0	0	0	0	0	0	0	0	0	0	0	0	0	0	
397	114	44	22	8	3	1	0	0	0	0	0	0	0	0	0	0	0	0	0	0	0	0	0	
422	118	50	20	9	5	3	1	1	0	0	0	0	0	0	0	0	0	0	0	0	0	0	0	
429	132	42	16	8	4	3	2	0	0	0	0	0	0	0	0	0	0	0	0	0	0	0	0	
444	132	42	21	9	5	3	1	1	0	0	0	0	0	0	0	0	0	0	0	0	0	0	0	
424	115	43	15	9	5	2	2	1	1	1	1	1	1	0	0	0	0	0	0	0	0	0	0	
402	125	47	23	11	6	5	2	1	1	1	1	1	0	0	0	0	0	0	0	0	0	0	0	
450	130	57	27	10	7	3	2	1	1	1	1	0	0	0	0	0	0	0	0	0	0	0	0	
433	144	62	22	13	8	5	3	2	2	1	1	1	1	1	1	0	0	0	0	0	0	0	0	
469	156	54	27	13	9	5	4	2	1	1	1	1	1	1	0	0	0	0	0	0	0	0	0	
424	139	60	30	19	9	5	4	2	0	0	0	0	0	0	0	0	0	0	0	0	0	0	0	
437	152	66	41	14	9	8	5	2	2	1	1	1	0	0	0	0	0	0	0	0	0	0	0	
418	141	70	27	16	10	7	4	3	2	2	2	1	0	0	0	0	0	0	0	0	0	0	0	
411	168	67	30	14	9	7	6	3	2	2	1	0	0	0	0	0	0	0	0	0	0	0	0	
492	169	66	32	20	13	10	7	5	4	3	2	1	0	0	0	0	0	0	0	0	0	0	0	
519	171	69	40	21	14	10	6	4	3	2	1	0	0	0	0	0	0	0	0	0	0	0	0	
540	181	80	46	28	14	8	6	4	3	1	0	0	0	0	0	0	0	0	0	0	0	0	0	
600	220	100	58	29	16	11	6	5	3	1	0	0	0	0	0	0	0	0	0	0	0	0	0	
605	210	75	36	22	11	8	7	3	1	0	0	0	0	0	0	0	0	0	0	0	0	0	0	
575	177	50	20	11	9	6	3	1	0	0	0	0	0	0	0	0	0	0	0	0	0	0	0	
598	170	60	27	14	9	5	1	0	0	0	0	0	0	0	0	0	0	0	0	0	0	0	0	
567	162	46	21	8	5	3	2	2	1	0	0	0	0	0	0	0	0	0	0	0	0	0	0	
619	167	55	29	19	8	4	3	2	0	0	0	0	0	0	0	0	0	0	0	0	0	0	0	
561	151	68	34	13	8	6	4	1	1	1	0	0	0	0	0	0	0	0	0	0	0	0	0	
559	166	53	27	12	9	7	3	2	2	1	1	1	1	1	1	1	1	1	0	0	0	0	0	
574	179	56	25	16	14	7	4	2	2	2	2	1	1	1	1	1	1	0	0	0	0	0	0	
595	167	35	17	14	6	4	2	1	1	1	0	0	0	0	0	0	0	0	0	0	0	0	0	
557	142	56	32	13	7	3	1	1	1	0	0	0	0	0	0	0	0	0	0	0	0	0	0	
594	185	78	37	19	8	5	4	4	2	1	1	1	1	1	0	0	0	0	0	0	0	0	0	
601	178	59	33	19	12	7	7	2	1	1	1	1	1	0	0	0	0	0	0	0	0	0	0	
592	187	82	46	24	13	11	7	5	3	3	2	1	0	0	0	0	0	0	0	0	0	0	0	
669	211	79	36	17	13	7	4	3	3	2	2	0	0	0	0	0	0	0	0	0	0	0	0	
614	179	72	31	19	10	7	5	5	4	3	0	0	0	0	0	0	0	0	0	0	0	0	0	
523	171	67	34	18	13	9	7	6	4	0	0	0	0	0	0	0	0	0	0	0	0	0	0	
637	186	77	37	22	13	10	7	5	1	1	1	0	0	0	0	0	0	0	0	0	0	0	0	
549	176	74	49	23	16	9	6	2	1	1	0	0	0	0	0	0	0	0	0	0	0	0	0	
594	189	90	43	28	13	9	5	3	2	0	0	0	0	0	0	0	0	0	0	0	0	0	0	
588	200	85	47	18	15	10	6	4	1	0	0	0	0	0	0	0	0	0	0	0	0	0	0	
694	209	85	38	24	14	9	5	2	0	0	0	0	0	0	0	0	0	0	0	0	0	0	0	
605	204	82	47	24	13	8	3	0	0	0	0	0	0	0	0	0	0	0	0	0	0	0	0	
672	200	101	43	21	14	6	1	1	1	1	0	0	0	0	0	0	0	0	0	0	0	0	0	
587	219	84	33	20	11	3	3	1	1	0	0	0	0	0	0	0	0	0	0	0	0	0	0	
739	195	83	39	19	6	5	2	2	0	0	0	0	0	0	0	0	0	0	0	0	0	0	0	
565	173	80	41	22	14	7	6	1	1	1	1	1	0	0	0	0	0	0	0	0	0	0	0	
569	188	90	44	24	12	8	3	3	2	2	2	0	0	0	0	0	0	0	0	0	0	0	0	
634	211	93	46	25	14	8	7	6	4	3	1	0	0	0	0	0	0	0	0	0	0	0	0	
639	194	84	44	26	14	12	8	4	3	1	0	0	0	0	0	0	0	0	0	0	0	0	0	
583	193	86	39	22	17	10	6	5	3	2	0	0	0	0	0	0	0	0	0	0	0	0	0	
657	211	95	54	34	16	9	7	4	2	0	0	0	0	0	0	0	0	0	0	0	0	0	0	
667	199	88	56	28	17	11	6	4	1	1	0	0	0	0	0	0	0	0	0	0	0	0	0	
625	194	104	40	23	14	8	5	1	1	0	0	0	0	0	0	0	0	0	0	0	0	0	0	
631	225	78	36	21	11	7	3	2	0	0	0	0	0	0	0	0	0	0	0	0	0	0	0	
730	202	73	36	18	9	3	2	0	0	0	0	0	0	0	0	0	0	0	0	0	0	0	0	
698	179	77	29	13	5	3	0	0	0	0	0	0	0	0	0	0	0	0	0	0	0	0	0	
647	192	72	36	14	7	0	0	0	0	0	0	0	0	0	0	0	0	0	0	0	0	0	0	
649	175	65	26	12	3	1	1	1	0	0	0	0	0	0	0	0	0	0	0	0	0	0	0	
619	162	50	24	7	3	2	1	0	0	0	0	0	0	0	0	0	0	0	0	0	0	0	0	
639	157	56	20	7	4	1	0	0	0	0	0	0	0	0	0	0	0	0	0	0	0	0	0	
675	165	50	17	8	2	0	0	0	0	0	0	0	0	0	0	0	0	0	0	0	0	0	0	
671	145	41	17	6	2	0	0	0	0	0	0	0	0	0	0	0	0	0	0	0	0	0	0	
711	155	50	19	8	3	1	0	0	0	0	0	0	0	0	0	0	0	0	0	0	0	0	0	
697	143	43	15	6	3	1	1	0	0	0	0	0	0	0	0	0	0	0	0	0	0	0	0	
658	118	35	16	6	1	1	0	0	0	0	0	0	0	0	0	0	0	0	0	0	0	0	0	
634	105	39	15	5	2	0	0	0	0	0	0	0	0	0	0	0	0	0	0	0	0	0	0	
623	116	41	17	5	0	0	0	0	0	0	0	0	0	0	0	0	0	0	0	0	0	0	0	
536	101	27	8	2	2	0	0	0	0	0	0	0	0	0	0	0	0	0	0	0	0	0	0	
478	96	25	4	4	1	1	1	1	1	1	1	1	1	1	1	1	0	0	0	0	0	0	0	
478	82	11	8	3	1	1	1	1	1	1	1	1	1	1	1	0	0	0	0	0	0	0	0	
383	53	14	4	2	1	1	1	1	1	1	1	1	1	1	0	0	0	0	0	0	0	0	0	
389	56	12	5	2	2	2	2	2	2	2	2	2	2	0	0	0	0	0	0	0	0	0	0	
369	54	17	5	5	3	3	3	3	3	2	2	2	0	0	0	0	0	0	0	0	0	0	0	
332	55	12	3	1	1	1	1	1	1	1	1	1	1	0	0	0	0	0	0	0	0	0	0	
328	62	24	16	10	8	5	5	4	4	4	2	1	0	0	0	0	0	0	0	0	0	0	0	
364	80	33	16	12	7	5	4	4	4	1	1	0	0	0	0	0	0	0	0	0	0	0	0	
410	100	30	17	11	5	4	3	3	2	1	0	0	0	0	0	0	0	0	0	0	0	0	0	
415	93	27	18	10	7	5	5	2	1	0	0	0	0	0	0	0	0	0	0	0	0	0	0	
400	95	39	19	12	9	7	4	1	0	0	0	0	0	0	0	0	0	0	0	0	0	0	0	
426	96	35	19	13	8	4	1	0	0	0	0	0	0	0	0	0	0	0	0	0	0	0	0	
454	121	48	27	15	7	1	0	0	0	0	0	0	0	0	0	0	0	0	0	0	0	0	0	
466	132	52	26	16	4	1	1	1	1	0	0	0	0	0	0	0	0	0	0	0	0	0	0	
551	153	56	27	8	2	1	1	1	0	0	0	0	0	0	0	0	0	0	0	0	0	0	0	
566	137	50	11	2	1	1	1	0	0	0	0	0	0	0	0	0	0	0	0	0	0	0	0	
474	119	26	6	4	2	1	0	0	0	0	0	0	0	0	0	0	0	0	0	0	0	0	0	
456	74	9	5	3	1	0	0	0	0	0	0	0	0	0	0	0	0	0	0	0	0	0	0	
358	23	10	4	1	0	0	0	0	0	0	0	0	0	0	0	0	0	0	0	0	0	0	0	
206	62	21	9	1	0	0	0	0	0	0	0	0	0	0	0	0	0	0	0	0	0	0	0	
605	172	44	6	3	1	1	1	0	0	0	0	0	0	0	0	0	0	0	0	0	0	0	0	
554	123	24	8	3	2	2	0	0	0	0	0	0	0	0	0	0	0	0	0	0	0	0	0	
547	87	35	10	4	3	1	1	1	1	1	0	0	0	0	0	0	0	0	0	0	0	0	0	
450	86	23	10	6	4	3	2	1	1	0	0	0	0	0	0	0	0	0	0	0	0	0	0	
420	59	21	11	7	5	4	3	1	0	0	0	0	0	0	0	0	0	0	0	0	0	0	0	
355	65	27	17	6	4	2	0	0	0	0	0	0	0	0	0	0	0	0	0	0	0	0	0	
498	144	43	17	9	7	4	0	0	0	0	0	0	0	0	0	0	0	0	0	0	0	0	0	
694	185	58	25	16	10	2	1	1	0	0	0	0	0	0	0	0	0	0	0	0	0	0	0	
659	165	51	19	10	1	0	0	0	0	0	0	0	0	0	0	0	0	0	0	0	0	0	0	
618	141	23	10	2	0	0	0	0	0	0	0	0	0	0	0	0	0	0	0	0	0	0	0	
561	107	32	10	3	3	1	0	0	0	0	0	0	0	0	0	0	0	0	0	0	0	0	0	
430	106	31	15	12	4	1	0	0	0	0	0	0	0	0	0	0	0	0	0	0	0	0	0	
475	106	39	24	6	2	1	1	0	0	0	0	0	0	0	0	0	0	0	0	0	0	0	0	
479	118	50	18	8	5	3	1	0	0	0	0	0	0	0	0	0	0	0	0	0	0	0	0	
462	150	46	20	7	4	2	1	0	0	0	0	0	0	0	0	0	0	0	0	0	0	0	0	
525	143	48	22	11	4	2	2	0	0	0	0	0	0	0	0	0	0	0	0	0	0	0	0	
478	125	44	22	13	6	4	2	0	0	0	0	0	0	0	0	0	0	0	0	0	0	0	0	
484	144	53	27	14	8	4	1	1	1	1	0	0	0	0	0	0	0	0	0	0	0	0	0	
490	135	52	21	12	6	2	2	1	1	0	0	0	0	0	0	0	0	0	0	0	0	0	0	
476	127	33	17	9	5	4	2	1	0	0	0	0	0	0	0	0	0	0	0	0	0	0	0	
515	129	46	21	9	5	3	2	0	0	0	0	0	0	0	0	0	0	0	0	0	0	0	0	
490	139	51	21	14	10	3	0	0	0	0	0	0	0	0	0	0	0	0	0	0	0	0	0	
513	136	32	15	7	4	0	0	0	0	0	0	0	0	0	0	0	0	0	0	0	0	0	0	
489	118	54	26	12	7	4	1	0	0	0	0	0	0	0	0	0	0	0	0	0	0	0	0	
563	146	59	27	15	8	4	1	1	1	1	0	0	0	0	0	0	0	0	0	0	0	0	0	
581	174	44	19	12	5	2	0	0	0	0	0	0	0	0	0	0	0	0	0	0	0	0	0	
548	120	42	23	12	6	3	1	1	0	0	0	0	0	0	0	0	0	0	0	0	0	0	0	
446	125	54	25	10	6	3	3	2	2	2	2	2	2	1	1	1	0	0	0	0	0	0	0	
464	136	56	21	10	5	3	1	1	1	1	1	1	0	0	0	0	0	0	0	0	0	0	0	
413	128	41	22	10	7	2	2	1	1	0	0	0	0	0	0	0	0	0	0	0	0	0	0	
484	116	48	19	14	5	4	2	2	1	1	0	0	0	0	0	0	0	0	0	0	0	0	0	
460	155	51	28	12	5	3	3	2	2	2	1	1	0	0	0	0	0	0	0	0	0	0	0	
509	144	45	15	8	5	2	1	1	1	0	0	0	0	0	0	0	0	0	0	0	0	0	0	
480	144	40	20	11	6	3	2	2	1	1	0	0	0	0	0	0	0	0	0	0	0	0	0	
465	121	51	22	12	6	3	2	1	1	0	0	0	0	0	0	0	0	0	0	0	0	0	0	
455	126	49	22	11	4	3	1	1	0	0	0	0	0	0	0	0	0	0	0	0	0	0	0	
435	119	47	21	7	4	3	2	1	0	0	0	0	0	0	0	0	0	0	0	0	0	0	0	
491	133	38	18	11	5	3	2	1	1	1	0	0	0	0	0	0	0	0	0	0	0	0	0	
479	123	51	25	13	7	4	0	0	0	0	0	0	0	0	0	0	0	0	0	0	0	0	0	
474	158	57	23	8	4	1	1	1	0	0	0	0	0	0	0	0	0	0	0	0	0	0	0	
574	181	74	36	15	6	3	2	2	2	1	1	1	0	0	0	0	0	0	0	0	0	0	0	
508	141	59	25	10	6	2	2	2	1	1	1	0	0	0	0	0	0	0	0	0	0	0	0	
439	137	51	19	9	2	2	2	1	1	1	0	0	0	0	0	0	0	0	0	0	0	0	0	
463	139	52	23	8	4	3	1	1	1	0	0	0	0	0	0	0	0	0	0	0	0	0	0	
432	129	59	22	7	3	0	0	0	0	0	0	0	0	0	0	0	0	0	0	0	0	0	0	
416	122	39	14	8	2	1	1	0	0	0	0	0	0	0	0	0	0	0	0	0	0	0	0	
406	104	38	19	8	4	4	1	1	0	0	0	0	0	0	0	0	0	0	0	0	0	0	0	
415	110	44	18	7	4	2	1	0	0	0	0	0	0	0	0	0	0	0	0	0	0	0	0	
441	121	49	20	8	1	0	0	0	0	0	0	0	0	0	0	0	0	0	0	0	0	0	0	
392	110	33	11	2	1	0	0	0	0	0	0	0	0	0	0	0	0	0	0	0	0	0	0	
441	117	33	11	4	2	2	1	0	0	0	0	0	0	0	0	0	0	0	0	0	0	0	0	
450	104	34	10	4	2	1	0	0	0	0	0	0	0	0	0	0	0	0	0	0	0	0	0	
415	102	32	15	6	3	2	0	0	0	0	0	0	0	0	0	0	0	0	0	0	0	0	0	
431	95	33	11	6	3	2	2	1	0	0	0	0	0	0	0	0	0	0	0	0	0	0	0	
404	101	30	14	4	2	2	1	1	0	0	0	0	0	0	0	0	0	0	0	0	0	0	0	
418	108	32	16	5	3	2	1	1	1	0	0	0	0	0	0	0	0	0	0	0	0	0	0	
372	91	38	15	9	5	3	1	1	0	0	0	0	0	0	0	0	0	0	0	0	0	0	0	
367	89	33	18	10	4	1	1	0	0	0	0	0	0	0	0	0	0	0	0	0	0	0	0	
359	106	38	19	11	2	1	0	0	0	0	0	0	0	0	0	0	0	0	0	0	0	0	0	
404	113	47	25	10	4	1	0	0	0	0	0	0	0	0	0	0	0	0	0	0	0	0	0	
368	90	41	9	5	1	0	0	0	0	0	0	0	0	0	0	0	0	0	0	0	0	0	0	
335	106	31	13	4	3	1	0	0	0	0	0	0	0	0	0	0	0	0	0	0	0	0	0	
385	103	37	11	5	0	0	0	0	0	0	0	0	0	0	0	0	0	0	0	0	0	0	0	
351	89	19	9	2	0	0	0	0	0	0	0	0	0	0	0	0	0	0	0	0	0	0	0	
361	99	36	14	2	0	0	0	0	0	0	0	0	0	0	0	0	0	0	0	0	0	0	0	
353	78	31	12	7	3	1	0	0	0	0	0	0	0	0	0	0	0	0	0	0	0	0	0	
366	77	27	10	5	2	1	1	0	0	0	0	0	0	0	0	0	0	0	0	0	0	0	0	
361	75	26	10	4	3	1	1	1	1	1	1	0	0	0	0	0	0	0	0	0	0	0	0	
334	68	26	12	6	2	1	0	0	0	0	0	0	0	0	0	0	0	0	0	0	0	0	0	
336	65	16	9	3	1	0	0	0	0	0	0	0	0	0	0	0	0	0	0	0	0	0	0	
298	72	28	14	7	2	1	1	1	0	0	0	0	0	0	0	0	0	0	0	0	0	0	0	
309	64	20	7	2	1	1	1	0	0	0	0	0	0	0	0	0	0	0	0	0	0	0	0	
340	91	28	8	2	1	1	0	0	0	0	0	0	0	0	0	0	0	0	0	0	0	0	0	
325	80	20	7	3	2	0	0	0	0	0	0	0	0	0	0	0	0	0	0	0	0	0	0	
359	79	18	8	4	1	0	0	0	0	0	0	0	0	0	0	0	0	0	0	0	0	0	0	
347	65	21	7	1	0	0	0	0	0	0	0	0	0	0	0	0	0	0	0	0	0	0	0	
300	73	14	8	1	0	0	0	0	0	0	0	0	0	0	0	0	0	0	0	0	0	0	0	
331	64	23	5	2	1	1	1	1	1	1	1	0	0	0	0	0	0	0	0	0	0	0	0	
304	66	16	8	5	4	1	0	0	0	0	0	0	0	0	0	0	0	0	0	0	0	0	0	
275	59	20	8	6	2	1	1	1	1	0	0	0	0	0	0	0	0	0	0	0	0	0	0	
249	59	16	7	4	2	2	1	1	0	0	0	0	0	0	0	0	0	0	0	0	0	0	0	
276	58	15	9	5	3	2	2	0	0	0	0	0	0	0	0	0	0	0	0	0	0	0	0	
256	58	17	12	7	4	1	0	0	0	0	0	0	0	0	0	0	0	0	0	0	0	0	0	
307	63	22	8	3	2	0	0	0	0	0	0	0	0	0	0	0	0	0	0	0	0	0	0	
250	58	17	8	4	0	0	0	0	0	0	0	0	0	0	0	0	0	0	0	0	0	0	0	
312	86	25	8	3	1	0	0	0	0	0	0	0	0	0	0	0	0	0	0	0	0	0	0	
319	82	24	7	4	1	1	0	0	0	0	0	0	0	0	0	0	0	0	0	0	0	0	0	
301	67	18	7	3	3	0	0	0	0	0	0	0	0	0	0	0	0	0	0	0	0	0	0	
255	61	20	4	3	0	0	0	0	0	0	0	0	0	0	0	0	0	0	0	0	0	0	0	
239	60	14	6	0	0	0	0	0	0	0	0	0	0	0	0	0	0	0	0	0	0	0	0	
274	58	20	4	0	0	0	0	0	0	0	0	0	0	0	0	0	0	0	0	0	0	0	0	
289	68	17	4	2	2	0	0	0	0	0	0	0	0	0	0	0	0	0	0	0	0	0	0	
263	51	17	7	1	0	0	0	0	0	0	0	0	0	0	0	0	0	0	0	0	0	0	0	
271	53	13	4	0	0	0	0	0	0	0	0	0	0	0	0	0	0	0	0	0	0	0	0	
247	48	12	1	1	0	0	0	0	0	0	0	0	0	0	0	0	0	0	0	0	0	0	0	
259	55	12	2	1	0	0	0	0	0	0	0	0	0	0	0	0	0	0	0	0	0	0	0	
263	48	10	4	1	0	0	0	0	0	0	0	0	0	0	0	0	0	0	0	0	0	0	0	
228	39	6	1	0	0	0	0	0	0	0	0	0	0	0	0	0	0	0	0	0	0	0	0	
201	24	5	2	1	0	0	0	0	0	0	0	0	0	0	0	0	0	0	0	0	0	0	0	
156	29	6	2	0	0	0	0	0	0	0	0	0	0	0	0	0	0	0	0	0	0	0	0	
195	35	8	3	0	0	0	0	0	0	0	0	0	0	0	0	0	0	0	0	0	0	0	0	
191	35	10	3	0	0	0	0	0	0	0	0	0	0	0	0	0	0	0	0	0	0	0	0	
184	29	7	1	1	1	1	1	1	1	1	0	0	0	0	0	0	0	0	0	0	0	0	0	
160	34	8	2	1	1	0	0	0	0	0	0	0	0	0	0	0	0	0	0	0	0	0	0	
193	37	14	2	2	1	1	1	1	0	0	0	0	0	0	0	0	0	0	0	0	0	0	0	
185	37	11	4	1	1	1	0	0	0	0	0	0	0	0	0	0	0	0	0	0	0	0	0	
210	33	10	5	2	1	0	0	0	0	0	0	0	0	0	0	0	0	0	0	0	0	0	0	
189	33	9	4	3	0	0	0	0	0	0	0	0	0	0	0	0	0	0	0	0	0	0	0	
154	29	6	3	0	0	0	0	0	0	0	0	0	0	0	0	0	0	0	0	0	0	0	0	
185	31	11	5	0	0	0	0	0	0	0	0	0	0	0	0	0	0	0	0	0	0	0	0	
166	37	11	0	0	0	0	0	0	0	0	0	0	0	0	0	0	0	0	0	0	0	0	0	
184	34	4	1	0	0	0	0	0	0	0	0	0	0	0	0	0	0	0	0	0	0	0	0	
167	24	7	2	0	0	0	0	0	0	0	0	0	0	0	0	0	0	0	0	0	0	0	0	
142	23	3	1	0	0	0	0	0	0	0	0	0	0	0	0	0	0	0	0	0	0	0	0	
143	23	5	1	0	0	0	0	0	0	0	0	0	0	0	0	0	0	0	0	0	0	0	0	
153	31	8	3	2	2	0	0	0	0	0	0	0	0	0	0	0	0	0	0	0	0	0	0	
178	34	12	7	5	1	0	0	0	0	0	0	0	0	0	0	0	0	0	0	0	0	0	0	
168	35	15	4	2	0	0	0	0	0	0	0	0	0	0	0	0	0	0	0	0	0	0	0	
201	42	11	3	0	0	0	0	0	0	0	0	0	0	0	0	0	0	0	0	0	0	0	0	
192	32	8	0	0	0	0	0	0	0	0	0	0	0	0	0	0	0	0	0	0	0	0	0	
182	30	4	0	0	0	0	0	0	0	0	0	0	0	0	0	0	0	0	0	0	0	0	0	
138	25	5	1	1	0	0	0	0	0	0	0	0	0	0	0	0	0	0	0	0	0	0	0	
172	20	6	1	0	0	0	0	0	0	0	0	0	0	0	0	0	0	0	0	0	0	0	0	
157	25	7	0	0	0	0	0	0	0	0	0	0	0	0	0	0	0	0	0	0	0	0	0	
162	28	8	3	0	0	0	0	0	0	0	0	0	0	0	0	0	0	0	0	0	0	0	0	
202	40	11	1	0	0	0	0	0	0	0	0	0	0	0	0	0	0	0	0	0	0	0	0	
182	29	9	1	0	0	0	0	0	0	0	0	0	0	0	0	0	0	0	0	0	0	0	0	
159	14	4	1	0	0	0	0	0	0	0	0	0	0	0	0	0	0	0	0	0	0	0	0	
138	14	1	0	0	0	0	0	0	0	0	0	0	0	0	0	0	0	0	0	0	0	0	0	
139	17	7	1	1	0	0	0	0	0	0	0	0	0	0	0	0	0	0	0	0	0	0	0	
109	9	4	3	1	0	0	0	0	0	0	0	0	0	0	0	0	0	0	0	0	0	0	0	
111	16	4	0	0	0	0	0	0	0	0	0	0	0	0	0	0	0	0	0	0	0	0	0	
110	22	4	3	0	0	0	0	0	0	0	0	0	0	0	0	0	0	0	0	0	0	0	0	
135	17	7	1	1	0	0	0	0	0	0	0	0	0	0	0	0	0	0	0	0	0	0	0	
94	17	4	2	0	0	0	0	0	0	0	0	0	0	0	0	0	0	0	0	0	0	0	0	
120	11	1	0	0	0	0	0	0	0	0	0	0	0	0	0	0	0	0	0	0	0	0	0	
103	17	2	0	0	0	0	0	0	0	0	0	0	0	0	0	0	0	0	0	0	0	0	0	
122	13	4	0	0	0	0	0	0	0	0	0	0	0	0	0	0	0	0	0	0	0	0	0	
95	12	2	0	0	0	0	0	0	0	0	0	0	0	0	0	0	0	0	0	0	0	0	0	
86	18	5	0	0	0	0	0	0	0	0	0	0	0	0	0	0	0	0	0	0	0	0	0	
75	19	3	0	0	0	0	0	0	0	0	0	0	0	0	0	0	0	0	0	0	0	0	0	
85	12	5	4	1	0	0	0	0	0	0	0	0	0	0	0	0	0	0	0	0	0	0	0	
100	18	7	2	0	0	0	0	0	0	0	0	0	0	0	0	0	0	0	0	0	0	0	0	
90	24	6	1	0	0	0	0	0	0	0	0	0	0	0	0	0	0	0	0	0	0	0	0	
104	25	3	0	0	0	0	0	0	0	0	0	0	0	0	0	0	0	0	0	0	0	0	0	
102	24	10	3	1	0	0	0	0	0	0	0	0	0	0	0	0	0	0	0	0	0	0	0	
110	23	5	2	1	1	1	0	0	0	0	0	0	0	0	0	0	0	0	0	0	0	0	0	
97	21	8	2	1	1	0	0	0	0	0	0	0	0	0	0	0	0	0	0	0	0	0	0	
112	25	8	3	2	0	0	0	0	0	0	0	0	0	0	0	0	0	0	0	0	0	0	0	
119	24	8	6	2	2	2	0	0	0	0	0	0	0	0	0	0	0	0	0	0	0	0	0	
121	40	14	6	2	1	0	0	0	0	0	0	0	0	0	0	0	0	0	0	0	0	0	0	
131	35	10	3	1	0	0	0	0	0	0	0	0	0	0	0	0	0	0	0	0	0	0	0	
137	32	10	5	0	0	0	0	0	0	0	0	0	0	0	0	0	0	0	0	0	0	0	0	
138	39	16	3	1	0	0	0	0	0	0	0	0	0	0	0	0	0	0	0	0	0	0	0	
139	37	9	2	0	0	0	0	0	0	0	0	0	0	0	0	0	0	0	0	0	0	0	0	
156	37	9	5	2	2	2	1	0	0	0	0	0	0	0	0	0	0	0	0	0	0	0	0	
128	37	13	7	2	1	0	0	0	0	0	0	0	0	0	0	0	0	0	0	0	0	0	0	
170	46	13	6	4	3	1	1	0	0	0	0	0	0	0	0	0	0	0	0	0	0	0	0	
160	38	12	7	4	1	1	0	0	0	0	0	0	0	0	0	0	0	0	0	0	0	0	0	
156	51	17	5	1	1	0	0	0	0	0	0	0	0	0	0	0	0	0	0	0	0	0	0	
164	49	16	5	3	0	0	0	0	0	0	0	0	0	0	0	0	0	0	0	0	0	0	0	
221	64	28	13	3	2	0	0	0	0	0	0	0	0	0	0	0	0	0	0	0	0	0	0	
172	60	22	8	4	2	0	0	0	0	0	0	0	0	0	0	0	0	0	0	0	0	0	0	
226	63	21	5	2	0	0	0	0	0	0	0	0	0	0	0	0	0	0	0	0	0	0	0	
205	63	13	5	2	0	0	0	0	0	0	0	0	0	0	0	0	0	0	0	0	0	0	0	
185	43	17	8	1	1	0	0	0	0	0	0	0	0	0	0	0	0	0	0	0	0	0	0	
178	60	30	11	5	2	1	1	1	1	1	1	1	1	1	1	1	0	0	0	0	0	0	0	
191	54	15	8	4	2	1	1	1	1	1	1	1	1	1	1	0	0	0	0	0	0	0	0	
188	61	29	15	8	2	1	1	1	0	0	0	0	0	0	0	0	0	0	0	0	0	0	0	
248	91	34	22	7	3	3	2	1	1	1	1	1	1	0	0	0	0	0	0	0	0	0	0	
281	97	49	13	4	4	2	0	0	0	0	0	0	0	0	0	0	0	0	0	0	0	0	0	
251	97	31	14	6	2	0	0	0	0	0	0	0	0	0	0	0	0	0	0	0	0	0	0	
287	83	36	16	7	2	2	2	2	0	0	0	0	0	0	0	0	0	0	0	0	0	0	0	
221	75	34	15	5	5	5	4	2	2	1	0	0	0	0	0	0	0	0	0	0	0	0	0	
221	90	36	11	9	7	3	1	1	0	0	0	0	0	0	0	0	0	0	0	0	0	0	0	
311	108	40	26	15	9	5	4	2	1	0	0	0	0	0	0	0	0	0	0	0	0	0	0	
235	72	42	18	10	7	4	2	1	0	0	0	0	0	0	0	0	0	0	0	0	0	0	0	
227	97	36	16	9	5	3	1	0	0	0	0	0	0	0	0	0	0	0	0	0	0	0	0	
304	103	46	25	14	4	2	1	0	0	0	0	0	0	0	0	0	0	0	0	0	0	0	0	
240	86	37	20	8	3	2	0	0	0	0	0	0	0	0	0	0	0	0	0	0	0	0	0	
215	70	36	15	8	5	3	2	1	1	1	0	0	0	0	0	0	0	0	0	0	0	0	0	
209	85	32	14	8	3	1	1	1	1	0	0	0	0	0	0	0	0	0	0	0	0	0	0	
212	55	23	9	4	2	2	2	1	0	0	0	0	0	0	0	0	0	0	0	0	0	0	0	
194	64	26	15	7	7	5	4	2	0	0	0	0	0	0	0	0	0	0	0	0	0	0	0	
224	83	33	15	12	8	7	4	0	0	0	0	0	0	0	0	0	0	0	0	0	0	0	0	
265	88	33	21	16	13	7	0	0	0	0	0	0	0	0	0	0	0	0	0	0	0	0	0	
242	81	40	23	17	9	2	1	1	0	0	0	0	0	0	0	0	0	0	0	0	0	0	0	
217	87	42	29	14	4	2	1	0	0	0	0	0	0	0	0	0	0	0	0	0	0	0	0	
276	124	60	29	11	6	5	0	0	0	0	0	0	0	0	0	0	0	0	0	0	0	0	0	
349	125	51	19	11	9	2	2	1	1	1	1	1	0	0	0	0	0	0	0	0	0	0	0	
272	78	24	9	6	1	1	1	1	1	1	1	0	0	0	0	0	0	0	0	0	0	0	0	
220	65	18	9	4	2	0	0	0	0	0	0	0	0	0	0	0	0	0	0	0	0	0	0	
193	51	20	6	3	1	1	1	1	1	0	0	0	0	0	0	0	0	0	0	0	0	0	0	
203	59	21	9	4	3	3	2	2	1	0	0	0	0	0	0	0	0	0	0	0	0	0	0	
231	68	28	17	10	6	4	3	2	1	1	1	1	1	0	0	0	0	0	0	0	0	0	0	
238	91	43	17	9	7	3	2	1	1	1	1	1	1	1	1	1	0	0	0	0	0	0	0	
334	93	36	24	18	7	4	2	2	2	2	2	1	1	1	1	0	0	0	0	0	0	0	0	
229	68	33	20	6	4	2	2	2	2	2	1	1	1	1	0	0	0	0	0	0	0	0	0	
240	75	37	13	6	2	2	2	2	2	1	1	1	1	0	0	0	0	0	0	0	0	0	0	
238	86	26	15	6	4	3	3	3	2	2	1	1	0	0	0	0	0	0	0	0	0	0	0	
322	99	48	23	10	9	4	4	3	3	1	1	0	0	0	0	0	0	0	0	0	0	0	0	
241	98	43	20	12	8	6	3	3	1	1	0	0	0	0	0	0	0	0	0	0	0	0	0	
245	84	38	26	13	10	4	3	1	1	0	0	0	0	0	0	0	0	0	0	0	0	0	0	
269	87	54	33	16	11	5	3	3	0	0	0	0	0	0	0	0	0	0	0	0	0	0	0	
271	141	81	33	19	11	7	5	2	1	0	0	0	0	0	0	0	0	0	0	0	0	0	0	
441	206	75	47	22	12	9	2	1	0	0	0	0	0	0	0	0	0	0	0	0	0	0	0	
427	133	71	33	17	10	3	1	0	0	0	0	0	0	0	0	0	0	0	0	0	0	0	0	
287	117	49	26	13	3	1	0	0	0	0	0	0	0	0	0	0	0	0	0	0	0	0	0	
403	126	51	21	7	2	0	0	0	0	0	0	0	0	0	0	0	0	0	0	0	0	0	0	
303	89	39	12	3	0	0	0	0	0	0	0	0	0	0	0	0	0	0	0	0	0	0	0	
250	82	32	11	3	1	1	0	0	0	0	0	0	0	0	0	0	0	0	0	0	0	0	0	
295	94	33	12	3	2	0	0	0	0	0	0	0	0	0	0	0	0	0	0	0	0	0	0	
300	73	25	6	1	0	0	0	0	0	0	0	0	0	0	0	0	0	0	0	0	0	0	0	
221	66	27	13	5	1	1	1	1	0	0	0	0	0	0	0	0	0	0	0	0	0	0	0	
229	67	28	13	7	5	2	1	0	0	0	0	0	0	0	0	0	0	0	0	0	0	0	0	
211	58	22	11	9	4	2	1	0	0	0	0	0	0	0	0	0	0	0	0	0	0	0	0	
299	94	34	18	9	6	2	0	0	0	0	0	0	0	0	0	0	0	0	0	0	0	0	0	
253	73	40	18	11	5	1	1	0	0	0	0	0	0	0	0	0	0	0	0	0	0	0	0	
226	95	45	23	10	3	2	0	0	0	0	0	0	0	0	0	0	0	0	0	0	0	0	0	
328	113	53	18	7	3	1	1	0	0	0	0	0	0	0	0	0	0	0	0	0	0	0	0	
289	106	33	15	7	1	1	0	0	0	0	0	0	0	0	0	0	0	0	0	0	0	0	0	
308	84	29	11	4	4	0	0	0	0	0	0	0	0	0	0	0	0	0	0	0	0	0	0	
259	69	22	10	5	1	1	1	1	0	0	0	0	0	0	0	0	0	0	0	0	0	0	0	
244	60	26	11	2	2	2	2	1	0	0	0	0	0	0	0	0	0	0	0	0	0	0	0	
224	62	23	6	3	3	2	1	0	0	0	0	0	0	0	0	0	0	0	0	0	0	0	0	
253	80	30	14	9	5	2	1	0	0	0	0	0	0	0	0	0	0	0	0	0	0	0	0	
237	65	24	12	8	3	1	0	0	0	0	0	0	0	0	0	0	0	0	0	0	0	0	0	
223	54	31	20	9	4	1	0	0	0	0	0	0	0	0	0	0	0	0	0	0	0	0	0	
215	94	41	14	6	2	1	1	1	1	0	0	0	0	0	0	0	0	0	0	0	0	0	0	
305	74	27	10	4	1	1	1	1	0	0	0	0	0	0	0	0	0	0	0	0	0	0	0	
194	54	21	7	2	2	1	1	0	0	0	0	0	0	0	0	0	0	0	0	0	0	0	0	
231	65	26	11	5	3	2	1	0	0	0	0	0	0	0	0	0	0	0	0	0	0	0	0	
242	85	27	18	11	6	4	2	0	0	0	0	0	0	0	0	0	0	0	0	0	0	0	0	
202	58	37	21	9	4	2	0	0	0	0	0	0	0	0	0	0	0	0	0	0	0	0	0	
212	97	40	17	8	3	0	0	0	0	0	0	0	0	0	0	0	0	0	0	0	0	0	0	
290	80	34	15	3	0	0	0	0	0	0	0	0	0	0	0	0	0	0	0	0	0	0	0	
187	63	30	7	4	3	2	1	1	1	0	0	0	0	0	0	0	0	0	0	0	0	0	0	
288	96	29	9	5	3	2	2	2	0	0	0	0	0	0	0	0	0	0	0	0	0	0	0	
249	61	23	10	6	4	3	3	0	0	0	0	0	0	0	0	0	0	0	0	0	0	0	0	
211	58	23	11	6	4	4	0	0	0	0	0	0	0	0	0	0	0	0	0	0	0	0	0	
188	57	27	14	6	3	0	0	0	0	0	0	0	0	0	0	0	0	0	0	0	0	0	0	
200	78	30	11	6	1	0	0	0	0	0	0	0	0	0	0	0	0	0	0	0	0	0	0	
324	80	36	16	4	1	0	0	0	0	0	0	0	0	0	0	0	0	0	0	0	0	0	0	
214	79	26	6	0	0	0	0	0	0	0	0	0	0	0	0	0	0	0	0	0	0	0	0	
287	81	22	4	0	0	0	0	0	0	0	0	0	0	0	0	0	0	0	0	0	0	0	0	
242	54	14	8	5	1	1	0	0	0	0	0	0	0	0	0	0	0	0	0	0	0	0	0	
199	51	22	11	2	1	0	0	0	0	0	0	0	0	0	0	0	0	0	0	0	0	0	0	
203	73	32	9	2	1	0	0	0	0	0	0	0	0	0	0	0	0	0	0	0	0	0	0	
278	92	30	11	6	3	2	1	1	0	0	0	0	0	0	0	0	0	0	0	0	0	0	0	
276	69	23	12	7	4	3	2	1	1	1	0	0	0	0	0	0	0	0	0	0	0	0	0	
211	47	21	12	6	3	2	1	1	1	0	0	0	0	0	0	0	0	0	0	0	0	0	0	
180	57	18	12	7	2	0	0	0	0	0	0	0	0	0	0	0	0	0	0	0	0	0	0	
247	81	36	17	10	3	2	1	0	0	0	0	0	0	0	0	0	0	0	0	0	0	0	0	
281	82	35	17	6	5	4	1	0	0	0	0	0	0	0	0	0	0	0	0	0	0	0	0	
209	67	31	9	6	5	0	0	0	0	0	0	0	0	0	0	0	0	0	0	0	0	0	0	
223	84	19	12	7	1	0	0	0	0	0	0	0	0	0	0	0	0	0	0	0	0	0	0	
344	68	45	22	6	2	1	0	0	0	0	0	0	0	0	0	0	0	0	0	0	0	0	0	
207	102	51	13	7	4	2	2	2	1	0	0	0	0	0	0	0	0	0	0	0	0	0	0	
398	152	40	19	8	5	1	1	0	0	0	0	0	0	0	0	0	0	0	0	0	0	0	0	
279	70	34	16	9	3	1	0	0	0	0	0	0	0	0	0	0	0	0	0	0	0	0	0	
202	66	25	14	7	3	1	1	0	0	0	0	0	0	0	0	0	0	0	0	0	0	0	0	
249	65	25	11	6	2	1	0	0	0	0	0	0	0	0	0	0	0	0	0	0	0	0	0	
242	85	32	16	5	2	1	1	1	1	1	0	0	0	0	0	0	0	0	0	0	0	0	0	
282	83	41	12	7	5	1	1	1	1	0	0	0	0	0	0	0	0	0	0	0	0	0	0	
225	86	32	15	11	6	4	3	3	2	1	1	0	0	0	0	0	0	0	0	0	0	0	0	
331	101	49	32	17	9	5	5	3	1	1	0	0	0	0	0	0	0	0	0	0	0	0	0	
293	107	63	29	17	10	8	4	1	1	0	0	0	0	0	0	0	0	0	0	0	0	0	0	
315	131	58	29	12	9	3	1	1	0	0	0	0	0	0	0	0	0	0	0	0	0	0	0	
410	143	55	25	16	8	1	1	0	0	0	0	0	0	0	0	0	0	0	0	0	0	0	0	
390	114	47	26	13	2	2	0	0	0	0	0	0	0	0	0	0	0	0	0	0	0	0	0	
326	102	46	11	2	2	0	0	0	0	0	0	0	0	0	0	0	0	0	0	0	0	0	0	
369	134	34	11	6	1	1	1	0	0	0	0	0	0	0	0	0	0	0	0	0	0	0	0	
365	89	28	11	3	1	1	0	0	0	0	0	0	0	0	0	0	0	0	0	0	0	0	0	
278	66	29	8	2	1	1	1	1	0	0	0	0	0	0	0	0	0	0	0	0	0	0	0	
273	89	24	7	1	0	0	0	0	0	0	0	0	0	0	0	0	0	0	0	0	0	0	0	
401	99	21	8	5	3	2	0	0	0	0	0	0	0	0	0	0	0	0	0	0	0	0	0	
271	56	17	8	6	4	2	0	0	0	0	0	0	0	0	0	0	0	0	0	0	0	0	0	
235	58	27	13	9	5	1	1	0	0	0	0	0	0	0	0	0	0	0	0	0	0	0	0	
270	99	29	17	8	3	2	0	0	0	0	0	0	0	0	0	0	0	0	0	0	0	0	0	
382	81	38	14	8	6	3	0	0	0	0	0	0	0	0	0	0	0	0	0	0	0	0	0	
240	87	28	15	7	3	0	0	0	0	0	0	0	0	0	0	0	0	0	0	0	0	0	0	
464	157	62	27	8	4	1	1	0	0	0	0	0	0	0	0	0	0	0	0	0	0	0	0	
378	110	42	13	5	3	2	0	0	0	0	0	0	0	0	0	0	0	0	0	0	0	0	0	
304	78	23	6	3	2	0	0	0	0	0	0	0	0	0	0	0	0	0	0	0	0	0	0	
278	65	16	6	2	0	0	0	0	0	0	0	0	0	0	0	0	0	0	0	0	0	0	0	
296	69	19	6	4	1	0	0	0	0	0	0	0	0	0	0	0	0	0	0	0	0	0	0	
283	89	22	10	5	1	0	0	0	0	0	0	0	0	0	0	0	0	0	0	0	0	0	0	
347	88	36	19	7	2	0	0	0	0	0	0	0	0	0	0	0	0	0	0	0	0	0	0	
290	87	34	10	3	0	0	0	0	0	0	0	0	0	0	0	0	0	0	0	0	0	0	0	
317	81	30	13	5	2	2	2	2	2	2	2	2	0	0	0	0	0	0	0	0	0	0	0	
299	88	33	11	4	3	2	2	2	2	2	2	0	0	0	0	0	0	0	0	0	0	0	0	
294	79	28	8	5	2	2	2	2	2	2	0	0	0	0	0	0	0	0	0	0	0	0	0	
290	76	19	9	4	3	3	2	2	2	0	0	0	0	0	0	0	0	0	0	0	0	0	0	
257	56	23	8	6	5	3	2	2	0	0	0	0	0	0	0	0	0	0	0	0	0	0	0	
234	62	25	12	9	6	3	3	0	0	0	0	0	0	0	0	0	0	0	0	0	0	0	0	
256	57	23	14	8	3	3	0	0	0	0	0	0	0	0	0	0	0	0	0	0	0	0	0	
225	70	34	14	9	5	2	1	0	0	0	0	0	0	0	0	0	0	0	0	0	0	0	0	
271	83	32	13	5	3	1	0	0	0	0	0	0	0	0	0	0	0	0	0	0	0	0	0	
332	82	29	8	6	2	0	0	0	0	0	0	0	0	0	0	0	0	0	0	0	0	0	0	
261	57	21	13	6	2	0	0	0	0	0	0	0	0	0	0	0	0	0	0	0	0	0	0	
247	71	29	17	6	2	1	1	1	0	0	0	0	0	0	0	0	0	0	0	0	0	0	0	
254	70	38	12	4	2	2	1	0	0	0	0	0	0	0	0	0	0	0	0	0	0	0	0	
342	117	48	17	9	7	3	0	0	0	0	0	0	0	0	0	0	0	0	0	0	0	0	0	
372	111	30	15	9	4	0	0	0	0	0	0	0	0	0	0	0	0	0	0	0	0	0	0	
322	67	19	10	3	0	0	0	0	0	0	0	0	0	0	0	0	0	0	0	0	0	0	0	
210	57	32	13	4	2	1	1	1	1	1	1	1	1	1	1	1	1	1	1	1	0	0	0	
268	85	30	5	5	2	2	1	1	1	1	1	1	1	1	1	1	1	1	1	0	0	0	0	
224	61	15	8	1	1	1	1	1	1	1	1	1	1	1	1	1	1	1	0	0	0	0	0	
228	58	25	8	6	1	1	1	1	1	1	1	1	1	1	1	1	1	0	0	0	0	0	0	
282	81	29	16	7	4	2	2	1	1	1	1	1	1	1	1	1	0	0	0	0	0	0	0	
255	67	37	16	10	4	2	1	1	1	1	1	1	1	1	1	0	0	0	0	0	0	0	0	
240	97	36	19	9	4	4	2	1	1	1	1	1	1	1	0	0	0	0	0	0	0	0	0	
388	108	51	17	7	5	3	1	1	1	1	1	1	1	0	0	0	0	0	0	0	0	0	0	
284	95	31	13	7	4	2	2	2	2	2	1	1	0	0	0	0	0	0	0	0	0	0	0	
377	81	34	14	6	2	1	1	1	1	1	1	0	0	0	0	0	0	0	0	0	0	0	0	
223	61	28	8	3	2	1	1	1	1	1	0	0	0	0	0	0	0	0	0	0	0	0	0	
314	118	30	11	5	3	1	1	1	1	0	0	0	0	0	0	0	0	0	0	0	0	0	0	
369	69	20	7	5	2	1	1	1	0	0	0	0	0	0	0	0	0	0	0	0	0	0	0	
236	62	25	12	4	3	2	1	0	0	0	0	0	0	0	0	0	0	0	0	0	0	0	0	
267	70	25	8	4	1	1	0	0	0	0	0	0	0	0	0	0	0	0	0	0	0	0	0	
264	79	27	11	4	2	1	0	0	0	0	0	0	0	0	0	0	0	0	0	0	0	0	0	
360	82	29	8	4	1	0	0	0	0	0	0	0	0	0	0	0	0	0	0	0	0	0	0	
262	56	19	10	3	2	1	1	1	0	0	0	0	0	0	0	0	0	0	0	0	0	0	0	
234	65	27	8	4	2	1	1	0	0	0	0	0	0	0	0	0	0	0	0	0	0	0	0	
275	83	20	10	5	3	1	0	0	0	0	0	0	0	0	0	0	0	0	0	0	0	0	0	
379	81	37	15	6	4	0	0	0	0	0	0	0	0	0	0	0	0	0	0	0	0	0	0	
244	75	30	11	6	1	1	0	0	0	0	0	0	0	0	0	0	0	0	0	0	0	0	0	
376	131	45	17	6	2	1	1	1	1	1	0	0	0	0	0	0	0	0	0	0	0	0	0	
430	105	40	16	7	2	2	1	1	1	0	0	0	0	0	0	0	0	0	0	0	0	0	0	
310	100	31	12	5	3	1	1	1	0	0	0	0	0	0	0	0	0	0	0	0	0	0	0	
374	80	27	10	4	1	1	1	0	0	0	0	0	0	0	0	0	0	0	0	0	0	0	0	
280	78	25	10	4	3	1	0	0	0	0	0	0	0	0	0	0	0	0	0	0	0	0	0	
317	66	26	10	5	1	0	0	0	0	0	0	0	0	0	0	0	0	0	0	0	0	0	0	
292	98	29	14	8	4	3	2	2	2	2	1	1	1	1	1	1	1	1	0	0	0	0	0	
443	87	37	13	8	4	2	2	2	2	1	1	1	1	1	1	1	1	0	0	0	0	0	0	
296	114	39	14	7	3	2	2	2	1	1	1	1	1	1	1	1	0	0	0	0	0	0	0	
481	110	42	19	10	5	2	2	1	0	0	0	0	0	0	0	0	0	0	0	0	0	0	0	
311	79	29	13	5	3	1	0	0	0	0	0	0	0	0	0	0	0	0	0	0	0	0	0	
321	102	44	15	9	4	0	0	0	0	0	0	0	0	0	0	0	0	0	0	0	0	0	0	
297	90	30	15	7	1	0	0	0	0	0	0	0	0	0	0	0	0	0	0	0	0	0	0	
337	96	38	16	4	2	2	1	1	1	1	1	0	0	0	0	0	0	0	0	0	0	0	0	
385	110	42	13	5	2	1	0	0	0	0	0	0	0	0	0	0	0	0	0	0	0	0	0	
407	113	44	19	9	1	0	0	0	0	0	0	0	0	0	0	0	0	0	0	0	0	0	0	
342	109	36	18	6	1	0	0	0	0	0	0	0	0	0	0	0	0	0	0	0	0	0	0	
393	106	42	15	6	5	2	1	1	1	1	1	1	0	0	0	0	0	0	0	0	0	0	0	
352	109	30	10	7	4	3	2	2	1	1	1	0	0	0	0	0	0	0	0	0	0	0	0	
394	104	36	17	6	3	2	2	1	1	1	0	0	0	0	0	0	0	0	0	0	0	0	0	
360	102	41	11	4	3	3	1	1	1	0	0	0	0	0	0	0	0	0	0	0	0	0	0	
345	92	28	9	6	3	1	1	1	0	0	0	0	0	0	0	0	0	0	0	0	0	0	0	
364	90	22	9	5	1	1	1	0	0	0	0	0	0	0	0	0	0	0	0	0	0	0	0	
324	86	37	10	2	1	1	0	0	0	0	0	0	0	0	0	0	0	0	0	0	0	0	0	
359	116	31	11	7	3	2	0	0	0	0	0	0	0	0	0	0	0	0	0	0	0	0	0	
371	79	33	17	5	4	1	0	0	0	0	0	0	0	0	0	0	0	0	0	0	0	0	0	
308	85	28	7	3	0	0	0	0	0	0	0	0	0	0	0	0	0	0	0	0	0	0	0	
408	111	25	12	2	1	0	0	0	0	0	0	0	0	0	0	0	0	0	0	0	0	0	0	
361	81	32	7	4	0	0	0	0	0	0	0	0	0	0	0	0	0	0	0	0	0	0	0	
312	101	29	14	6	6	3	3	1	1	0	0	0	0	0	0	0	0	0	0	0	0	0	0	
458	122	50	22	15	10	7	5	3	1	1	1	0	0	0	0	0	0	0	0	0	0	0	0	
389	128	57	36	19	11	6	4	2	2	2	1	1	1	1	1	1	1	1	1	0	0	0	0	
460	158	70	28	15	8	5	2	2	2	1	1	1	1	1	1	1	1	1	0	0	0	0	0	
545	195	63	31	12	8	4	3	3	2	1	1	1	1	1	1	1	1	0	0	0	0	0	0	
527	133	53	23	10	6	4	3	2	1	1	1	1	1	1	1	1	0	0	0	0	0	0	0	
374	113	45	17	8	4	3	2	2	1	1	1	1	1	1	1	0	0	0	0	0	0	0	0	
387	101	37	18	12	7	2	1	1	1	1	1	1	1	1	0	0	0	0	0	0	0	0	0	
368	108	52	26	15	8	5	2	1	1	1	1	1	1	0	0	0	0	0	0	0	0	0	0	
386	143	55	26	14	8	2	1	1	1	1	1	1	0	0	0	0	0	0	0	0	0	0	0	
491	116	49	26	10	3	1	1	1	1	1	1	0	0	0	0	0	0	0	0	0	0	0	0	
375	114	63	26	9	5	1	1	1	1	1	0	0	0	0	0	0	0	0	0	0	0	0	0	
421	153	54	23	9	4	3	2	2	2	0	0	0	0	0	0	0	0	0	0	0	0	0	0	
455	124	42	15	5	4	2	2	2	0	0	0	0	0	0	0	0	0	0	0	0	0	0	0	
312	94	36	11	6	4	2	2	0	0	0	0	0	0	0	0	0	0	0	0	0	0	0	0	
323	89	33	20	8	3	3	1	1	1	0	0	0	0	0	0	0	0	0	0	0	0	0	0	
253	68	37	17	7	3	1	1	1	0	0	0	0	0	0	0	0	0	0	0	0	0	0	0	
294	103	39	13	7	4	3	3	1	1	1	1	1	0	0	0	0	0	0	0	0	0	0	0	
348	104	38	23	8	4	4	1	1	0	0	0	0	0	0	0	0	0	0	0	0	0	0	0	
257	65	37	13	6	5	1	1	0	0	0	0	0	0	0	0	0	0	0	0	0	0	0	0	
210	69	26	11	10	4	3	1	1	0	0	0	0	0	0	0	0	0	0	0	0	0	0	0	
237	61	24	17	6	3	1	1	0	0	0	0	0	0	0	0	0	0	0	0	0	0	0	0	
258	60	29	11	7	5	1	0	0	0	0	0	0	0	0	0	0	0	0	0	0	0	0	0	
301	104	39	25	13	5	3	2	1	1	1	1	1	0	0	0	0	0	0	0	0	0	0	0	
443	134	58	31	9	4	2	1	0	0	0	0	0	0	0	0	0	0	0	0	0	0	0	0	
419	131	54	16	7	4	1	0	0	0	0	0	0	0	0	0	0	0	0	0	0	0	0	0	
432	125	35	12	5	1	1	1	1	1	0	0	0	0	0	0	0	0	0	0	0	0	0	0	
446	110	43	16	6	2	2	2	1	0	0	0	0	0	0	0	0	0	0	0	0	0	0	0	
440	115	45	18	4	3	2	1	0	0	0	0	0	0	0	0	0	0	0	0	0	0	0	0	
421	132	47	21	12	5	3	1	1	1	0	0	0	0	0	0	0	0	0	0	0	0	0	0	
526	129	58	29	13	8	3	3	2	1	1	0	0	0	0	0	0	0	0	0	0	0	0	0	
386	114	48	23	11	4	3	2	1	1	0	0	0	0	0	0	0	0	0	0	0	0	0	0	
476	147	57	25	9	6	2	1	1	0	0	0	0	0	0	0	0	0	0	0	0	0	0	0	
434	115	39	11	8	3	1	1	0	0	0	0	0	0	0	0	0	0	0	0	0	0	0	0	
422	112	31	18	5	2	1	0	0	0	0	0	0	0	0	0	0	0	0	0	0	0	0	0	
360	83	41	14	6	4	0	0	0	0	0	0	0	0	0	0	0	0	0	0	0	0	0	0	
320	95	34	16	9	5	5	2	0	0	0	0	0	0	0	0	0	0	0	0	0	0	0	0	
339	86	26	12	7	5	2	2	2	0	0	0	0	0	0	0	0	0	0	0	0	0	0	0	
297	85	28	13	7	3	2	2	1	1	1	0	0	0	0	0	0	0	0	0	0	0	0	0	
352	86	34	16	6	4	3	1	1	1	0	0	0	0	0	0	0	0	0	0	0	0	0	0	
292	78	23	9	4	2	1	1	1	1	1	1	0	0	0	0	0	0	0	0	0	0	0	0	
305	79	32	13	6	4	4	3	2	2	1	0	0	0	0	0	0	0	0	0	0	0	0	0	
372	117	47	24	13	8	6	4	3	1	0	0	0	0	0	0	0	0	0	0	0	0	0	0	
396	123	51	27	18	10	5	3	1	0	0	0	0	0	0	0	0	0	0	0	0	0	0	0	
342	95	49	29	16	8	5	3	1	1	0	0	0	0	0	0	0	0	0	0	0	0	0	0	
332	104	48	24	14	10	7	3	2	0	0	0	0	0	0	0	0	0	0	0	0	0	0	0	
319	101	47	23	16	12	7	5	2	2	2	0	0	0	0	0	0	0	0	0	0	0	0	0	
370	102	48	27	18	12	6	2	1	1	0	0	0	0	0	0	0	0	0	0	0	0	0	0	
295	93	49	27	16	7	2	1	1	0	0	0	0	0	0	0	0	0	0	0	0	0	0	0	
339	104	54	26	14	7	4	3	1	1	0	0	0	0	0	0	0	0	0	0	0	0	0	0	
330	120	48	23	11	6	4	1	1	0	0	0	0	0	0	0	0	0	0	0	0	0	0	0	
316	77	37	15	8	6	2	2	0	0	0	0	0	0	0	0	0	0	0	0	0	0	0	0	
264	93	31	17	11	4	3	2	1	0	0	0	0	0	0	0	0	0	0	0	0	0	0	0	
395	96	42	18	10	6	2	1	0	0	0	0	0	0	0	0	0	0	0	0	0	0	0	0	
255	84	34	19	11	4	1	0	0	0	0	0	0	0	0	0	0	0	0	0	0	0	0	0	
310	84	35	19	11	7	4	4	2	2	2	1	1	1	1	1	0	0	0	0	0	0	0	0	
245	77	32	17	10	5	5	3	3	3	2	1	1	1	1	0	0	0	0	0	0	0	0	0	
261	82	22	10	5	3	2	2	2	1	0	0	0	0	0	0	0	0	0	0	0	0	0	0	
224	65	27	8	6	3	3	3	2	1	1	1	1	0	0	0	0	0	0	0	0	0	0	0	
255	74	27	12	7	4	4	2	1	1	1	1	0	0	0	0	0	0	0	0	0	0	0	0	
232	81	36	18	12	11	4	1	1	1	1	0	0	0	0	0	0	0	0	0	0	0	0	0	
252	82	34	20	15	6	3	2	2	1	0	0	0	0	0	0	0	0	0	0	0	0	0	0	
275	75	39	21	7	3	3	2	1	1	1	1	1	1	1	0	0	0	0	0	0	0	0	0	
230	78	41	13	7	6	4	2	1	1	1	1	1	1	0	0	0	0	0	0	0	0	0	0	
285	76	26	9	7	5	3	1	1	1	1	1	1	0	0	0	0	0	0	0	0	0	0	0	
235	82	30	18	12	9	5	2	2	1	1	1	0	0	0	0	0	0	0	0	0	0	0	0	
240	82	34	23	14	8	4	4	2	2	1	0	0	0	0	0	0	0	0	0	0	0	0	0	
261	78	35	19	10	6	6	4	4	2	1	1	1	1	1	1	1	1	1	0	0	0	0	0	
292	82	32	14	8	7	3	3	2	1	1	1	1	1	1	1	1	1	0	0	0	0	0	0	
275	87	31	14	11	5	5	5	2	2	1	1	1	1	1	1	1	0	0	0	0	0	0	0	
277	96	30	22	12	11	6	3	2	1	1	1	1	1	1	1	0	0	0	0	0	0	0	0	
264	72	37	14	13	6	3	3	2	1	1	1	1	1	1	0	0	0	0	0	0	0	0	0	
254	79	32	20	11	6	3	2	1	1	1	1	1	1	0	0	0	0	0	0	0	0	0	0	
255	79	41	21	11	7	3	2	2	1	1	1	1	0	0	0	0	0	0	0	0	0	0	0	
281	90	36	19	10	4	3	3	2	2	2	2	1	0	0	0	0	0	0	0	0	0	0	0	
278	84	31	13	4	3	3	2	2	2	2	0	0	0	0	0	0	0	0	0	0	0	0	0	
259	89	37	12	7	4	3	3	3	3	0	0	0	0	0	0	0	0	0	0	0	0	0	0	
321	105	44	23	12	7	6	5	4	1	0	0	0	0	0	0	0	0	0	0	0	0	0	0	
296	101	39	15	7	7	6	4	1	0	0	0	0	0	0	0	0	0	0	0	0	0	0	0	
306	96	32	13	11	9	5	2	0	0	0	0	0	0	0	0	0	0	0	0	0	0	0	0	
326	82	31	18	12	7	2	0	0	0	0	0	0	0	0	0	0	0	0	0	0	0	0	0	
284	82	34	15	9	4	1	0	0	0	0	0	0	0	0	0	0	0	0	0	0	0	0	0	
304	94	34	19	12	4	1	0	0	0	0	0	0	0	0	0	0	0	0	0	0	0	0	0	
296	77	30	13	4	2	0	0	0	0	0	0	0	0	0	0	0	0	0	0	0	0	0	0	
277	70	26	9	4	0	0	0	0	0	0	0	0	0	0	0	0	0	0	0	0	0	0	0	
267	87	34	16	8	3	1	0	0	0	0	0	0	0	0	0	0	0	0	0	0	0	0	0	
291	76	35	17	8	4	0	0	0	0	0	0	0	0	0	0	0	0	0	0	0	0	0	0	
265	95	39	20	12	4	3	2	2	2	2	2	1	0	0	0	0	0	0	0	0	0	0	0	
317	96	44	25	9	7	4	3	3	3	3	2	1	1	1	1	0	0	0	0	0	0	0	0	
279	87	39	18	12	7	5	3	3	3	3	2	2	1	1	0	0	0	0	0	0	0	0	0	
363	123	42	25	13	9	5	5	5	4	3	3	2	2	0	0	0	0	0	0	0	0	0	0	
341	90	40	19	11	7	7	5	4	3	3	2	2	0	0	0	0	0	0	0	0	0	0	0	
288	113	48	23	10	10	6	3	2	2	2	2	0	0	0	0	0	0	0	0	0	0	0	0	
375	112	41	21	17	8	5	2	2	1	1	0	0	0	0	0	0	0	0	0	0	0	0	0	
335	83	34	21	10	6	3	2	1	1	0	0	0	0	0	0	0	0	0	0	0	0	0	0	
324	87	40	17	9	6	4	2	2	0	0	0	0	0	0	0	0	0	0	0	0	0	0	0	
326	101	37	17	7	5	2	2	0	0	0	0	0	0	0	0	0	0	0	0	0	0	0	0	
339	116	44	21	8	2	1	0	0	0	0	0	0	0	0	0	0	0	0	0	0	0	0	0	
362	107	43	22	10	5	2	1	0	0	0	0	0	0	0	0	0	0	0	0	0	0	0	0	
308	105	43	19	13	6	3	1	0	0	0	0	0	0	0	0	0	0	0	0	0	0	0	0	
350	108	36	20	10	6	2	0	0	0	0	0	0	0	0	0	0	0	0	0	0	0	0	0	
316	86	36	11	8	4	1	1	1	1	1	1	1	0	0	0	0	0	0	0	0	0	0	0	
314	99	31	16	7	3	3	2	2	2	2	1	0	0	0	0	0	0	0	0	0	0	0	0	
314	95	37	10	6	4	2	2	2	2	1	0	0	0	0	0	0	0	0	0	0	0	0	0	
334	101	28	12	6	5	3	2	2	1	0	0	0	0	0	0	0	0	0	0	0	0	0	0	
291	91	33	17	7	7	4	2	1	0	0	0	0	0	0	0	0	0	0	0	0	0	0	0	
315	94	42	18	12	8	5	3	1	1	1	1	1	0	0	0	0	0	0	0	0	0	0	0	
340	105	38	15	7	2	1	0	0	0	0	0	0	0	0	0	0	0	0	0	0	0	0	0	
328	105	43	21	9	4	1	1	0	0	0	0	0	0	0	0	0	0	0	0	0	0	0	0	
348	90	41	19	11	2	0	0	0	0	0	0	0	0	0	0	0	0	0	0	0	0	0	0	
317	102	38	18	6	3	1	0	0	0	0	0	0	0	0	0	0	0	0	0	0	0	0	0	
341	101	47	21	11	4	1	1	0	0	0	0	0	0	0	0	0	0	0	0	0	0	0	0	
274	91	31	13	6	1	1	0	0	0	0	0	0	0	0	0	0	0	0	0	0	0	0	0	
311	91	30	11	1	0	0	0	0	0	0	0	0	0	0	0	0	0	0	0	0	0	0	0	
258	74	37	14	8	4	3	1	0	0	0	0	0	0	0	0	0	0	0	0	0	0	0	0	
309	107	44	17	9	4	2	0	0	0	0	0	0	0	0	0	0	0	0	0	0	0	0	0	
366	116	45	18	11	5	2	0	0	0	0	0	0	0	0	0	0	0	0	0	0	0	0	0	
331	104	40	21	6	2	0	0	0	0	0	0	0	0	0	0	0	0	0	0	0	0	0	0	
329	96	51	18	5	0	0	0	0	0	0	0	0	0	0	0	0	0	0	0	0	0	0	0	
320	111	42	17	7	2	0	0	0	0	0	0	0	0	0	0	0	0	0	0	0	0	0	0	
399	120	38	16	3	1	0	0	0	0	0	0	0	0	0	0	0	0	0	0	0	0	0	0	
330	93	33	9	6	2	0	0	0	0	0	0	0	0	0	0	0	0	0	0	0	0	0	0	
264	76	30	13	5	2	0	0	0	0	0	0	0	0	0	0	0	0	0	0	0	0	0	0	
278	82	37	15	7	3	2	1	1	1	1	1	1	1	1	1	1	1	1	1	1	1	1	1	
302	81	31	15	8	6	3	1	1	1	1	1	1	1	1	1	1	1	1	1	1	1	1	1	
259	67	26	10	8	4	1	1	1	1	1	1	1	1	1	1	1	1	1	1	1	1	1	1	
279	64	31	15	6	1	0	0	0	0	0	0	0	0	0	0	0	0	0	0	0	0	0	0	
255	63	27	16	5	2	0	0	0	0	0	0	0	0	0	0	0	0	0	0	0	0	0	0	
257	68	25	10	2	0	0	0	0	0	0	0	0	0	0	0	0	0	0	0	0	0	0	0	
249	63	27	5	2	1	0	0	0	0	0	0	0	0	0	0	0	0	0	0	0	0	0	0	
220	60	18	9	8	4	1	1	1	1	1	1	1	1	1	1	1	1	1	1	1	1	1	1	
239	52	19	11	5	0	0	0	0	0	0	0	0	0	0	0	0	0	0	0	0	0	0	0	
181	47	20	8	3	1	1	1	1	1	1	1	0	0	0	0	0	0	0	0	0	0	0	0	
186	50	15	3	1	1	1	1	1	1	1	0	0	0	0	0	0	0	0	0	0	0	0	0	
164	34	8	6	3	3	3	2	2	1	1	1	1	1	1	1	1	1	1	1	1	1	1	1	
128	29	13	3	2	1	0	0	0	0	0	0	0	0	0	0	0	0	0	0	0	0	0	0	
166	42	15	8	4	3	2	2	1	1	1	1	1	1	1	1	1	1	1	1	1	1	1	1	
166	58	25	14	8	5	5	3	2	2	2	2	2	2	2	1	1	1	1	1	1	1	1	1	
186	48	22	13	7	4	1	0	0	0	0	0	0	0	0	0	0	0	0	0	0	0	0	0	
164	53	22	13	11	6	4	2	2	2	2	2	2	1	1	1	1	1	1	1	1	1	1	1	
211	57	21	11	4	2	2	2	2	2	2	2	1	1	1	1	1	1	1	1	1	1	1	1	
175	45	19	7	4	1	1	1	1	1	1	0	0	0	0	0	0	0	0	0	0	0	0	0	
146	55	22	10	3	2	0	0	0	0	0	0	0	0	0	0	0	0	0	0	0	0	0	0	
201	47	16	6	3	0	0	0	0	0	0	0	0	0	0	0	0	0	0	0	0	0	0	0	
171	47	19	16	3	2	2	1	1	1	1	1	1	1	1	1	1	1	1	1	1	0	0	0	
167	45	25	10	8	5	3	2	2	2	2	2	1	1	1	1	1	1	1	1	0	0	0	0	
145	54	19	9	4	2	2	2	2	2	2	1	1	1	1	1	1	1	1	0	0	0	0	0	
231	47	18	7	3	1	1	1	1	1	1	1	1	1	1	1	1	1	0	0	0	0	0	0	
166	44	13	5	4	3	2	2	2	2	1	1	1	1	1	1	1	0	0	0	0	0	0	0	
204	47	19	13	8	5	4	4	4	3	2	2	2	2	1	1	0	0	0	0	0	0	0	0	
156	46	19	9	6	6	5	5	4	3	3	3	2	1	1	0	0	0	0	0	0	0	0	0	
184	58	20	9	6	5	4	3	3	3	2	1	1	1	0	0	0	0	0	0	0	0	0	0	
206	54	24	11	7	6	3	3	2	2	1	1	1	0	0	0	0	0	0	0	0	0	0	0	
182	56	17	8	5	2	2	1	1	0	0	0	0	0	0	0	0	0	0	0	0	0	0	0	
209	46	21	11	4	3	2	1	0	0	0	0	0	0	0	0	0	0	0	0	0	0	0	0	
190	62	23	10	7	6	2	2	1	1	1	0	0	0	0	0	0	0	0	0	0	0	0	0	
206	59	17	11	6	4	3	2	1	1	0	0	0	0	0	0	0	0	0	0	0	0	0	0	
227	47	23	9	5	3	2	1	1	0	0	0	0	0	0	0	0	0	0	0	0	0	0	0	
194	42	15	11	6	4	2	2	1	1	0	0	0	0	0	0	0	0	0	0	0	0	0	0	
186	40	16	8	5	2	2	1	1	0	0	0	0	0	0	0	0	0	0	0	0	0	0	0	
214	55	24	11	7	6	3	2	0	0	0	0	0	0	0	0	0	0	0	0	0	0	0	0	
176	55	25	12	8	4	2	0	0	0	0	0	0	0	0	0	0	0	0	0	0	0	0	0	
202	65	26	14	7	2	0	0	0	0	0	0	0	0	0	0	0	0	0	0	0	0	0	0	
191	53	19	9	4	1	1	0	0	0	0	0	0	0	0	0	0	0	0	0	0	0	0	0	
188	58	26	9	4	2	0	0	0	0	0	0	0	0	0	0	0	0	0	0	0	0	0	0	
180	67	21	7	4	1	1	0	0	0	0	0	0	0	0	0	0	0	0	0	0	0	0	0	
239	66	25	12	4	2	0	0	0	0	0	0	0	0	0	0	0	0	0	0	0	0	0	0	
172	50	24	8	2	0	0	0	0	0	0	0	0	0	0	0	0	0	0	0	0	0	0	0	
171	49	17	4	1	1	1	1	1	1	1	0	0	0	0	0	0	0	0	0	0	0	0	0	
204	54	15	10	7	4	3	2	1	1	0	0	0	0	0	0	0	0	0	0	0	0	0	0	
175	46	23	12	4	4	2	1	1	0	0	0	0	0	0	0	0	0	0	0	0	0	0	0	
193	74	35	9	5	4	2	1	0	0	0	0	0	0	0	0	0	0	0	0	0	0	0	0	
232	65	25	9	4	2	1	0	0	0	0	0	0	0	0	0	0	0	0	0	0	0	0	0	
168	46	20	7	3	1	0	0	0	0	0	0	0	0	0	0	0	0	0	0	0	0	0	0	
157	40	10	4	2	1	0	0	0	0	0	0	0	0	0	0	0	0	0	0	0	0	0	0	
146	41	20	7	3	3	1	1	1	1	0	0	0	0	0	0	0	0	0	0	0	0	0	0	
184	63	27	8	3	0	0	0	0	0	0	0	0	0	0	0	0	0	0	0	0	0	0	0	
169	62	16	5	2	1	1	1	0	0	0	0	0	0	0	0	0	0	0	0	0	0	0	0	
175	43	12	4	1	0	0	0	0	0	0	0	0	0	0	0	0	0	0	0	0	0	0	0	
167	41	11	4	3	2	1	1	0	0	0	0	0	0	0	0	0	0	0	0	0	0	0	0	
163	30	10	4	3	2	1	0	0	0	0	0	0	0	0	0	0	0	0	0	0	0	0	0	
155	41	20	7	2	0	0	0	0	0	0	0	0	0	0	0	0	0	0	0	0	0	0	0	
160	44	16	4	0	0	0	0	0	0	0	0	0	0	0	0	0	0	0	0	0	0	0	0	
185	53	13	3	2	2	0	0	0	0	0	0	0	0	0	0	0	0	0	0	0	0	0	0	
213	67	19	7	3	2	1	1	1	1	1	1	1	1	0	0	0	0	0	0	0	0	0	0	
222	62	19	5	1	0	0	0	0	0	0	0	0	0	0	0	0	0	0	0	0	0	0	0	
180	51	11	3	2	2	2	2	1	1	1	1	0	0	0	0	0	0	0	0	0	0	0	0	
196	43	17	11	6	4	2	2	1	1	1	0	0	0	0	0	0	0	0	0	0	0	0	0	
181	51	23	10	5	1	1	1	1	1	0	0	0	0	0	0	0	0	0	0	0	0	0	0	
223	65	24	14	7	4	2	1	1	0	0	0	0	0	0	0	0	0	0	0	0	0	0	0	
193	55	27	12	8	3	2	2	1	1	1	1	0	0	0	0	0	0	0	0	0	0	0	0	
165	58	22	8	3	2	2	1	1	1	1	0	0	0	0	0	0	0	0	0	0	0	0	0	
208	63	17	7	2	1	0	0	0	0	0	0	0	0	0	0	0	0	0	0	0	0	0	0	
213	52	21	6	4	2	2	2	1	0	0	0	0	0	0	0	0	0	0	0	0	0	0	0	
195	59	24	11	3	2	2	1	0	0	0	0	0	0	0	0	0	0	0	0	0	0	0	0	
184	61	24	13	8	5	2	1	1	1	1	0	0	0	0	0	0	0	0	0	0	0	0	0	
194	55	23	12	5	2	1	1	1	1	0	0	0	0	0	0	0	0	0	0	0	0	0	0	
164	55	28	13	6	3	2	2	2	0	0	0	0	0	0	0	0	0	0	0	0	0	0	0	
177	61	29	10	6	2	2	2	0	0	0	0	0	0	0	0	0	0	0	0	0	0	0	0	
199	73	27	15	4	3	2	0	0	0	0	0	0	0	0	0	0	0	0	0	0	0	0	0	
204	54	29	8	5	3	1	0	0	0	0	0	0	0	0	0	0	0	0	0	0	0	0	0	
148	46	16	5	2	0	0	0	0	0	0	0	0	0	0	0	0	0	0	0	0	0	0	0	
187	46	13	5	1	1	1	0	0	0	0	0	0	0	0	0	0	0	0	0	0	0	0	0	
178	38	11	3	2	2	1	1	0	0	0	0	0	0	0	0	0	0	0	0	0	0	0	0	
153	35	12	7	5	2	2	1	1	1	0	0	0	0	0	0	0	0	0	0	0	0	0	0	
195	45	12	7	2	2	1	1	1	1	0	0	0	0	0	0	0	0	0	0	0	0	0	0	
205	63	23	9	4	1	1	1	1	0	0	0	0	0	0	0	0	0	0	0	0	0	0	0	
210	58	20	6	2	1	1	1	0	0	0	0	0	0	0	0	0	0	0	0	0	0	0	0	
199	52	18	6	5	1	1	0	0	0	0	0	0	0	0	0	0	0	0	0	0	0	0	0	
210	62	23	7	4	2	1	1	1	1	1	0	0	0	0	0	0	0	0	0	0	0	0	0	
206	57	27	6	3	2	1	1	1	1	0	0	0	0	0	0	0	0	0	0	0	0	0	0	
241	71	17	10	9	6	4	4	3	2	1	1	0	0	0	0	0	0	0	0	0	0	0	0	
167	40	16	9	4	3	3	3	2	1	1	0	0	0	0	0	0	0	0	0	0	0	0	0	
164	60	30	18	10	7	6	3	1	0	0	0	0	0	0	0	0	0	0	0	0	0	0	0	
251	103	44	20	13	9	5	3	3	0	0	0	0	0	0	0	0	0	0	0	0	0	0	0	
236	70	35	22	14	6	4	4	0	0	0	0	0	0	0	0	0	0	0	0	0	0	0	0	
167	64	36	20	9	4	1	0	0	0	0	0	0	0	0	0	0	0	0	0	0	0	0	0	
197	84	48	20	5	2	0	0	0	0	0	0	0	0	0	0	0	0	0	0	0	0	0	0	
242	103	36	13	6	2	0	0	0	0	0	0	0	0	0	0	0	0	0	0	0	0	0	0	
252	68	23	12	4	1	1	0	0	0	0	0	0	0	0	0	0	0	0	0	0	0	0	0	
192	43	14	6	2	1	0	0	0	0	0	0	0	0	0	0	0	0	0	0	0	0	0	0	
161	35	9	3	1	0	0	0	0	0	0	0	0	0	0	0	0	0	0	0	0	0	0	0	
157	45	20	9	5	1	1	0	0	0	0	0	0	0	0	0	0	0	0	0	0	0	0	0	
151	51	15	9	3	2	1	0	0	0	0	0	0	0	0	0	0	0	0	0	0	0	0	0	
150	41	17	4	1	0	0	0	0	0	0	0	0	0	0	0	0	0	0	0	0	0	0	0	
157	51	23	8	3	0	0	0	0	0	0	0	0	0	0	0	0	0	0	0	0	0	0	0	
174	61	16	6	2	0	0	0	0	0	0	0	0	0	0	0	0	0	0	0	0	0	0	0	
179	43	16	7	3	1	0	0	0	0	0	0	0	0	0	0	0	0	0	0	0	0	0	0	
127	38	16	8	3	1	0	0	0	0	0	0	0	0	0	0	0	0	0	0	0	0	0	0	
186	57	23	9	4	1	0	0	0	0	0	0	0	0	0	0	0	0	0	0	0	0	0	0	
185	47	20	7	3	0	0	0	0	0	0	0	0	0	0	0	0	0	0	0	0	0	0	0	
170	47	24	11	1	1	1	1	1	1	1	1	0	0	0	0	0	0	0	0	0	0	0	0	
142	46	17	5	3	1	0	0	0	0	0	0	0	0	0	0	0	0	0	0	0	0	0	0	
180	57	15	6	4	1	0	0	0	0	0	0	0	0	0	0	0	0	0	0	0	0	0	0	
162	33	18	5	3	1	1	1	0	0	0	0	0	0	0	0	0	0	0	0	0	0	0	0	
129	36	7	4	2	2	2	1	0	0	0	0	0	0	0	0	0	0	0	0	0	0	0	0	
137	33	12	5	3	1	0	0	0	0	0	0	0	0	0	0	0	0	0	0	0	0	0	0	
136	36	16	7	5	3	1	0	0	0	0	0	0	0	0	0	0	0	0	0	0	0	0	0	
156	56	16	9	3	2	0	0	0	0	0	0	0	0	0	0	0	0	0	0	0	0	0	0	
187	61	27	8	5	2	2	1	1	0	0	0	0	0	0	0	0	0	0	0	0	0	0	0	
184	64	23	11	3	1	1	1	0	0	0	0	0	0	0	0	0	0	0	0	0	0	0	0	
171	57	20	6	3	2	2	0	0	0	0	0	0	0	0	0	0	0	0	0	0	0	0	0	
198	54	22	10	6	3	0	0	0	0	0	0	0	0	0	0	0	0	0	0	0	0	0	0	
171	50	18	9	1	0	0	0	0	0	0	0	0	0	0	0	0	0	0	0	0	0	0	0	
159	51	20	7	1	1	1	0	0	0	0	0	0	0	0	0	0	0	0	0	0	0	0	0	
186	65	25	4	3	3	1	1	1	0	0	0	0	0	0	0	0	0	0	0	0	0	0	0	
213	58	23	11	10	6	3	1	0	0	0	0	0	0	0	0	0	0	0	0	0	0	0	0	
191	49	25	18	11	5	1	0	0	0	0	0	0	0	0	0	0	0	0	0	0	0	0	0	
214	72	35	18	8	3	0	0	0	0	0	0	0	0	0	0	0	0	0	0	0	0	0	0	
247	72	33	16	9	3	0	0	0	0	0	0	0	0	0	0	0	0	0	0	0	0	0	0	
228	73	26	16	5	1	1	1	1	1	0	0	0	0	0	0	0	0	0	0	0	0	0	0	
195	57	26	8	4	3	2	2	2	1	1	0	0	0	0	0	0	0	0	0	0	0	0	0	
231	79	26	9	6	2	2	2	2	2	1	1	1	1	1	0	0	0	0	0	0	0	0	0	
218	74	30	18	9	4	3	2	2	1	1	1	1	1	0	0	0	0	0	0	0	0	0	0	
232	67	33	16	7	6	4	3	2	2	1	1	1	0	0	0	0	0	0	0	0	0	0	0	
220	72	26	11	8	5	4	2	2	1	1	1	0	0	0	0	0	0	0	0	0	0	0	0	
277	73	34	19	10	5	4	3	1	1	1	0	0	0	0	0	0	0	0	0	0	0	0	0	
200	56	28	11	6	4	3	1	1	1	0	0	0	0	0	0	0	0	0	0	0	0	0	0	
206	64	28	14	8	3	1	1	1	0	0	0	0	0	0	0	0	0	0	0	0	0	0	0	
207	64	32	14	7	3	1	1	0	0	0	0	0	0	0	0	0	0	0	0	0	0	0	0	
185	68	32	16	6	2	1	0	0	0	0	0	0	0	0	0	0	0	0	0	0	0	0	0	
222	83	42	19	12	4	1	1	1	1	1	1	1	1	1	1	1	0	0	0	0	0	0	0	
256	98	43	24	11	4	3	3	2	1	1	0	0	0	0	0	0	0	0	0	0	0	0	0	
237	73	34	14	4	3	2	2	1	1	1	1	0	0	0	0	0	0	0	0	0	0	0	0	
252	66	21	6	2	2	0	0	0	0	0	0	0	0	0	0	0	0	0	0	0	0	0	0	
206	50	17	8	6	3	1	1	1	1	0	0	0	0	0	0	0	0	0	0	0	0	0	0	
176	55	19	11	6	2	2	1	1	0	0	0	0	0	0	0	0	0	0	0	0	0	0	0	
210	62	31	12	4	2	2	1	0	0	0	0	0	0	0	0	0	0	0	0	0	0	0	0	
223	76	35	20	13	8	5	2	1	1	0	0	0	0	0	0	0	0	0	0	0	0	0	0	
285	88	39	24	17	10	6	2	2	1	0	0	0	0	0	0	0	0	0	0	0	0	0	0	
284	86	45	24	12	7	3	2	1	0	0	0	0	0	0	0	0	0	0	0	0	0	0	0	
275	92	41	19	9	4	3	1	0	0	0	0	0	0	0	0	0	0	0	0	0	0	0	0	
249	76	31	11	6	3	1	0	0	0	0	0	0	0	0	0	0	0	0	0	0	0	0	0	
254	75	20	9	6	2	0	0	0	0	0	0	0	0	0	0	0	0	0	0	0	0	0	0	
277	68	19	12	5	0	0	0	0	0	0	0	0	0	0	0	0	0	0	0	0	0	0	0	
285	62	21	9	3	1	0	0	0	0	0	0	0	0	0	0	0	0	0	0	0	0	0	0	
210	60	19	7	2	1	0	0	0	0	0	0	0	0	0	0	0	0	0	0	0	0	0	0	
217	64	23	6	2	1	0	0	0	0	0	0	0	0	0	0	0	0	0	0	0	0	0	0	
243	68	22	11	4	2	1	1	0	0	0	0	0	0	0	0	0	0	0	0	0	0	0	0	
233	62	28	10	5	3	1	0	0	0	0	0	0	0	0	0	0	0	0	0	0	0	0	0	
205	75	27	11	4	2	0	0	0	0	0	0	0	0	0	0	0	0	0	0	0	0	0	0	
296	89	40	13	8	4	1	0	0	0	0	0	0	0	0	0	0	0	0	0	0	0	0	0	
247	88	36	20	10	3	1	1	1	1	1	1	1	1	0	0	0	0	0	0	0	0	0	0	
269	94	48	19	9	3	1	1	1	1	1	1	1	0	0	0	0	0	0	0	0	0	0	0	
256	102	43	16	5	2	1	1	1	1	1	1	0	0	0	0	0	0	0	0	0	0	0	0	
315	110	37	18	9	3	1	1	1	1	1	0	0	0	0	0	0	0	0	0	0	0	0	0	
257	81	32	14	7	5	4	3	3	2	0	0	0	0	0	0	0	0	0	0	0	0	0	0	
241	76	31	14	6	4	3	3	2	0	0	0	0	0	0	0	0	0	0	0	0	0	0	0	
261	96	35	14	7	6	4	2	0	0	0	0	0	0	0	0	0	0	0	0	0	0	0	0	
251	78	27	13	9	5	3	0	0	0	0	0	0	0	0	0	0	0	0	0	0	0	0	0	
267	87	44	23	10	7	2	2	1	0	0	0	0	0	0	0	0	0	0	0	0	0	0	0	
277	98	41	17	12	7	5	1	0	0	0	0	0	0	0	0	0	0	0	0	0	0	0	0	
272	92	48	24	9	5	1	0	0	0	0	0	0	0	0	0	0	0	0	0	0	0	0	0	
259	110	53	21	13	6	2	2	1	0	0	0	0	0	0	0	0	0	0	0	0	0	0	0	
302	117	49	25	10	3	2	1	0	0	0	0	0	0	0	0	0	0	0	0	0	0	0	0	
283	99	43	15	5	2	1	0	0	0	0	0	0	0	0	0	0	0	0	0	0	0	0	0	
269	97	43	22	8	6	4	3	3	2	2	2	2	2	2	1	1	1	1	1	0	0	0	0	
263	107	46	17	9	5	3	3	3	3	2	2	2	2	1	1	1	1	1	0	0	0	0	0	
339	116	45	24	8	5	4	3	3	2	2	2	2	1	1	1	1	1	0	0	0	0	0	0	
296	100	50	10	7	5	3	3	2	2	2	2	1	1	1	0	0	0	0	0	0	0	0	0	
292	119	41	25	14	10	5	4	4	4	3	2	2	2	1	1	0	0	0	0	0	0	0	0	
280	94	44	25	14	6	5	5	5	3	2	2	2	1	1	0	0	0	0	0	0	0	0	0	
276	107	58	30	16	12	6	6	4	3	3	3	1	1	0	0	0	0	0	0	0	0	0	0	
378	154	68	38	22	14	13	9	3	3	3	1	1	0	0	0	0	0	0	0	0	0	0	0	
413	147	75	45	32	22	14	5	4	4	2	1	0	0	0	0	0	0	0	0	0	0	0	0	
351	147	79	50	34	20	8	6	5	2	1	0	0	0	0	0	0	0	0	0	0	0	0	0	
429	174	100	64	38	17	13	7	3	2	0	0	0	0	0	0	0	0	0	0	0	0	0	0	
340	152	84	53	24	17	10	5	3	0	0	0	0	0	0	0	0	0	0	0	0	0	0	0	
405	173	100	45	26	17	8	4	1	1	0	0	0	0	0	0	0	0	0	0	0	0	0	0	
388	169	77	42	22	10	5	2	1	0	0	0	0	0	0	0	0	0	0	0	0	0	0	0	
428	149	62	34	16	9	5	5	3	0	0	0	0	0	0	0	0	0	0	0	0	0	0	0	
385	148	64	34	14	7	7	3	0	0	0	0	0	0	0	0	0	0	0	0	0	0	0	0	
366	131	55	23	11	9	3	0	0	0	0	0	0	0	0	0	0	0	0	0	0	0	0	0	
367	126	54	27	19	9	6	4	1	0	0	0	0	0	0	0	0	0	0	0	0	0	0	0	
357	112	46	27	14	9	7	1	0	0	0	0	0	0	0	0	0	0	0	0	0	0	0	0	
387	150	76	32	18	12	5	3	1	0	0	0	0	0	0	0	0	0	0	0	0	0	0	0	
400	159	69	31	21	9	6	2	1	1	1	1	0	0	0	0	0	0	0	0	0	0	0	0	
418	136	55	34	15	8	3	2	2	1	1	0	0	0	0	0	0	0	0	0	0	0	0	0	
335	124	68	28	14	6	5	5	3	3	2	2	2	2	2	2	1	1	1	1	1	1	1	1	
378	131	51	26	14	11	9	3	3	2	2	2	2	2	2	1	1	1	1	1	1	1	1	1	
346	117	56	32	24	19	7	7	5	4	3	3	2	2	1	1	1	1	1	1	1	1	1	1	
352	132	68	44	30	16	13	10	9	6	6	4	3	2	2	1	1	1	1	1	1	1	1	1	
408	174	100	67	31	24	18	12	8	6	5	3	2	2	1	1	1	1	1	1	1	1	1	1	
505	220	129	60	39	31	20	13	9	7	5	3	3	2	1	1	1	1	1	1	1	1	1	1	
427	211	81	50	35	19	12	6	5	4	3	3	2	1	1	1	1	1	1	1	1	1	1	0	
492	167	83	54	26	15	8	5	4	3	3	2	1	1	1	1	1	1	1	1	1	1	0	0	
362	149	84	47	30	17	11	9	7	5	3	2	2	2	1	1	1	1	1	1	1	0	0	0	
418	189	106	56	30	16	13	8	6	4	2	2	2	1	1	1	1	1	1	1	0	0	0	0	
425	188	89	46	25	19	9	7	3	1	1	1	1	1	1	1	1	1	1	0	0	0	0	0	
417	158	73	40	29	17	12	5	4	4	4	3	2	2	2	1	1	1	0	0	0	0	0	0	
366	153	68	42	19	11	7	5	4	4	3	2	2	2	1	1	1	0	0	0	0	0	0	0	
390	150	81	36	21	11	7	5	4	3	2	2	2	1	1	1	0	0	0	0	0	0	0	0	
442	187	75	37	18	9	5	3	3	2	2	2	1	1	1	0	0	0	0	0	0	0	0	0	
454	148	73	29	17	8	4	3	2	2	2	1	1	1	0	0	0	0	0	0	0	0	0	0	
362	152	62	34	17	5	4	3	2	2	1	1	1	0	0	0	0	0	0	0	0	0	0	0	
421	143	71	31	12	10	6	3	3	2	1	1	0	0	0	0	0	0	0	0	0	0	0	0	
391	157	83	36	25	19	11	10	5	1	1	0	0	0	0	0	0	0	0	0	0	0	0	0	
390	152	67	42	28	16	12	6	2	1	0	0	0	0	0	0	0	0	0	0	0	0	0	0	
391	140	76	45	31	22	10	6	3	0	0	0	0	0	0	0	0	0	0	0	0	0	0	0	
408	165	81	43	24	12	7	2	0	0	0	0	0	0	0	0	0	0	0	0	0	0	0	0	
419	153	68	34	16	9	2	1	0	0	0	0	0	0	0	0	0	0	0	0	0	0	0	0	
430	146	71	34	20	7	3	1	0	0	0	0	0	0	0	0	0	0	0	0	0	0	0	0	
407	162	73	37	15	5	1	1	0	0	0	0	0	0	0	0	0	0	0	0	0	0	0	0	
464	159	76	38	11	5	3	2	0	0	0	0	0	0	0	0	0	0	0	0	0	0	0	0	
412	139	61	22	8	5	4	1	0	0	0	0	0	0	0	0	0	0	0	0	0	0	0	0	
375	138	57	25	14	10	1	0	0	0	0	0	0	0	0	0	0	0	0	0	0	0	0	0	
454	150	69	30	22	9	6	3	3	3	2	1	1	1	1	1	1	1	1	1	1	1	1	1	
421	149	71	38	18	15	9	8	6	5	4	3	2	1	1	1	1	1	1	1	1	1	1	1	
433	168	80	35	24	16	11	7	5	4	3	2	1	1	1	1	1	1	1	1	1	1	1	1	
456	155	72	43	28	18	10	5	4	3	2	1	1	1	1	1	1	1	1	1	1	1	1	1	
470	159	82	44	24	15	6	5	4	3	2	2	1	1	1	1	1	1	1	1	1	1	1	0	
441	166	93	40	24	12	6	5	3	2	2	1	1	1	1	1	1	1	1	1	1	1	0	0	
504	186	84	48	22	11	7	4	3	2	1	1	1	1	1	1	1	1	1	1	1	0	0	0	
492	178	89	45	24	13	8	5	2	1	1	1	1	1	1	1	1	1	1	1	0	0	0	0	
474	177	75	39	22	13	8	5	5	4	3	1	1	1	1	1	1	1	1	0	0	0	0	0	
517	186	94	43	25	14	9	5	3	3	1	1	1	1	1	1	1	1	0	0	0	0	0	0	
470	191	93	49	24	17	12	7	7	4	2	1	1	1	1	1	1	0	0	0	0	0	0	0	
561	223	97	53	35	24	14	13	10	5	2	1	1	1	1	1	0	0	0	0	0	0	0	0	
555	200	94	61	43	26	20	12	6	3	2	2	1	1	1	0	0	0	0	0	0	0	0	0	
543	221	131	83	49	38	23	11	6	4	3	2	2	2	0	0	0	0	0	0	0	0	0	0	
576	271	146	80	55	32	15	10	5	3	2	2	2	0	0	0	0	0	0	0	0	0	0	0	
598	243	120	76	42	21	16	9	4	2	1	1	0	0	0	0	0	0	0	0	0	0	0	0	
545	216	118	56	27	20	11	6	5	2	2	0	0	0	0	0	0	0	0	0	0	0	0	0	
546	233	96	48	35	19	9	9	3	2	0	0	0	0	0	0	0	0	0	0	0	0	0	0	
557	176	74	42	25	11	10	4	2	0	0	0	0	0	0	0	0	0	0	0	0	0	0	0	
478	190	111	65	30	17	5	2	1	0	0	0	0	0	0	0	0	0	0	0	0	0	0	0	
516	228	115	56	31	12	8	6	3	2	2	2	0	0	0	0	0	0	0	0	0	0	0	0	
574	234	106	54	24	16	11	6	3	3	3	1	0	0	0	0	0	0	0	0	0	0	0	0	
551	200	101	43	28	19	14	9	7	5	1	0	0	0	0	0	0	0	0	0	0	0	0	0	
543	205	79	50	32	20	12	8	6	3	1	0	0	0	0	0	0	0	0	0	0	0	0	0	
516	194	106	56	30	19	11	9	5	3	1	1	1	1	0	0	0	0	0	0	0	0	0	0	
505	229	106	55	34	21	11	6	3	1	1	1	1	1	0	0	0	0	0	0	0	0	0	0	
620	244	111	54	31	18	9	7	5	5	4	3	2	0	0	0	0	0	0	0	0	0	0	0	
553	239	101	54	26	12	8	3	2	2	1	0	0	0	0	0	0	0	0	0	0	0	0	0	
613	209	96	47	28	15	6	5	3	2	1	0	0	0	0	0	0	0	0	0	0	0	0	0	
486	188	86	46	28	14	10	6	4	2	0	0	0	0	0	0	0	0	0	0	0	0	0	0	
531	206	101	56	26	20	10	3	2	0	0	0	0	0	0	0	0	0	0	0	0	0	0	0	
573	215	88	41	29	15	6	4	1	0	0	0	0	0	0	0	0	0	0	0	0	0	0	0	
571	223	99	62	29	13	9	4	1	0	0	0	0	0	0	0	0	0	0	0	0	0	0	0	
618	225	114	55	27	16	7	2	0	0	0	0	0	0	0	0	0	0	0	0	0	0	0	0	
559	219	93	48	23	9	4	1	1	1	1	1	1	1	0	0	0	0	0	0	0	0	0	0	
581	190	91	43	18	8	3	3	1	1	1	1	1	0	0	0	0	0	0	0	0	0	0	0	
513	190	98	40	19	7	5	2	2	2	2	2	1	1	1	1	1	1	1	1	0	0	0	0	
553	210	89	41	19	12	6	4	2	2	2	1	1	1	1	1	1	1	1	0	0	0	0	0	
613	223	97	49	26	17	11	7	5	3	1	1	1	1	1	1	1	1	0	0	0	0	0	0	
621	219	108	53	35	21	11	7	3	1	1	1	1	1	1	1	1	0	0	0	0	0	0	0	
579	218	89	51	29	14	7	4	2	2	1	1	1	1	1	1	0	0	0	0	0	0	0	0	
578	211	102	56	28	13	6	3	2	2	2	2	2	2	2	1	1	1	1	1	1	1	0	0	
557	211	112	54	31	16	12	5	1	1	1	1	1	1	0	0	0	0	0	0	0	0	0	0	
570	233	103	59	34	21	13	9	3	3	3	3	3	1	1	1	1	1	1	1	0	0	0	0	
568	195	103	60	35	19	10	4	4	3	3	3	1	1	1	1	1	1	1	0	0	0	0	0	
536	223	100	58	29	15	6	6	4	4	4	2	1	1	1	1	1	1	0	0	0	0	0	0	
593	193	87	44	25	9	9	4	4	4	1	0	0	0	0	0	0	0	0	0	0	0	0	0	
507	186	80	42	19	14	4	3	3	1	0	0	0	0	0	0	0	0	0	0	0	0	0	0	
527	190	92	42	29	12	9	7	4	2	1	1	1	1	1	0	0	0	0	0	0	0	0	0	
544	195	80	47	19	11	8	4	1	0	0	0	0	0	0	0	0	0	0	0	0	0	0	0	
539	188	84	41	20	15	9	5	2	2	1	0	0	0	0	0	0	0	0	0	0	0	0	0	
494	182	88	43	27	15	9	4	2	1	0	0	0	0	0	0	0	0	0	0	0	0	0	0	
510	198	91	54	27	11	5	3	1	0	0	0	0	0	0	0	0	0	0	0	0	0	0	0	
543	175	84	40	20	11	7	4	2	1	1	0	0	0	0	0	0	0	0	0	0	0	0	0	
485	182	78	37	21	10	6	3	1	0	0	0	0	0	0	0	0	0	0	0	0	0	0	0	
527	185	78	37	19	10	6	5	3	2	1	1	1	0	0	0	0	0	0	0	0	0	0	0	
505	182	77	37	23	14	8	5	3	2	2	1	0	0	0	0	0	0	0	0	0	0	0	0	
520	193	81	45	27	13	8	4	3	3	2	1	1	1	1	1	1	1	0	0	0	0	0	0	
525	182	83	46	21	13	7	4	4	3	2	2	2	2	2	2	2	0	0	0	0	0	0	0	
508	195	87	43	25	15	7	5	4	3	3	2	2	2	2	2	0	0	0	0	0	0	0	0	
475	160	77	39	22	11	9	6	4	4	2	2	2	2	2	0	0	0	0	0	0	0	0	0	
442	166	68	32	17	12	7	5	5	3	3	3	3	3	1	0	0	0	0	0	0	0	0	0	
509	200	81	38	21	11	7	6	3	3	3	3	3	1	0	0	0	0	0	0	0	0	0	0	
547	212	77	42	20	12	8	5	5	3	3	3	1	0	0	0	0	0	0	0	0	0	0	0	
515	155	72	31	19	13	8	6	4	3	3	1	0	0	0	0	0	0	0	0	0	0	0	0	
424	153	52	28	18	9	7	5	4	3	2	1	0	0	0	0	0	0	0	0	0	0	0	0	
504	170	78	39	20	13	10	6	5	3	2	0	0	0	0	0	0	0	0	0	0	0	0	0	
429	170	78	41	25	19	12	7	5	2	0	0	0	0	0	0	0	0	0	0	0	0	0	0	
493	175	88	48	32	19	13	8	3	1	0	0	0	0	0	0	0	0	0	0	0	0	0	0	
453	164	89	52	30	17	8	3	1	0	0	0	0	0	0	0	0	0	0	0	0	0	0	0	
474	192	85	39	18	8	2	0	0	0	0	0	0	0	0	0	0	0	0	0	0	0	0	0	
455	164	74	36	14	5	1	1	0	0	0	0	0	0	0	0	0	0	0	0	0	0	0	0	
412	146	71	27	13	7	5	2	2	0	0	0	0	0	0	0	0	0	0	0	0	0	0	0	
385	142	55	24	11	6	2	2	0	0	0	0	0	0	0	0	0	0	0	0	0	0	0	0	
412	123	58	22	10	5	2	0	0	0	0	0	0	0	0	0	0	0	0	0	0	0	0	0	
369	122	42	19	10	4	1	0	0	0	0	0	0	0	0	0	0	0	0	0	0	0	0	0	
412	113	49	21	8	5	1	1	1	1	0	0	0	0	0	0	0	0	0	0	0	0	0	0	
377	127	54	22	13	2	1	1	1	0	0	0	0	0	0	0	0	0	0	0	0	0	0	0	
404	125	53	20	5	3	2	2	1	0	0	0	0	0	0	0	0	0	0	0	0	0	0	0	
382	122	46	19	7	5	4	1	0	0	0	0	0	0	0	0	0	0	0	0	0	0	0	0	
439	126	38	15	7	6	1	0	0	0	0	0	0	0	0	0	0	0	0	0	0	0	0	0	
349	95	40	24	12	2	1	1	1	1	1	0	0	0	0	0	0	0	0	0	0	0	0	0	
365	108	44	20	5	4	3	1	1	1	0	0	0	0	0	0	0	0	0	0	0	0	0	0	
374	124	47	12	6	1	0	0	0	0	0	0	0	0	0	0	0	0	0	0	0	0	0	0	
420	127	36	15	10	5	0	0	0	0	0	0	0	0	0	0	0	0	0	0	0	0	0	0	
393	112	39	19	8	1	1	0	0	0	0	0	0	0	0	0	0	0	0	0	0	0	0	0	
423	111	46	19	8	6	2	2	2	1	1	0	0	0	0	0	0	0	0	0	0	0	0	0	
436	133	48	17	12	7	5	4	3	2	1	1	0	0	0	0	0	0	0	0	0	0	0	0	
470	159	62	29	17	12	8	6	5	1	1	0	0	0	0	0	0	0	0	0	0	0	0	0	
448	120	46	19	10	7	5	4	1	1	0	0	0	0	0	0	0	0	0	0	0	0	0	0	
494	143	46	20	14	8	6	1	1	0	0	0	0	0	0	0	0	0	0	0	0	0	0	0	
503	144	51	25	11	8	3	2	0	0	0	0	0	0	0	0	0	0	0	0	0	0	0	0	
510	122	47	20	13	5	4	2	2	2	0	0	0	0	0	0	0	0	0	0	0	0	0	0	
439	123	46	21	12	7	2	2	2	0	0	0	0	0	0	0	0	0	0	0	0	0	0	0	
447	132	49	21	10	3	3	2	0	0	0	0	0	0	0	0	0	0	0	0	0	0	0	0	
485	135	55	25	10	8	7	4	4	2	1	0	0	0	0	0	0	0	0	0	0	0	0	0	
479	132	55	24	17	12	8	5	3	1	0	0	0	0	0	0	0	0	0	0	0	0	0	0	
506	142	53	34	22	9	6	5	3	1	1	0	0	0	0	0	0	0	0	0	0	0	0	0	
526	161	73	40	17	12	9	5	2	1	0	0	0	0	0	0	0	0	0	0	0	0	0	0	
650	206	101	43	24	17	11	7	4	3	2	2	2	2	0	0	0	0	0	0	0	0	0	0	
615	208	84	44	29	17	10	5	4	2	2	2	2	0	0	0	0	0	0	0	0	0	0	0	
622	192	92	54	31	19	8	7	5	2	2	2	0	0	0	0	0	0	0	0	0	0	0	0	
652	217	101	50	27	12	9	6	3	3	2	0	0	0	0	0	0	0	0	0	0	0	0	0	
625	200	88	41	20	13	9	5	4	2	0	0	0	0	0	0	0	0	0	0	0	0	0	0	
626	214	93	37	22	13	8	6	3	0	0	0	0	0	0	0	0	0	0	0	0	0	0	0	
628	208	85	47	25	18	10	4	2	1	0	0	0	0	0	0	0	0	0	0	0	0	0	0	
613	192	87	41	29	17	6	4	3	2	2	2	2	2	1	1	1	1	1	0	0	0	0	0	
613	191	78	54	32	17	11	7	4	3	2	2	2	1	1	1	1	1	0	0	0	0	0	0	
572	188	93	52	30	16	10	4	3	2	2	2	1	1	1	1	1	0	0	0	0	0	0	0	
639	213	95	48	21	10	5	4	3	3	3	2	2	2	2	2	0	0	0	0	0	0	0	0	
716	251	98	44	20	9	5	2	2	2	1	1	1	1	1	0	0	0	0	0	0	0	0	0	
760	204	93	42	20	13	6	3	3	2	2	2	2	2	0	0	0	0	0	0	0	0	0	0	
590	197	77	43	28	14	7	4	2	2	2	2	2	0	0	0	0	0	0	0	0	0	0	0	
615	193	83	44	18	9	2	1	1	1	1	1	0	0	0	0	0	0	0	0	0	0	0	0	
611	196	88	37	20	9	5	4	3	3	2	0	0	0	0	0	0	0	0	0	0	0	0	0	
615	203	73	36	14	10	9	6	3	2	0	0	0	0	0	0	0	0	0	0	0	0	0	0	
716	174	77	28	19	14	10	4	3	2	1	1	0	0	0	0	0	0	0	0	0	0	0	0	
576	195	64	35	19	11	5	3	2	1	1	0	0	0	0	0	0	0	0	0	0	0	0	0	
641	182	84	41	22	11	8	5	2	2	1	1	1	1	0	0	0	0	0	0	0	0	0	0	
597	189	79	36	14	8	5	2	1	0	0	0	0	0	0	0	0	0	0	0	0	0	0	0	
642	189	61	26	12	10	5	2	1	1	1	1	0	0	0	0	0	0	0	0	0	0	0	0	
661	178	68	34	22	10	5	5	2	2	2	0	0	0	0	0	0	0	0	0	0	0	0	0	
575	188	83	38	18	10	7	3	3	3	0	0	0	0	0	0	0	0	0	0	0	0	0	0	
603	197	79	38	20	10	4	4	4	0	0	0	0	0	0	0	0	0	0	0	0	0	0	0	
642	194	82	36	16	9	7	5	1	0	0	0	0	0	0	0	0	0	0	0	0	0	0	0	
627	192	68	30	13	10	6	0	0	0	0	0	0	0	0	0	0	0	0	0	0	0	0	0	
684	178	75	35	24	12	5	1	0	0	0	0	0	0	0	0	0	0	0	0	0	0	0	0	
605	175	70	40	19	9	3	1	1	0	0	0	0	0	0	0	0	0	0	0	0	0	0	0	
628	209	91	42	17	7	4	1	0	0	0	0	0	0	0	0	0	0	0	0	0	0	0	0	
723	230	91	41	19	9	3	1	1	0	0	0	0	0	0	0	0	0	0	0	0	0	0	0	
675	214	69	28	14	6	3	2	1	1	0	0	0	0	0	0	0	0	0	0	0	0	0	0	
649	162	54	27	9	5	3	3	3	0	0	0	0	0	0	0	0	0	0	0	0	0	0	0	
520	138	62	21	10	8	6	3	1	1	0	0	0	0	0	0	0	0	0	0	0	0	0	0	
491	159	55	25	19	11	5	1	1	0	0	0	0	0	0	0	0	0	0	0	0	0	0	0	
539	169	63	42	19	8	4	3	2	2	1	0	0	0	0	0	0	0	0	0	0	0	0	0	
497	158	85	40	17	7	4	2	2	1	0	0	0	0	0	0	0	0	0	0	0	0	0	0	
526	196	71	33	14	8	5	5	3	2	1	1	1	1	1	0	0	0	0	0	0	0	0	0	
573	158	59	23	13	8	7	3	2	2	1	1	1	1	0	0	0	0	0	0	0	0	0	0	
484	140	51	28	16	11	6	4	3	2	1	1	1	0	0	0	0	0	0	0	0	0	0	0	
530	138	66	30	17	8	4	3	2	1	1	1	0	0	0	0	0	0	0	0	0	0	0	0	
513	156	65	32	13	5	3	2	1	1	1	0	0	0	0	0	0	0	0	0	0	0	0	0	
527	148	59	24	8	6	3	1	1	1	0	0	0	0	0	0	0	0	0	0	0	0	0	0	
474	138	52	16	10	6	2	2	1	0	0	0	0	0	0	0	0	0	0	0	0	0	0	0	
506	131	37	19	8	4	3	2	0	0	0	0	0	0	0	0	0	0	0	0	0	0	0	0	
471	115	44	20	10	8	5	0	0	0	0	0	0	0	0	0	0	0	0	0	0	0	0	0	
453	122	44	18	12	7	1	1	0	0	0	0	0	0	0	0	0	0	0	0	0	0	0	0	
406	109	39	20	11	3	2	0	0	0	0	0	0	0	0	0	0	0	0	0	0	0	0	0	
428	113	40	18	5	3	1	0	0	0	0	0	0	0	0	0	0	0	0	0	0	0	0	0	
415	112	39	18	9	3	0	0	0	0	0	0	0	0	0	0	0	0	0	0	0	0	0	0	
424	108	42	18	9	4	3	3	3	0	0	0	0	0	0	0	0	0	0	0	0	0	0	0	
439	131	47	19	11	8	6	5	1	1	1	1	1	1	1	1	0	0	0	0	0	0	0	0	
470	123	43	18	12	6	6	1	1	1	1	1	1	1	1	0	0	0	0	0	0	0	0	0	
412	120	40	20	8	7	1	1	1	1	1	1	1	1	0	0	0	0	0	0	0	0	0	0	
462	122	52	25	14	4	2	1	1	1	1	1	1	0	0	0	0	0	0	0	0	0	0	0	
452	129	47	23	8	3	2	2	2	2	1	1	0	0	0	0	0	0	0	0	0	0	0	0	
440	120	54	18	6	3	3	3	3	1	1	0	0	0	0	0	0	0	0	0	0	0	0	0	
404	115	38	14	9	7	5	4	2	2	0	0	0	0	0	0	0	0	0	0	0	0	0	0	
418	130	47	25	15	8	5	2	2	0	0	0	0	0	0	0	0	0	0	0	0	0	0	0	
396	101	45	28	12	8	4	3	0	0	0	0	0	0	0	0	0	0	0	0	0	0	0	0	
387	112	49	16	11	6	5	1	0	0	0	0	0	0	0	0	0	0	0	0	0	0	0	0	
411	135	45	23	13	7	1	0	0	0	0	0	0	0	0	0	0	0	0	0	0	0	0	0	
383	91	38	22	13	2	1	0	0	0	0	0	0	0	0	0	0	0	0	0	0	0	0	0	
375	132	54	24	5	1	0	0	0	0	0	0	0	0	0	0	0	0	0	0	0	0	0	0	
423	134	59	19	7	1	1	1	1	1	1	0	0	0	0	0	0	0	0	0	0	0	0	0	
348	111	36	13	3	2	2	1	1	1	0	0	0	0	0	0	0	0	0	0	0	0	0	0	
388	103	31	11	9	6	4	2	1	0	0	0	0	0	0	0	0	0	0	0	0	0	0	0	
321	76	22	12	10	7	2	1	0	0	0	0	0	0	0	0	0	0	0	0	0	0	0	0	
315	82	41	28	16	6	4	1	1	0	0	0	0	0	0	0	0	0	0	0	0	0	0	0	
314	98	53	32	13	8	4	2	1	0	0	0	0	0	0	0	0	0	0	0	0	0	0	0	
370	116	56	24	15	7	3	1	1	1	1	1	1	1	1	0	0	0	0	0	0	0	0	0	
341	124	44	24	11	4	2	1	1	1	1	1	1	1	0	0	0	0	0	0	0	0	0	0	
421	105	41	18	8	4	1	1	1	1	1	1	1	0	0	0	0	0	0	0	0	0	0	0	
355	109	38	17	8	4	3	2	2	1	1	1	0	0	0	0	0	0	0	0	0	0	0	0	
384	104	29	14	8	6	5	4	2	2	2	1	0	0	0	0	0	0	0	0	0	0	0	0	
313	82	34	14	7	6	4	2	2	2	1	0	0	0	0	0	0	0	0	0	0	0	0	0	
334	104	34	15	10	5	2	2	2	1	0	0	0	0	0	0	0	0	0	0	0	0	0	0	
333	90	41	26	14	8	5	2	1	0	0	0	0	0	0	0	0	0	0	0	0	0	0	0	
318	83	43	25	17	11	6	4	2	1	1	1	0	0	0	0	0	0	0	0	0	0	0	0	
362	125	48	25	15	7	4	2	1	0	0	0	0	0	0	0	0	0	0	0	0	0	0	0	
446	139	62	29	17	13	7	5	3	1	0	0	0	0	0	0	0	0	0	0	0	0	0	0	
394	127	57	29	15	9	5	4	2	1	1	1	1	1	1	1	1	1	0	0	0	0	0	0	
372	129	60	34	18	12	8	4	1	1	1	1	1	1	1	1	1	0	0	0	0	0	0	0	
505	159	79	44	25	15	9	5	4	2	2	1	1	1	1	1	0	0	0	0	0	0	0	0	
414	143	67	34	23	12	6	4	2	2	1	1	1	1	1	0	0	0	0	0	0	0	0	0	
470	172	69	43	16	7	4	1	1	1	1	1	1	1	0	0	0	0	0	0	0	0	0	0	
489	157	82	36	14	9	7	6	3	2	2	2	2	1	1	1	1	0	0	0	0	0	0	0	
451	167	64	28	10	7	6	3	2	2	2	2	1	1	1	1	0	0	0	0	0	0	0	0	
522	153	64	29	12	8	4	3	1	1	1	1	1	1	1	0	0	0	0	0	0	0	0	0	
398	127	55	23	11	6	3	1	1	1	1	1	1	1	0	0	0	0	0	0	0	0	0	0	
413	133	48	26	13	9	3	3	2	1	1	1	1	0	0	0	0	0	0	0	0	0	0	0	
362	96	40	19	10	4	2	2	1	1	1	1	0	0	0	0	0	0	0	0	0	0	0	0	
358	125	56	28	11	4	3	2	1	1	1	0	0	0	0	0	0	0	0	0	0	0	0	0	
458	151	67	31	10	7	4	2	1	1	0	0	0	0	0	0	0	0	0	0	0	0	0	0	
402	158	55	19	13	9	5	2	2	0	0	0	0	0	0	0	0	0	0	0	0	0	0	0	
477	130	34	22	14	6	4	4	1	0	0	0	0	0	0	0	0	0	0	0	0	0	0	0	
