606	372	244	181	138	101	73	60	45	35	29	26	22	20	15	12	11	10	10	8	6	5	5	3	
628	380	261	186	142	104	83	63	50	41	35	31	28	19	16	14	13	13	11	9	8	7	5	5	
596	366	239	180	132	100	76	61	50	42	36	32	23	19	17	16	16	14	12	11	10	7	6	3	
598	350	247	174	130	98	77	65	55	47	40	29	25	23	21	21	18	16	14	13	10	9	6	6	
542	343	225	163	122	92	72	59	51	44	32	29	26	24	24	21	19	17	16	13	12	9	8	8	
561	325	227	164	124	97	82	70	59	45	39	33	31	30	26	24	23	19	17	16	12	11	10	7	
551	321	224	163	128	105	85	72	56	49	41	35	34	30	26	25	20	18	17	13	12	11	8	7	
561	354	246	187	152	121	95	75	65	52	44	42	36	31	28	21	19	18	14	13	11	8	7	6	
613	373	273	209	169	129	102	87	69	55	49	43	36	31	23	21	20	16	15	14	11	10	9	7	
591	384	286	225	168	132	108	86	69	60	52	44	39	29	24	23	19	17	14	11	10	9	7	5	
587	390	287	211	166	136	110	85	72	59	49	43	32	26	25	21	19	16	12	10	9	7	5	5	
608	403	292	218	173	139	105	91	74	62	52	41	35	33	29	26	23	19	17	15	13	11	10	9	
611	406	289	226	180	129	112	94	80	70	56	46	42	36	33	29	25	22	19	16	14	13	12	11	
619	395	292	227	163	142	114	93	81	65	54	49	42	39	35	30	26	23	19	16	14	13	12	9	
606	407	294	200	173	139	113	99	83	67	61	51	47	42	36	32	29	25	22	20	19	18	15	13	
643	410	267	219	169	137	118	98	81	73	59	54	48	40	35	32	28	25	23	22	21	18	16	16	
619	386	291	212	174	146	117	97	86	72	67	61	50	44	41	36	32	30	28	27	24	21	21	20	
589	399	273	214	171	138	113	95	80	73	67	56	50	46	41	36	34	32	31	27	24	24	23	21	
588	350	265	199	160	132	110	90	81	75	64	58	54	48	43	41	39	38	33	30	30	29	27	25	
572	389	273	210	170	137	110	96	86	76	69	62	54	48	46	44	42	37	34	31	30	28	26	23	
574	375	267	201	160	129	114	102	92	78	69	60	54	52	50	48	43	39	36	35	33	30	27	24	
606	375	274	206	162	139	122	111	95	83	74	67	64	61	59	54	50	46	45	43	40	37	33	29	
626	393	285	214	177	157	140	120	105	96	85	78	74	70	64	59	53	52	50	46	42	36	30	27	
604	396	283	224	197	175	149	129	116	103	94	89	85	79	73	64	62	59	55	51	45	39	35	34	
639	402	312	268	222	191	162	143	124	110	101	97	90	82	73	71	67	62	57	50	44	39	38	35	
657	439	353	286	244	205	178	153	136	121	115	103	95	84	81	76	70	62	55	48	43	42	39	37	
664	465	351	292	236	201	166	150	133	124	110	101	89	86	79	73	65	57	50	44	43	40	38	36	
695	469	366	290	241	197	175	151	137	121	110	97	94	86	78	70	61	54	48	46	43	40	38	37	
700	479	358	292	241	214	184	164	143	127	110	106	97	87	78	67	60	54	49	46	43	41	40	38	
700	478	375	301	265	228	197	172	151	131	123	111	98	87	74	65	59	53	50	45	42	41	39	35	
723	503	390	333	279	236	202	170	148	137	124	109	97	82	70	64	57	51	45	42	41	39	35	30	
745	527	432	348	292	245	200	172	159	141	127	113	97	84	77	67	61	53	49	48	45	40	35	30	
791	578	434	353	289	241	207	190	165	144	130	112	97	87	75	67	58	54	52	48	42	37	30	27	
797	548	436	355	289	248	222	187	159	141	122	105	93	79	70	60	55	53	49	42	37	30	27	25	
786	563	440	355	305	269	222	187	166	143	122	107	92	82	72	66	62	57	46	40	32	29	27	23	
816	585	448	376	325	267	216	192	167	139	119	101	88	79	72	67	61	49	43	34	31	28	24	22	
818	595	476	393	324	263	235	202	170	142	123	103	90	82	77	69	55	48	39	33	30	26	24	23	
815	598	479	385	306	265	229	190	158	137	113	98	87	82	72	58	51	42	36	32	28	26	25	23	
858	631	476	378	309	265	219	181	157	126	109	95	89	75	60	53	43	36	32	28	26	25	23	20	
869	605	462	367	315	258	212	184	148	126	106	98	83	64	57	47	40	35	29	27	26	24	21	21	
859	595	459	375	299	238	202	165	139	114	104	87	68	60	48	41	36	30	28	26	24	21	21	19	
833	589	463	357	283	242	195	164	132	120	100	81	72	58	49	44	37	35	31	28	25	25	22	21	
857	611	447	340	279	220	183	147	134	114	91	80	65	54	47	40	38	34	30	27	26	23	22	22	
851	590	437	347	261	213	170	151	124	97	85	69	54	47	40	38	34	30	27	26	23	22	22	19	
811	562	428	317	253	197	173	142	110	96	79	60	49	42	39	35	31	28	27	24	23	23	20	19	
824	554	399	307	230	191	158	124	108	85	65	54	45	41	37	33	30	29	26	25	25	21	20	16	
822	542	395	296	239	196	148	127	101	78	65	54	48	41	37	34	34	31	30	30	25	24	19	16	
819	534	378	295	239	175	141	111	87	72	61	53	45	40	37	37	34	33	33	27	26	21	17	16	
817	532	385	298	209	164	126	99	81	70	60	50	44	41	41	38	37	37	31	29	24	20	19	18	
789	510	364	250	189	142	112	92	80	68	58	51	48	48	45	42	42	36	32	27	23	22	21	19	
800	496	321	229	168	132	106	94	81	67	58	55	53	49	46	46	38	34	29	24	23	21	19	17	
778	455	306	208	162	129	114	99	81	69	64	59	54	51	50	41	37	31	26	25	23	21	19	17	
692	417	272	202	156	133	110	89	76	71	67	60	55	53	44	40	33	28	25	23	21	19	17	14	
679	390	260	194	162	134	108	89	80	75	68	63	59	50	45	36	31	27	25	22	20	18	14	13	
637	380	262	204	164	126	104	94	86	76	69	65	56	49	38	33	28	26	22	20	18	14	13	11	
601	353	248	193	144	120	109	97	83	76	72	62	55	43	38	32	28	24	22	19	15	14	12	11	
582	343	242	177	139	126	108	92	82	77	67	59	46	41	35	30	26	24	20	16	15	12	11	8	
560	337	232	175	151	127	107	91	86	75	66	52	47	40	34	30	28	24	20	18	14	12	9	8	
548	332	232	189	154	123	103	97	84	72	58	53	46	40	36	33	29	25	23	18	16	13	12	11	
558	341	259	199	152	121	110	96	83	68	63	55	49	45	39	34	30	28	22	20	17	16	13	13	
557	366	252	187	149	130	111	96	77	69	61	51	47	41	36	32	29	23	20	17	16	13	13	12	
624	374	253	192	163	133	114	93	81	72	60	55	49	43	39	35	29	25	22	19	15	15	14	13	
604	365	267	206	162	138	110	92	79	67	60	52	46	42	36	29	25	22	19	15	15	14	13	12	
586	363	259	194	165	125	100	82	70	63	55	47	43	37	30	26	23	20	16	16	15	14	13	12	
553	355	244	196	145	117	94	80	69	61	52	47	41	33	29	25	22	18	18	17	15	14	13	11	
553	335	243	178	138	109	91	77	67	58	53	47	39	33	29	25	20	20	18	16	15	14	12	10	
565	349	245	180	145	120	99	82	70	62	55	46	38	33	28	22	22	20	18	15	14	12	10	8	
530	326	220	174	141	111	90	76	66	58	50	42	37	30	23	23	21	19	16	15	13	10	8	8	
560	333	236	187	147	117	97	79	70	59	47	41	34	26	26	23	21	18	17	15	11	9	8	6	
557	338	247	192	153	130	104	92	72	57	49	38	28	28	25	22	19	18	16	12	10	9	6	6	
535	349	252	191	160	130	110	87	70	57	45	34	33	28	23	19	18	16	12	10	9	6	6	4	
538	343	250	202	155	129	100	78	63	50	37	34	29	24	20	18	16	12	10	9	6	6	4	4	
542	352	262	196	160	119	92	73	58	44	40	33	26	22	20	18	13	10	9	6	6	4	4	3	
527	365	271	210	155	122	92	69	54	46	39	32	27	23	21	14	11	10	7	6	4	4	3	3	
568	381	272	209	159	114	87	66	56	47	38	32	28	26	18	15	14	11	8	5	5	4	4	4	
585	370	270	198	135	101	75	66	55	42	34	30	27	18	15	13	10	7	4	4	4	4	4	4	
589	387	265	171	127	91	78	66	53	44	40	34	24	21	19	15	12	9	8	5	5	5	5	4	
595	372	243	178	113	95	76	62	50	46	39	27	23	20	16	12	9	8	5	5	5	5	4	4	
581	343	234	148	118	91	73	59	54	46	32	27	24	19	14	11	9	5	5	5	5	4	4	4	
551	331	208	156	119	91	70	63	53	39	32	27	22	17	13	11	6	6	6	6	5	5	5	2	
557	301	209	149	116	90	78	66	50	42	34	26	21	15	12	8	7	7	7	6	6	6	3	3	
508	306	198	148	110	96	80	62	53	43	35	29	20	15	9	8	8	8	7	7	7	3	3	3	
515	270	193	136	115	97	71	58	47	37	31	20	15	9	8	8	8	7	7	7	3	3	3	3	
460	269	181	145	114	83	69	52	39	33	22	16	10	9	8	8	7	7	7	3	3	3	3	3	
430	251	184	139	103	78	61	48	41	26	19	13	12	9	9	8	8	7	3	3	3	3	3	3	
441	263	181	122	89	73	57	47	30	23	16	15	10	10	9	9	8	3	3	3	3	3	3	3	
446	264	164	115	83	64	50	31	24	17	15	10	10	9	9	8	3	3	3	3	3	3	3	3	
449	248	154	105	79	63	40	30	22	18	12	11	10	9	8	3	3	3	3	3	3	3	3	3	
421	234	152	108	85	50	38	29	25	15	13	11	9	8	3	3	3	3	3	3	3	3	3	3	
411	232	152	116	71	49	37	33	19	16	14	12	11	5	5	5	5	5	5	4	4	4	4	4	
409	214	146	90	60	44	38	24	20	18	16	15	7	7	7	7	7	7	5	5	5	5	5	5	
400	235	140	89	67	56	35	28	22	20	18	8	8	8	8	8	8	6	6	6	6	5	5	4	
434	220	138	97	80	54	41	33	24	20	9	9	9	8	8	8	6	6	6	6	5	5	4	4	
382	215	139	105	71	51	42	31	23	10	10	10	9	9	9	7	7	7	7	6	6	5	5	5	
423	239	160	102	71	55	38	27	12	12	12	10	10	10	8	8	8	8	7	7	6	6	6	5	
405	247	155	101	79	54	36	16	16	15	12	10	10	8	8	8	8	7	7	6	6	6	5	5	
452	239	147	110	75	52	29	26	23	19	13	12	9	9	9	9	8	8	7	7	6	5	5	5	
415	228	159	110	76	44	37	32	26	18	16	10	10	10	9	8	8	7	7	6	5	5	5	5	
379	229	157	100	53	43	36	29	20	17	10	10	10	9	8	8	7	7	6	5	5	5	5	3	
365	224	141	71	56	45	34	23	20	12	11	11	10	8	8	7	7	6	5	5	5	5	3	2	
383	213	102	70	55	39	29	24	14	11	11	10	8	8	7	7	6	5	5	5	5	3	2	2	
357	151	94	70	49	36	28	16	11	11	10	8	8	7	7	6	5	5	5	5	3	2	2	2	
274	142	94	69	46	32	19	14	14	12	10	9	8	8	7	6	6	6	6	4	3	3	3	3	
377	225	153	92	58	33	25	24	21	19	18	17	17	15	13	12	10	10	7	6	6	5	4	4	
402	235	133	74	42	32	27	24	21	20	19	19	17	15	14	11	11	8	7	7	5	4	4	4	
459	223	112	65	48	38	35	30	28	26	25	23	21	20	15	14	11	10	10	7	6	5	5	4	
436	205	113	76	57	46	39	33	32	30	27	25	24	19	17	13	12	12	8	7	6	6	5	5	
407	189	116	79	63	53	47	44	41	39	34	31	25	23	18	15	15	11	10	8	8	7	7	5	
362	200	133	105	80	68	61	56	50	42	37	30	26	20	17	17	12	11	9	9	8	8	6	6	
477	273	181	138	112	95	80	71	61	55	48	39	33	28	27	21	18	16	15	11	9	6	6	6	
517	306	207	164	128	106	93	78	69	58	49	42	35	33	26	23	21	20	15	13	9	9	8	8	
506	289	214	161	124	107	89	78	67	57	47	39	37	28	24	21	20	15	13	9	9	8	8	7	
495	326	229	169	141	115	98	80	66	53	44	42	33	28	25	23	18	16	12	12	11	11	9	9	
530	319	229	184	146	124	104	86	72	59	53	41	35	32	29	22	20	15	13	11	11	9	9	8	
500	320	229	177	143	117	96	81	68	60	46	39	35	32	25	23	18	16	14	12	10	10	9	9	
503	321	232	183	151	121	99	83	72	56	48	44	41	32	30	24	21	19	17	15	15	14	14	12	
527	330	246	190	147	119	97	84	63	56	50	44	34	32	26	23	21	19	17	17	15	15	13	12	
538	359	260	194	155	121	101	77	65	57	50	39	37	31	28	26	23	21	20	18	18	16	15	15	
548	350	253	190	148	120	90	75	66	57	42	38	32	27	25	22	20	19	17	17	15	14	14	11	
569	350	251	192	151	115	95	82	70	54	50	41	34	30	27	24	22	20	20	18	17	17	14	13	
558	370	262	198	149	123	107	85	63	55	45	38	32	29	26	23	21	21	19	18	18	15	14	13	
567	359	250	179	143	123	96	70	60	47	40	34	30	26	24	22	22	20	19	19	16	15	14	13	
550	339	226	176	150	118	87	73	55	47	39	33	28	25	23	23	21	20	20	17	16	15	14	11	
555	333	242	191	153	115	92	70	58	47	41	36	32	28	27	24	23	23	20	19	17	15	12	12	
523	336	241	191	139	108	82	70	55	47	40	36	32	31	28	26	26	23	21	19	17	14	14	13	
524	348	248	177	135	99	81	63	54	47	39	34	32	29	27	27	24	22	19	17	14	14	13	12	
533	351	240	177	123	99	76	64	55	46	38	35	30	28	28	24	22	19	17	14	14	13	12	11	
572	352	241	164	119	90	76	61	48	39	36	30	28	28	24	22	19	17	14	14	13	12	11	11	
561	367	235	168	119	95	76	60	50	45	36	34	32	27	24	21	18	15	15	14	13	12	12	10	
606	356	238	171	129	101	83	65	56	46	42	38	32	29	25	20	16	16	15	14	13	13	11	8	
565	351	236	173	132	105	80	69	58	50	44	38	34	28	23	18	18	17	16	15	15	13	9	8	
587	352	247	178	129	101	86	67	59	52	46	41	34	28	22	22	20	19	18	18	16	12	11	10	
549	352	239	168	130	105	80	66	58	50	43	36	30	24	24	21	20	19	19	17	13	12	11	11	
569	351	237	178	134	103	84	72	59	51	42	35	29	28	24	23	22	22	20	16	15	14	12	11	
562	336	233	171	126	100	85	70	61	52	44	37	36	31	30	27	26	24	20	18	17	15	13	11	
522	324	212	154	123	104	87	74	63	54	47	44	39	36	33	29	27	22	20	19	15	13	11	9	
516	306	210	161	127	104	89	78	69	61	56	48	42	38	33	31	25	23	21	17	15	13	11	11	
532	313	213	161	130	115	101	83	70	64	53	46	42	35	33	26	24	22	18	16	13	11	11	9	
501	308	212	163	140	123	102	83	76	65	58	52	45	43	35	32	30	25	23	19	16	14	11	10	
489	307	226	187	156	129	99	91	77	68	62	55	52	43	37	34	27	25	21	17	15	12	11	10	
464	310	234	186	150	114	103	89	78	70	62	58	49	43	39	32	29	24	20	16	13	12	11	9	
511	328	249	196	140	120	101	89	78	67	63	55	49	44	37	34	26	22	18	15	14	13	11	8	
524	358	262	187	146	124	109	96	84	77	65	59	53	46	43	35	30	25	22	19	18	15	10	7	
551	364	256	188	152	132	115	98	87	74	66	60	49	46	38	32	26	22	19	18	15	10	7	5	
561	354	247	189	163	142	118	104	89	77	70	58	55	44	38	29	25	22	21	18	13	9	7	7	
561	337	243	188	160	127	112	95	81	72	61	58	47	41	31	26	23	21	18	13	9	7	7	6	
552	353	254	208	167	145	124	103	89	74	70	57	51	38	32	29	25	19	14	10	8	7	6	6	
565	344	258	204	169	145	123	107	89	80	67	60	44	36	30	26	20	15	11	9	8	7	7	7	
537	345	267	210	176	146	127	105	95	82	71	53	45	38	34	25	19	14	11	10	9	9	9	9	
560	373	272	227	188	162	135	121	101	84	62	53	45	39	29	23	18	15	14	12	11	11	11	9	
570	370	293	232	199	159	143	116	93	66	56	47	41	30	24	18	15	14	12	11	11	11	9	9	
566	397	298	247	190	166	131	104	72	62	52	46	34	27	20	17	16	14	12	12	12	10	10	8	
611	437	341	250	216	170	136	97	83	72	63	50	42	33	26	24	21	18	17	16	14	12	9	8	
630	457	330	275	212	165	116	98	84	74	60	51	40	32	29	25	20	18	17	15	13	10	9	6	
617	420	331	255	194	134	112	94	82	68	57	44	34	31	25	20	18	17	15	13	10	9	6	5	
611	426	309	224	158	128	108	93	75	63	47	37	33	25	20	18	17	15	13	10	9	6	5	5	
614	416	285	202	157	130	109	86	72	54	40	36	27	21	19	18	16	14	11	10	7	6	6	5	
612	398	270	199	162	130	99	83	59	42	38	29	23	21	20	18	16	13	11	8	7	7	6	6	
602	377	263	205	159	119	97	67	46	40	30	23	21	20	18	16	13	11	8	6	6	5	5	5	
577	374	272	196	145	115	78	53	45	34	27	25	23	21	19	15	13	10	8	7	6	5	5	4	
582	386	280	199	153	106	75	59	47	38	36	32	30	25	19	17	13	11	10	8	5	5	4	3	
591	380	264	201	147	101	75	59	47	44	40	36	31	23	21	15	13	11	9	6	6	5	3	2	
595	375	270	196	134	96	68	56	52	47	42	35	25	23	17	14	12	9	6	6	5	3	2	1	
552	369	257	168	114	86	72	63	56	49	40	30	27	21	17	13	9	6	6	5	3	2	1	1	
594	368	233	160	120	100	81	72	63	53	42	38	30	23	19	12	9	9	8	6	3	1	1	0	
563	326	212	157	129	103	89	74	60	47	42	33	25	21	14	10	10	9	7	4	2	2	1	1	
529	314	220	170	135	114	91	71	55	45	33	26	22	15	11	11	10	8	5	3	3	2	1	1	
527	326	240	183	152	115	86	63	50	37	29	24	17	13	12	11	9	6	4	4	3	2	2	2	
501	345	267	207	154	108	81	64	48	37	31	22	17	16	14	10	6	4	4	3	2	2	2	2	
571	381	270	197	128	93	71	54	42	33	24	17	16	14	10	6	4	4	3	2	2	2	2	2	
586	386	275	170	120	87	68	52	41	30	22	19	17	13	8	5	5	4	3	3	3	3	3	2	
568	374	232	164	122	91	73	58	44	34	28	24	18	10	6	6	5	3	3	3	3	3	2	2	
588	331	210	162	128	103	82	59	46	38	32	22	14	10	10	8	5	4	3	3	3	2	2	2	
542	306	218	167	122	96	69	50	41	35	25	17	12	12	10	6	5	4	3	3	2	2	2	2	
557	361	239	163	126	88	64	50	40	29	21	14	14	11	7	6	5	3	3	2	2	2	2	2	
597	356	235	170	118	86	65	48	36	28	18	18	14	9	8	7	5	5	4	3	2	2	2	2	
585	345	235	157	111	83	57	43	35	23	22	17	12	11	10	7	6	4	3	2	2	2	2	1	
573	345	229	151	108	75	56	45	29	27	21	17	14	11	8	7	5	4	3	2	2	2	1	1	
547	334	210	145	95	73	58	40	37	29	24	19	14	10	9	7	6	4	3	3	3	2	2	2	
533	295	194	125	92	68	49	45	35	29	22	16	12	11	9	8	6	5	5	4	3	3	3	3	
501	290	182	128	93	67	57	42	33	26	18	14	13	11	10	8	6	6	5	4	4	4	4	4	
466	248	164	113	78	62	45	34	27	19	15	14	12	10	8	6	6	5	4	4	4	4	4	4	
402	225	147	104	81	58	42	35	23	19	18	15	13	10	7	7	6	5	5	5	5	4	4	3	
381	218	147	111	80	59	50	36	27	24	21	17	13	10	9	8	7	7	6	5	4	4	3	3	
401	222	164	110	80	64	44	33	27	24	20	16	12	11	10	8	8	7	5	4	4	3	3	3	
389	231	157	106	84	62	44	36	29	25	19	14	13	11	9	9	8	5	4	4	3	3	3	3	
416	254	159	111	77	56	47	38	34	27	20	17	15	12	11	10	6	5	5	4	4	4	4	4	
391	217	152	102	71	58	47	41	31	23	19	16	13	12	11	8	7	6	5	4	4	4	4	3	
387	227	145	92	67	55	47	36	27	21	17	15	14	13	9	7	6	5	4	4	4	4	3	2	
403	211	126	88	66	57	45	33	25	21	18	17	16	10	8	7	5	4	4	4	4	3	2	2	
392	195	127	95	77	58	41	32	25	22	21	20	13	11	9	6	5	5	5	5	4	2	2	2	
338	183	120	95	72	50	39	31	26	25	24	16	13	11	8	6	6	6	6	5	3	3	3	3	
325	174	128	89	61	47	37	30	28	26	18	15	11	8	6	6	6	6	5	3	3	3	3	3	
307	178	119	82	57	45	34	32	29	20	16	11	8	6	6	6	6	5	3	3	3	3	3	3	
350	183	111	76	61	46	41	35	25	19	13	9	7	7	7	7	6	4	4	4	3	3	3	3	
343	177	109	82	58	47	38	27	19	13	9	7	7	7	7	5	3	3	3	3	3	3	3	3	
337	167	119	80	63	51	37	24	18	13	10	10	10	9	6	4	4	4	3	3	3	3	3	3	
313	174	101	79	59	41	25	19	14	12	11	11	10	7	5	5	5	4	4	4	4	4	4	4	
318	164	114	82	53	33	23	16	12	11	11	10	7	5	5	5	4	4	4	4	4	4	4	3	
308	183	117	75	47	32	20	14	12	12	11	8	5	5	5	4	4	4	4	4	4	4	3	3	
348	195	108	64	43	25	18	13	13	11	8	5	5	5	4	4	4	4	4	4	4	3	3	2	
350	180	105	67	44	32	22	21	18	12	8	7	7	6	4	4	4	4	4	4	3	3	2	2	
316	152	88	53	37	27	23	17	11	7	6	6	5	3	3	3	3	3	3	3	3	2	2	1	
303	144	79	54	38	26	19	13	8	7	7	6	4	4	4	3	3	3	3	3	2	2	1	1	
281	135	75	50	33	23	18	11	8	8	7	5	5	5	4	4	4	4	3	2	2	1	1	1	
280	135	81	52	36	24	15	13	12	10	8	8	8	7	7	7	6	5	4	3	2	2	1	1	
257	131	85	58	37	22	18	14	12	10	10	10	9	9	9	7	6	5	3	2	2	1	1	1	
234	132	89	53	34	28	22	20	16	14	14	13	13	11	8	7	6	4	3	3	2	2	2	2	
249	133	78	54	37	26	23	19	18	17	16	16	14	11	9	7	5	4	4	2	2	2	2	2	
247	121	81	55	42	34	28	21	19	17	17	15	12	10	8	6	4	4	2	2	2	2	2	2	
258	139	83	58	42	32	25	22	20	19	17	14	12	10	8	6	6	3	3	3	3	3	3	2	
278	127	82	56	41	28	24	21	20	18	15	13	11	9	7	6	3	3	3	3	3	3	2	2	
245	123	74	51	35	27	24	22	20	16	13	11	9	7	6	3	3	3	3	3	3	2	2	2	
191	100	65	43	33	30	26	24	20	16	12	10	8	7	4	4	4	4	4	4	3	3	3	3	
223	137	84	54	43	33	31	24	20	15	13	9	8	5	5	5	5	5	5	4	3	3	3	3	
235	130	76	58	43	39	31	26	19	14	9	8	5	5	5	5	5	5	4	3	3	2	2	2	
262	126	85	61	50	38	34	26	19	14	10	7	7	7	7	7	7	6	4	4	3	3	3	3	
243	130	86	67	53	43	31	24	18	15	11	11	11	10	10	10	9	7	7	6	5	4	4	4	
225	126	89	64	52	39	29	21	16	12	12	11	10	10	10	9	6	6	5	5	4	4	4	3	
244	144	100	74	55	43	31	24	19	19	18	17	17	15	12	9	8	7	6	5	5	5	4	3	
246	149	107	73	59	37	30	25	23	20	19	19	16	13	10	9	8	7	6	6	6	5	4	3	
287	175	111	80	54	41	35	30	25	24	24	21	16	12	10	8	7	6	6	6	5	4	3	3	
270	163	113	76	53	44	37	32	28	27	23	17	13	11	9	8	7	7	7	6	5	4	4	3	
274	151	98	70	58	44	37	33	32	28	20	16	13	10	9	8	7	7	6	5	4	4	3	3	
275	145	94	75	58	49	40	35	30	22	18	15	12	11	10	9	8	7	5	4	4	3	3	3	
263	157	108	73	58	46	40	33	25	20	17	14	13	12	10	9	8	5	4	4	3	3	3	3	
253	146	95	70	55	47	39	30	24	19	15	13	12	10	9	8	5	4	4	3	3	3	3	3	
272	170	115	82	61	49	37	29	23	19	15	14	10	9	8	5	4	4	3	3	3	3	3	3	
248	151	106	74	55	43	34	28	23	19	18	14	13	12	8	7	6	5	4	4	3	3	3	3	
266	152	100	67	50	39	31	24	20	19	17	15	13	8	7	6	5	4	4	3	3	3	3	3	
263	151	92	66	53	40	28	23	22	18	16	14	8	7	6	5	4	4	3	3	3	3	3	3	
261	143	88	70	51	36	29	24	19	17	15	9	7	6	5	4	4	3	3	3	3	3	3	3	
273	150	103	74	50	38	26	21	19	17	11	9	8	7	6	6	5	4	4	4	3	3	3	3	
269	154	100	64	52	35	27	23	21	15	12	9	7	6	6	5	4	4	4	3	3	3	3	3	
274	156	93	72	44	35	29	24	18	13	10	7	6	6	5	4	4	4	3	3	3	3	3	3	
284	159	106	60	42	35	27	20	14	10	7	6	6	5	4	4	4	3	3	3	3	3	3	3	
295	176	98	59	43	31	21	16	12	8	7	6	5	4	4	4	3	3	3	3	3	3	3	3	
286	138	82	58	40	28	18	13	8	7	6	5	4	4	4	3	3	3	3	3	3	3	3	3	
236	118	75	52	33	24	17	12	11	10	8	7	7	7	6	6	4	4	3	3	3	3	3	3	
232	118	71	49	33	22	14	12	11	8	7	7	7	6	6	4	4	3	3	3	3	3	3	3	
219	118	76	45	29	17	14	13	10	9	9	9	6	6	4	4	3	3	3	3	3	3	3	2	
249	128	68	44	30	24	18	14	12	11	11	8	8	6	6	5	5	5	5	5	5	5	4	4	
232	118	75	47	34	24	15	13	11	11	8	8	7	7	6	6	6	6	6	6	6	5	5	5	
238	116	68	51	37	24	19	16	14	11	10	8	8	6	6	6	6	6	6	6	5	5	5	4	
215	103	69	50	33	27	21	17	13	12	10	10	8	7	7	7	7	7	7	6	6	6	5	5	
201	109	71	48	37	27	23	18	17	14	13	11	8	8	8	8	8	8	7	7	7	6	6	6	
236	127	83	63	44	31	21	18	14	13	11	8	8	8	8	8	8	7	7	7	6	6	6	6	
272	135	84	60	41	27	23	18	17	14	11	11	10	10	10	10	9	9	9	8	8	8	8	5	
243	119	74	48	31	27	23	21	17	14	13	12	12	12	12	11	11	11	10	10	10	10	7	7	
205	102	65	43	36	29	27	21	18	17	15	15	14	14	12	12	12	11	11	11	11	8	8	8	
236	127	73	52	40	35	27	22	20	18	18	17	17	15	15	15	14	14	13	13	10	10	10	10	
220	103	64	47	39	28	24	20	18	18	16	16	15	15	15	14	14	14	14	11	11	11	11	10	
192	99	65	48	34	29	24	22	22	19	19	18	18	18	17	17	16	15	12	12	12	12	11	11	
215	113	78	52	44	38	36	34	29	28	25	24	23	21	21	20	18	14	14	14	14	13	13	13	
224	126	82	68	57	51	45	37	35	33	27	25	22	22	20	18	14	14	14	14	13	13	13	13	
214	120	89	71	62	56	43	40	37	30	27	24	24	22	20	16	15	15	15	14	14	14	14	13	
227	143	101	85	75	59	55	50	40	34	31	30	28	25	21	20	20	19	18	18	17	16	15	14	
257	136	106	86	68	60	55	45	38	34	33	31	28	24	23	23	22	21	21	19	18	17	16	16	
269	160	120	91	73	65	51	43	39	37	35	32	28	27	27	26	24	24	22	20	18	17	17	17	
280	188	136	105	91	67	51	46	43	39	35	31	28	28	26	24	24	22	20	18	17	17	17	16	
306	190	132	106	75	57	49	45	40	36	32	29	29	27	25	25	23	21	19	18	18	18	17	15	
320	193	143	101	70	59	52	46	42	37	34	34	31	27	27	24	22	20	19	19	19	18	16	14	
307	200	124	86	72	61	54	49	41	38	38	34	29	28	24	22	20	19	19	19	18	16	14	13	
311	172	115	94	79	68	56	46	43	43	39	34	33	29	25	22	21	20	20	19	17	15	14	12	
285	161	118	97	83	68	54	50	48	44	38	35	32	28	25	24	23	23	22	20	16	15	13	13	
259	166	126	103	81	64	57	55	50	44	40	34	29	26	25	24	24	23	21	17	16	14	14	14	
299	189	140	107	76	66	63	57	51	46	40	34	31	30	28	27	26	24	19	18	16	16	16	16	
314	191	139	100	82	74	64	58	53	45	40	37	36	34	31	30	27	22	21	18	18	18	18	17	
305	193	127	99	84	73	65	59	49	43	40	39	35	32	30	27	22	21	18	18	18	18	17	16	
301	181	127	107	88	77	69	56	49	44	43	38	35	33	30	25	24	21	18	18	18	17	16	16	
304	185	140	107	91	77	64	56	51	50	44	39	37	33	27	26	23	19	19	19	18	17	16	16	
302	183	133	106	84	70	62	55	52	46	40	38	34	26	25	23	19	19	19	18	17	16	16	16	
325	217	151	114	95	84	72	66	58	48	44	39	31	30	27	21	21	20	19	18	17	17	17	13	
325	197	142	115	97	83	77	64	53	48	43	35	34	31	25	24	23	22	21	19	19	17	13	13	
319	198	151	120	93	86	72	61	53	48	38	37	34	28	27	25	24	23	21	21	19	14	13	12	
324	221	157	119	102	84	68	58	53	42	41	38	32	31	26	25	24	22	22	20	14	13	12	11	
323	201	146	121	99	80	66	60	48	47	43	36	34	30	29	27	24	24	22	16	15	14	13	13	
311	201	157	122	98	82	76	58	55	50	43	41	37	36	34	31	31	28	21	19	17	16	15	13	
316	199	153	120	100	91	72	65	59	50	47	41	40	37	33	32	28	22	19	17	16	15	13	12	
308	193	140	114	103	81	73	65	55	51	44	43	40	34	33	29	23	20	18	17	16	14	12	12	
300	176	137	120	92	79	71	59	52	44	43	40	34	33	29	23	20	18	17	16	14	12	12	11	
294	195	156	113	96	82	68	61	50	48	45	39	38	32	25	21	19	18	17	15	12	12	11	11	
310	214	144	122	101	80	67	57	52	49	42	41	34	27	23	21	20	19	16	13	13	12	12	12	
327	194	153	121	91	77	61	55	51	44	42	34	27	23	21	20	19	16	13	13	12	12	12	12	
304	198	152	113	91	69	62	58	49	47	39	30	26	23	22	21	18	15	15	14	14	14	13	13	
327	206	151	111	83	74	68	58	54	45	36	31	27	25	24	21	18	18	17	16	16	15	15	14	
312	197	138	99	87	74	65	59	50	41	35	31	29	27	24	21	21	20	19	19	17	17	15	15	
308	179	123	106	87	74	67	57	45	38	34	32	30	26	23	23	22	21	21	19	19	17	17	17	
285	163	127	103	86	77	65	52	43	38	36	33	30	27	27	26	24	23	21	21	20	20	19	17	
293	183	143	118	103	84	68	58	50	47	43	35	32	32	31	28	27	25	25	23	22	20	18	18	
297	207	160	132	107	85	73	63	60	54	44	41	41	37	33	32	28	28	26	24	22	20	20	20	
324	213	158	123	97	82	69	62	54	44	41	41	37	33	32	28	28	26	24	22	20	20	20	19	
323	210	159	120	93	78	68	59	46	43	42	38	34	32	28	28	26	24	22	20	20	20	19	19	
335	214	161	122	99	80	66	52	48	46	41	37	35	31	31	29	25	23	21	21	21	20	20	20	
329	218	150	117	92	77	60	56	52	47	42	39	35	35	33	28	25	23	23	23	22	21	21	20	
321	192	141	115	92	73	65	59	53	47	43	37	37	36	31	28	25	24	24	23	21	21	20	20	
300	188	141	106	87	73	65	59	51	45	38	38	37	32	29	26	25	25	24	22	22	21	21	21	
316	200	144	116	96	81	75	66	59	51	49	48	42	39	36	34	33	32	29	28	27	25	25	24	
356	229	171	134	112	95	77	68	57	53	50	44	41	38	37	35	34	31	30	29	27	27	26	25	
367	224	168	136	113	91	81	68	64	58	51	46	43	39	37	35	32	31	30	28	28	27	26	26	
327	216	167	133	106	89	74	68	61	54	48	44	39	37	35	32	31	30	28	28	27	26	26	26	
353	242	177	130	103	84	75	66	59	52	47	42	39	37	33	32	30	28	28	27	26	26	26	26	
357	224	155	117	93	83	73	65	54	50	45	42	40	36	35	33	31	31	30	29	29	29	29	28	
315	198	144	111	98	84	73	60	53	47	44	41	37	36	34	32	32	31	30	30	30	30	29	27	
326	196	138	117	100	86	72	61	53	49	45	40	38	34	32	32	31	30	30	30	30	29	27	25	
318	196	150	123	100	84	71	62	56	52	47	44	39	37	35	34	32	31	31	31	30	28	25	24	
317	211	157	126	104	87	73	65	60	53	49	43	39	37	36	33	32	32	32	30	28	25	24	24	
342	218	167	128	104	87	78	72	64	58	52	48	45	43	39	36	36	35	32	30	27	25	25	24	
325	217	161	127	100	85	79	70	64	57	52	49	46	41	37	37	35	32	30	27	25	25	24	23	
330	219	167	123	102	92	79	71	62	56	53	50	42	37	37	35	32	30	27	25	25	24	23	23	
358	232	158	123	103	87	77	66	60	57	54	44	39	39	35	33	31	28	26	26	25	24	24	23	
353	214	158	128	105	93	78	71	64	58	48	42	42	38	35	33	29	27	27	26	25	25	24	23	
333	204	160	128	109	93	84	73	64	53	46	44	39	36	34	30	27	27	26	25	25	24	23	21	
340	223	167	132	108	94	83	72	57	48	47	42	39	37	31	27	27	26	25	25	24	23	21	20	
352	223	170	132	111	94	78	63	52	48	42	39	37	31	27	27	26	25	25	24	23	21	20	20	
344	228	163	133	112	89	71	59	55	49	44	40	33	29	28	27	26	26	25	24	22	20	20	20	
339	215	171	137	107	83	69	63	55	48	42	35	31	30	29	28	28	27	25	23	21	20	20	16	
325	212	157	116	90	76	70	60	53	44	37	33	30	29	28	28	27	25	23	21	20	20	16	15	
346	219	161	120	89	78	68	56	46	39	35	32	30	29	29	27	25	23	21	20	20	16	15	13	
336	214	148	109	92	79	63	51	42	37	34	32	30	30	28	26	23	21	20	20	16	15	13	13	
306	194	133	109	91	71	58	46	41	36	32	30	29	28	26	23	21	20	20	16	15	13	13	13	
315	193	141	114	92	72	55	47	41	37	34	33	31	28	24	22	21	20	16	15	13	13	13	13	
313	201	147	111	85	65	55	48	41	37	35	32	28	24	22	21	20	16	15	13	13	13	13	13	
340	206	144	105	81	65	57	48	43	41	37	33	27	25	24	23	19	18	16	16	16	16	16	16	
335	200	131	101	81	69	59	53	50	43	38	30	27	26	24	20	18	16	16	16	16	16	16	14	
295	177	131	104	86	73	66	59	50	44	34	29	28	26	22	20	17	17	16	16	16	16	14	13	
309	192	140	112	90	78	71	58	52	42	36	34	29	24	22	17	17	16	16	16	16	14	13	11	
309	194	137	111	95	85	68	60	50	44	41	34	27	25	20	18	17	17	17	17	15	14	12	12	
319	208	158	132	113	88	73	61	54	50	42	33	30	25	23	22	21	20	20	18	16	14	14	12	
333	223	177	146	111	94	75	64	57	49	38	35	29	25	24	23	21	21	19	17	15	15	13	13	
332	228	176	129	108	84	70	61	53	41	38	32	27	25	24	21	21	19	17	15	15	13	13	10	
341	226	159	125	97	81	70	60	48	43	35	29	27	26	22	22	19	17	15	15	13	13	10	10	
347	212	160	119	94	79	65	52	46	37	29	27	26	22	22	19	17	15	15	13	13	10	10	10	
315	204	140	108	90	73	57	51	42	32	29	27	23	23	20	18	16	16	14	14	11	11	11	11	
348	205	152	119	93	75	65	52	43	34	32	27	27	24	23	21	19	16	16	13	12	12	12	11	
325	213	164	127	100	86	68	49	39	35	29	28	25	24	21	19	16	16	13	12	12	12	11	11	
316	226	159	121	101	80	55	46	41	30	29	25	24	21	18	15	15	13	12	12	12	11	11	11	
331	204	149	117	92	65	51	46	34	32	27	26	23	20	17	17	14	13	13	13	12	12	12	11	
355	224	166	129	91	68	57	42	38	32	28	25	21	18	18	15	14	14	14	13	12	12	11	10	
361	234	167	123	87	71	50	46	40	34	31	24	21	21	17	16	16	16	14	13	13	12	11	11	
373	234	164	124	97	66	57	41	36	31	23	21	21	17	16	16	16	14	13	13	12	11	11	10	
360	225	153	117	82	66	48	43	36	26	23	23	18	17	17	17	14	13	13	12	11	11	10	10	
363	222	157	107	80	59	48	39	28	24	24	19	18	18	18	15	14	14	13	12	12	10	10	10	
337	207	139	101	75	62	49	36	29	29	23	21	21	20	17	16	16	15	14	14	12	12	12	10	
338	199	129	93	76	61	42	35	35	29	26	25	23	20	18	18	17	16	16	14	14	13	11	11	
317	180	116	91	72	49	42	42	35	32	30	27	24	21	21	20	19	18	16	15	14	12	12	10	
299	184	136	106	71	58	56	47	44	40	36	33	29	28	26	25	24	21	19	18	15	15	13	12	
297	196	141	99	81	76	66	61	50	45	37	32	29	27	25	24	21	19	18	15	15	13	12	12	
320	196	120	93	83	74	66	55	48	40	34	31	29	27	26	23	22	20	17	16	14	13	13	13	
304	174	126	110	95	83	65	56	47	41	35	32	30	29	25	24	21	17	16	14	13	13	13	13	
279	183	145	114	98	75	62	51	44	38	34	32	31	27	26	23	19	17	15	14	14	14	14	13	
286	200	145	117	89	74	60	52	43	38	35	34	28	26	23	19	17	15	14	14	14	14	13	13	
363	227	165	125	99	78	68	57	50	46	44	36	34	30	24	20	18	15	14	14	14	13	13	12	
345	227	153	120	92	79	63	55	50	47	38	35	30	24	19	18	15	14	14	14	13	13	12	10	
335	204	149	111	93	74	66	61	56	47	39	34	28	23	20	17	16	16	16	14	13	12	10	10	
326	214	150	117	88	75	67	62	52	43	38	32	26	23	19	18	17	17	15	14	13	11	11	10	
326	196	147	109	90	77	71	58	48	43	37	30	27	22	21	20	20	17	16	15	13	13	12	11	
317	204	135	109	91	79	64	53	47	39	31	28	22	21	20	20	17	16	15	13	13	12	11	10	
324	196	144	118	102	80	65	56	48	37	33	27	25	23	22	19	17	16	14	14	13	12	11	11	
339	203	148	121	96	76	64	54	41	37	31	29	27	25	20	18	17	15	14	13	12	11	11	11	
319	208	157	119	90	76	62	46	41	35	33	31	30	25	23	21	19	18	17	16	15	15	15	14	
320	212	154	113	94	77	58	52	44	40	37	36	31	29	27	24	23	22	21	19	19	19	18	18	
338	221	149	121	100	72	63	54	47	43	41	36	33	30	25	24	23	22	20	20	19	18	18	18	
352	201	149	119	83	71	61	53	48	45	40	36	33	28	25	24	23	21	21	20	19	19	19	19	
329	219	164	111	90	72	57	51	47	42	38	35	30	27	26	25	23	23	22	21	21	21	21	20	
336	223	144	107	82	62	54	47	41	37	34	29	27	26	25	23	23	22	21	21	21	21	20	19	
383	233	149	105	76	65	56	47	41	36	31	29	28	26	23	23	22	21	21	21	21	20	19	18	
361	204	128	87	71	61	51	45	40	35	33	31	28	25	25	23	22	22	22	22	21	20	19	19	
343	189	121	89	75	63	54	46	42	40	37	34	30	30	27	26	26	24	23	22	21	20	20	20	
321	178	112	92	76	64	56	49	46	43	39	34	33	29	28	28	26	25	24	23	21	21	21	20	
286	165	128	103	83	75	67	63	58	51	45	42	37	33	33	31	30	27	25	23	23	23	22	22	
265	172	131	110	96	85	77	70	61	54	48	43	38	38	35	34	31	29	27	26	25	24	24	23	
326	210	157	127	112	98	89	76	68	62	56	49	46	43	41	35	33	29	27	26	25	24	23	23	
358	224	160	136	113	102	87	78	72	65	54	48	44	42	37	35	31	29	27	25	24	23	23	20	
338	225	177	141	122	101	89	82	71	58	52	48	46	40	38	33	31	28	26	25	24	24	20	19	
339	228	170	141	116	100	93	78	64	58	53	50	44	41	36	34	29	27	26	25	25	20	19	18	
356	230	175	141	121	109	92	73	65	58	53	46	43	39	36	31	29	26	25	25	20	19	18	14	
336	229	175	143	127	106	83	73	65	60	51	48	44	41	36	33	28	27	27	22	21	20	15	15	
329	233	179	152	120	92	79	71	65	56	53	49	46	40	36	31	30	29	24	23	22	17	17	16	
329	225	174	133	100	84	74	69	60	57	53	49	43	39	34	33	32	27	26	25	20	19	18	17	
328	226	169	119	98	86	79	67	60	55	51	44	40	35	34	33	28	27	26	21	20	19	18	18	
318	213	148	116	102	90	77	70	63	59	51	46	40	39	37	32	31	29	24	23	22	21	21	20	
304	190	146	125	109	92	82	74	67	59	53	45	43	41	36	35	33	29	26	24	23	23	22	19	
298	198	161	131	108	94	85	75	67	60	50	46	44	39	37	35	30	26	24	23	23	22	19	18	
323	225	171	134	114	95	83	72	65	54	50	47	42	40	37	32	28	26	24	23	22	19	18	18	
341	236	181	146	121	104	90	80	65	61	56	48	45	41	35	30	28	25	23	22	19	18	18	17	
340	233	171	139	117	101	90	72	67	62	53	48	44	37	32	29	26	24	23	20	19	19	18	15	
331	227	172	142	120	103	83	77	68	58	53	49	41	35	31	27	25	24	21	20	20	19	16	15	
340	236	178	143	119	94	88	76	64	58	52	43	37	33	29	27	26	22	21	21	19	16	15	15	
334	220	167	134	106	95	82	66	59	53	43	38	34	30	28	27	23	22	22	20	17	16	16	16	
318	217	167	127	113	99	82	71	61	51	45	40	36	33	31	26	24	24	22	19	18	18	18	17	
330	221	163	133	113	92	78	66	56	51	46	40	36	34	29	27	27	24	21	20	20	20	19	18	
344	214	166	141	110	90	75	64	58	52	44	40	37	32	30	28	25	22	21	21	21	20	19	18	
336	228	182	133	107	88	72	64	57	47	43	38	32	30	28	25	22	21	21	21	20	19	18	18	
330	237	173	131	107	87	76	63	52	48	41	34	32	30	27	24	22	22	22	20	19	18	18	17	
325	214	158	125	99	87	69	58	53	46	37	34	32	29	26	24	24	24	22	21	20	20	19	17	
342	222	161	120	97	76	61	55	48	39	36	35	31	27	25	25	25	23	22	21	21	20	18	18	
328	213	146	116	91	73	63	56	46	42	40	35	31	29	29	28	26	24	23	23	21	19	19	19	
330	206	158	114	91	77	66	51	45	43	38	33	31	31	28	26	24	23	23	20	18	18	18	18	
324	210	145	108	88	76	61	53	48	42	36	33	32	29	27	25	24	24	21	18	18	18	18	18	
331	206	152	119	102	85	72	64	53	46	42	41	37	34	31	29	29	26	22	22	22	22	22	22	
341	216	153	122	101	84	74	61	54	49	45	41	38	34	32	32	29	25	25	25	25	25	24	24	
341	217	153	126	101	88	71	58	52	48	43	39	35	33	33	30	26	26	26	26	25	24	24	24	
338	223	178	138	119	99	77	72	66	60	52	46	42	41	38	34	31	29	26	25	24	24	24	24	
343	231	168	139	115	92	83	76	69	60	54	49	48	44	39	36	33	29	28	26	26	25	25	25	
348	227	180	143	111	97	88	79	64	57	52	51	47	41	37	34	30	29	27	27	25	25	25	24	
332	231	170	126	106	93	81	66	57	52	51	47	41	37	34	30	29	27	27	25	25	25	24	22	
347	222	157	121	105	90	74	62	57	56	51	45	39	36	31	30	28	28	26	26	26	25	23	23	
316	203	148	121	102	83	67	61	59	54	47	41	38	32	31	29	28	26	26	26	25	23	23	17	
313	195	153	120	97	78	70	67	60	52	43	39	33	32	30	29	27	27	27	26	24	24	18	15	
295	194	142	112	86	77	70	63	53	44	40	33	32	30	29	27	27	27	26	24	24	18	15	15	
306	195	143	106	90	79	72	62	49	45	38	36	34	32	29	29	29	28	26	26	20	17	15	15	
330	209	148	121	98	89	77	61	56	46	43	41	39	35	33	32	31	29	28	22	19	17	17	16	
296	189	142	116	105	92	71	64	52	49	47	43	39	36	35	34	32	31	25	22	20	20	19	19	
303	200	150	128	110	86	77	62	58	54	49	44	40	38	36	34	32	25	22	20	20	19	19	16	
353	236	176	145	111	98	73	69	65	60	55	46	43	41	38	36	29	26	24	23	22	22	19	16	
354	239	186	136	115	88	83	78	72	63	50	46	44	41	39	31	28	26	25	23	23	20	17	16	
365	242	174	139	105	94	86	79	70	58	53	51	46	42	33	30	28	26	23	23	20	17	16	14	
370	227	177	125	103	92	84	74	60	53	51	46	43	34	31	29	27	24	24	21	18	16	14	14	
324	228	151	122	105	92	81	67	58	56	50	46	36	33	31	29	26	25	22	19	17	15	15	15	
336	201	151	126	107	93	74	66	63	57	52	41	37	34	31	28	27	24	21	19	17	17	17	17	
312	210	159	136	113	91	79	72	63	56	45	40	37	32	28	27	24	21	19	17	17	17	17	17	
317	206	163	135	104	87	78	68	60	49	43	40	35	31	30	26	22	19	17	17	17	17	17	17	
341	242	177	135	114	99	85	69	57	50	44	39	34	33	29	24	20	18	18	18	18	18	18	18	
365	230	165	136	118	98	80	67	59	53	47	40	36	30	25	20	18	18	18	18	18	18	18	18	
340	218	167	136	108	86	71	62	53	47	40	36	30	25	20	18	17	16	16	16	16	16	16	15	
364	246	196	156	111	94	79	65	59	52	48	41	35	27	25	22	21	19	19	19	19	19	18	17	
371	264	199	140	114	98	80	72	63	59	52	43	34	28	25	24	21	21	21	21	21	20	19	17	
381	255	176	139	119	96	82	74	67	60	48	39	33	29	28	25	25	25	23	23	22	21	19	19	
362	233	183	152	123	104	92	82	74	57	47	39	33	32	28	28	28	26	26	25	24	22	22	21	
370	252	199	154	128	107	94	85	68	54	45	36	35	31	31	31	30	30	29	28	26	26	25	23	
388	272	198	155	126	109	98	77	59	51	41	39	35	35	35	34	34	33	32	29	29	27	25	25	
387	247	188	145	123	106	83	64	54	44	42	38	38	38	37	37	36	35	32	32	28	26	26	26	
345	229	166	138	117	90	70	59	47	44	40	40	40	39	39	38	36	32	32	28	26	26	26	24	
357	224	178	142	109	82	69	55	51	46	44	44	42	42	40	37	33	33	29	27	27	27	25	23	
338	237	179	136	101	82	66	61	49	47	47	45	45	43	39	35	35	31	29	28	28	26	24	24	
340	226	172	130	105	83	74	61	59	59	56	56	53	49	45	45	41	39	35	35	33	31	31	29	
346	238	175	129	101	85	71	67	67	63	61	57	53	49	48	43	41	37	36	34	32	32	29	28	
339	223	160	119	98	80	74	74	69	67	63	59	55	54	49	47	42	41	37	35	35	32	31	31	
320	208	146	118	97	84	82	76	74	70	66	60	59	54	52	47	46	41	39	39	36	34	34	34	
312	186	137	110	95	88	81	79	73	69	63	62	56	54	49	48	42	39	39	36	34	34	34	32	
291	188	148	124	111	99	90	82	78	71	69	62	60	53	52	46	42	42	39	37	36	36	34	33	
336	206	155	133	117	102	90	83	76	74	67	65	58	55	49	45	43	40	38	37	37	35	34	34	
311	220	178	151	132	115	102	93	90	81	78	69	65	57	52	50	45	43	42	40	38	37	37	37	
365	245	197	161	142	126	112	106	93	90	81	74	65	59	57	52	50	47	44	40	38	38	38	36	
365	247	196	167	145	127	119	104	97	87	80	71	65	62	57	53	50	47	43	40	40	40	38	35	
356	233	188	163	140	130	115	107	97	86	75	68	65	59	55	52	49	45	42	42	42	40	37	35	
349	247	203	165	149	129	121	110	95	82	75	71	64	59	56	52	48	45	45	45	43	39	37	33	
365	260	206	178	150	137	126	105	89	81	77	69	63	60	56	52	49	49	48	44	38	37	33	30	
380	266	215	174	156	141	117	99	88	82	71	65	62	57	53	50	50	49	45	39	38	33	30	27	
373	268	203	179	159	132	113	98	92	80	71	68	63	57	53	53	52	48	41	39	34	31	28	28	
368	255	208	184	145	124	107	99	84	73	70	64	58	54	53	52	48	41	39	34	31	28	28	27	
354	257	215	163	137	116	105	90	80	77	70	63	58	56	55	51	42	40	34	31	28	28	27	27	
373	265	191	156	130	117	99	86	82	74	67	61	59	58	54	45	43	37	34	31	31	30	30	24	
380	248	194	153	133	110	94	88	77	71	65	62	61	56	47	45	38	35	32	32	31	30	24	22	
359	258	192	163	133	112	100	87	80	70	66	65	60	50	47	39	36	33	33	32	31	25	23	20	
357	248	196	157	131	117	97	90	79	75	74	68	57	54	46	41	38	38	37	35	29	26	23	21	
352	250	185	151	133	109	101	88	81	80	74	60	56	48	43	40	40	39	37	31	27	24	22	21	
360	237	182	157	135	124	107	97	95	86	69	65	55	50	45	43	41	39	33	28	25	23	22	21	
335	233	186	153	140	120	111	105	94	76	71	61	55	50	48	46	44	37	29	26	24	23	22	20	
364	249	183	159	139	127	117	104	85	78	67	61	56	54	52	50	40	32	29	26	25	24	23	22	
348	233	190	161	145	131	116	93	86	74	67	62	59	56	54	43	36	33	30	28	27	25	24	24	
360	260	208	180	152	131	101	93	80	71	67	63	58	56	45	38	35	32	29	28	26	25	25	24	
381	280	218	182	150	115	106	92	81	75	70	63	61	49	42	39	35	32	30	28	27	27	26	24	
390	267	208	169	131	118	103	90	82	78	71	68	55	47	43	38	35	32	30	29	29	28	26	25	
364	257	197	152	131	113	99	91	87	79	75	61	52	48	43	39	36	33	32	32	31	28	27	26	
362	246	181	149	126	112	100	93	83	76	62	52	48	43	39	36	33	32	32	31	28	27	26	24	
340	221	173	146	129	111	100	89	81	67	56	51	45	41	38	35	33	33	32	29	28	26	24	23	
332	228	179	149	126	108	95	83	69	58	53	47	43	40	37	35	34	33	30	29	27	25	24	23	
340	227	178	148	125	109	94	77	62	57	50	46	42	39	37	36	35	32	31	29	27	26	25	25	
346	237	181	144	122	106	86	66	58	51	46	42	39	37	36	35	32	31	29	27	26	25	25	22	
357	236	179	149	129	102	79	70	62	56	49	45	43	41	40	37	35	33	30	29	26	25	22	22	
350	228	176	144	112	87	75	65	58	51	47	45	44	43	40	38	36	32	31	28	27	24	23	22	
336	234	183	138	100	83	71	63	54	50	47	45	44	40	38	36	32	31	28	27	24	23	22	19	
345	242	177	132	103	81	71	61	57	52	50	49	45	42	40	36	34	31	29	26	25	24	21	20	
340	215	144	111	87	77	65	61	55	53	51	47	43	41	37	35	32	30	27	26	25	22	21	20	
344	202	141	109	98	81	76	67	62	58	54	49	46	40	37	34	32	29	28	27	24	23	22	21	
297	167	122	108	90	82	72	66	62	57	52	49	42	39	36	34	31	30	29	26	24	23	22	20	
272	170	137	105	94	84	75	69	63	57	54	46	42	38	35	32	31	30	27	25	24	23	21	19	
265	180	136	117	96	85	76	67	61	58	51	47	42	38	35	34	33	30	28	27	26	24	22	19	
279	178	142	113	97	88	75	65	61	55	52	46	42	39	38	35	32	30	28	27	25	23	20	20	
293	192	149	122	105	87	73	67	59	55	48	44	41	39	36	33	31	29	28	26	24	21	21	21	
285	189	147	119	99	85	78	69	64	56	52	48	45	42	38	36	34	33	31	29	26	26	26	26	
298	195	154	128	106	96	82	75	65	60	54	51	48	42	39	36	34	32	30	27	27	27	27	27	
295	210	170	130	117	101	91	80	74	66	63	60	53	49	46	43	40	37	34	33	32	30	30	28	
338	231	174	147	125	109	97	89	77	73	69	60	56	52	48	44	41	36	35	34	32	32	30	29	
415	282	205	165	137	119	102	86	81	75	65	60	55	51	47	44	39	38	37	34	34	31	30	27	
389	251	194	152	129	111	92	87	81	70	65	58	54	50	47	42	40	39	36	36	33	32	29	28	
369	241	182	150	129	104	98	91	78	72	65	61	57	53	48	45	44	41	41	38	37	33	32	30	
387	256	194	161	129	119	110	92	84	74	69	63	59	53	49	48	45	44	41	40	36	35	33	31	
363	246	195	156	143	124	104	95	82	75	69	64	58	53	52	49	47	43	42	38	37	34	32	26	
376	244	186	164	141	115	102	87	78	72	66	60	54	53	50	48	44	43	39	38	35	33	27	26	
341	229	189	159	132	117	102	91	83	75	68	61	59	56	54	49	48	43	42	39	37	30	29	28	
351	243	188	152	130	112	98	90	80	72	65	63	60	58	52	50	45	43	40	38	31	30	29	28	
364	246	187	149	124	109	100	86	78	71	68	64	61	55	53	48	46	43	41	34	33	32	30	29	
393	254	197	157	136	114	97	85	78	76	71	67	61	59	53	51	47	45	38	36	34	32	31	29	
365	255	192	160	134	109	94	84	81	76	70	62	59	53	51	47	45	38	36	34	32	31	29	26	
375	250	195	159	126	106	94	90	84	77	70	66	59	57	53	50	42	39	37	35	34	32	27	25	
375	258	200	153	124	111	100	92	84	76	72	65	63	58	53	44	41	38	36	35	33	28	26	22	
385	259	188	147	129	114	102	91	83	78	70	66	62	57	47	44	41	39	38	35	30	27	23	22	
363	233	177	143	124	111	98	89	84	75	70	66	61	51	47	44	42	41	38	32	28	24	23	23	
363	236	174	150	133	115	102	95	85	78	74	68	57	53	49	47	46	42	36	31	27	25	25	22	
357	239	192	167	139	121	106	94	85	80	74	61	55	49	47	46	42	36	31	27	25	25	22	21	
353	255	208	167	141	120	104	95	87	80	68	61	55	52	50	46	39	34	30	27	27	24	23	22	
382	273	210	168	142	122	106	98	89	72	65	58	53	51	47	39	34	30	27	27	24	23	22	22	
387	265	197	156	133	116	107	96	78	68	58	53	50	46	38	33	29	26	26	23	22	21	21	21	
380	239	179	153	130	117	106	85	74	62	55	52	48	40	35	31	28	27	24	23	22	22	22	22	
364	233	182	149	133	120	94	80	67	60	57	51	41	37	33	30	29	26	25	24	24	23	23	22	
357	241	185	155	137	105	87	72	64	61	54	44	40	36	33	32	29	28	27	26	25	25	24	23	
360	251	200	170	130	103	82	71	67	60	50	44	39	36	35	31	30	29	27	26	26	25	24	24	
379	254	207	153	122	94	80	75	64	54	45	40	37	35	31	30	29	27	26	26	25	24	24	24	
377	271	199	152	117	99	90	74	60	50	44	40	37	33	31	30	28	28	27	26	25	25	25	24	
398	258	182	140	114	101	82	69	58	50	46	43	37	33	32	30	30	29	28	27	27	27	25	22	
378	250	175	136	118	93	75	63	55	50	47	41	36	35	33	33	32	31	30	30	30	28	25	24	
372	221	163	140	111	87	72	61	54	51	45	40	39	37	37	36	35	34	34	33	31	28	27	26	
335	218	174	130	99	81	67	57	54	48	43	42	40	40	39	38	37	37	36	34	31	30	29	28	
329	236	162	119	96	73	60	57	51	45	44	42	42	41	40	39	39	38	36	33	32	31	30	26	
359	208	146	114	86	70	62	56	50	48	46	44	43	42	41	41	40	38	35	33	32	31	27	26	
337	201	147	105	83	75	66	57	52	49	45	44	43	42	42	41	38	35	33	32	31	27	26	25	
328	197	133	103	90	75	63	57	55	51	50	49	47	46	44	41	38	36	35	34	30	29	28	28	
336	202	146	122	101	87	71	66	61	60	58	55	54	51	47	44	42	41	40	36	35	34	33	29	
334	210	166	133	114	95	87	83	79	73	69	66	61	57	51	47	46	45	41	39	37	35	31	27	
307	210	157	129	104	93	87	81	72	68	65	60	56	50	47	46	44	42	40	38	36	32	28	27	
335	215	165	128	110	103	95	82	77	73	66	61	54	50	48	46	42	40	38	36	32	28	27	24	
344	222	157	133	121	107	91	84	81	73	68	60	55	52	50	46	43	40	38	33	29	27	24	20	
325	200	154	136	119	101	91	85	76	72	63	58	54	52	48	45	42	40	34	30	27	24	20	19	
316	210	163	137	115	104	96	87	80	70	64	59	57	53	49	46	43	37	33	30	27	21	20	18	
313	220	175	143	124	109	96	89	77	70	64	61	57	53	49	46	40	35	31	28	22	20	18	16	
325	224	169	138	120	105	96	83	75	69	66	61	56	52	48	41	35	31	28	22	20	18	16	15	
347	225	173	149	123	108	94	85	75	72	64	59	55	51	45	39	32	29	23	21	18	16	15	12	
316	217	167	133	117	101	93	82	78	70	65	60	55	48	43	36	33	26	24	21	19	18	15	14	
326	220	163	141	116	102	89	83	74	68	63	58	51	46	38	35	28	26	22	20	19	16	15	15	
341	227	183	143	118	102	96	85	76	69	64	57	50	40	37	30	28	23	21	20	17	16	16	16	
344	242	182	142	117	107	96	86	78	72	62	54	43	38	31	30	25	23	22	19	18	18	18	17	
379	241	182	143	127	112	102	93	86	70	62	48	43	35	33	28	26	25	22	21	21	21	20	20	
381	247	183	149	130	119	109	98	80	69	53	47	39	37	31	29	28	24	22	22	21	20	20	19	
356	248	191	156	136	123	112	93	80	62	55	46	40	33	30	29	25	23	23	22	21	21	20	17	
383	252	194	159	147	128	104	90	71	63	53	44	37	33	31	27	25	25	24	22	22	21	18	17	
361	250	196	168	140	115	101	77	67	56	47	40	35	33	28	26	26	25	23	23	22	19	18	17	
343	249	203	169	135	113	88	76	61	52	42	37	35	29	27	27	26	24	24	23	20	19	18	16	
383	265	207	164	139	109	90	73	62	50	42	38	31	29	29	28	25	25	24	21	20	19	17	16	
390	254	196	160	124	96	78	65	52	44	40	33	31	31	30	27	27	26	22	21	20	18	17	16	
370	233	187	140	110	87	73	59	49	43	35	33	33	31	29	29	28	24	23	22	20	18	17	16	
366	241	168	125	95	77	63	53	47	39	37	37	35	32	32	31	27	26	25	23	21	19	18	17	
368	222	147	112	92	74	60	53	43	41	41	39	36	36	34	30	29	28	26	24	22	21	20	19	
330	202	149	115	88	70	63	53	50	49	47	43	41	39	35	33	30	28	26	24	23	22	21	20	
305	194	137	97	77	71	58	55	54	52	48	46	44	40	38	35	33	31	28	27	26	25	24	24	
317	214	143	109	92	73	69	68	65	60	55	52	46	45	41	39	37	33	32	29	29	28	28	26	
346	200	138	111	88	81	79	74	66	61	58	51	50	46	44	40	36	35	31	31	30	30	28	25	
325	197	149	114	95	92	87	80	72	67	60	58	53	51	47	43	42	38	37	36	36	34	29	27	
337	213	152	123	116	107	96	87	81	74	70	62	60	56	52	50	45	43	41	40	38	33	31	28	
361	232	167	145	134	117	103	96	83	78	70	64	59	54	52	46	44	42	41	39	33	31	28	23	
378	230	185	162	141	121	108	93	88	79	71	65	60	58	50	47	44	43	41	34	32	29	24	23	
378	255	200	166	138	121	104	96	86	76	70	63	60	52	49	45	44	42	35	33	30	25	24	24	
377	256	200	164	139	117	106	93	81	75	68	63	54	51	47	45	42	35	34	31	26	25	25	24	
379	253	190	161	130	112	96	83	76	69	63	54	51	47	45	42	35	34	31	26	25	25	24	22	
361	235	188	148	124	106	90	82	75	69	59	55	51	49	47	39	38	35	30	29	29	28	24	24	
344	247	184	147	122	102	91	83	75	65	59	54	52	49	41	39	36	31	30	30	29	25	25	20	
396	245	189	149	116	102	92	85	74	68	60	55	52	43	41	38	33	30	30	29	25	25	20	18	
383	248	178	134	116	104	94	80	71	63	58	55	45	41	38	33	30	30	29	25	25	20	18	15	
384	238	166	139	121	106	91	79	70	65	61	50	45	42	37	34	34	33	28	28	23	21	18	17	
385	231	175	147	126	106	91	81	72	68	56	51	48	42	39	39	37	32	32	26	24	21	20	19	
361	235	181	147	119	101	88	78	73	59	53	51	44	40	40	38	33	33	27	25	22	21	20	20	
356	235	180	141	118	101	86	80	63	56	53	46	42	41	39	34	34	28	26	22	21	20	20	20	
358	231	169	134	112	95	86	68	60	57	50	45	44	43	38	37	31	28	24	23	21	21	21	20	
361	229	170	135	112	101	82	72	66	58	51	49	48	42	41	35	32	28	25	23	23	23	22	22	
347	224	170	130	112	88	76	69	61	54	51	49	43	42	36	33	29	26	24	24	24	23	23	20	
343	219	163	134	100	82	72	63	54	52	50	43	42	36	33	29	26	24	24	24	23	23	20	18	
363	229	172	121	93	83	72	63	59	56	49	47	41	38	34	31	29	28	27	25	25	21	19	16	
366	228	152	114	95	79	68	64	61	52	50	44	41	37	34	32	31	29	27	27	23	19	16	14	
369	211	156	121	96	81	72	69	59	56	50	46	42	37	35	33	31	29	28	23	19	15	14	13	
336	213	154	117	96	83	77	66	59	50	46	42	37	34	33	31	29	28	22	19	15	14	13	10	
353	230	165	129	103	94	82	74	65	57	51	46	42	41	39	36	34	28	22	16	15	14	11	10	
360	232	167	129	112	101	91	82	74	65	56	52	47	44	42	40	33	24	17	15	14	11	10	10	
368	229	172	144	123	108	97	86	74	63	59	54	49	45	42	35	26	18	15	14	11	10	10	10	
397	264	202	170	144	126	108	89	76	70	63	57	50	46	39	29	19	16	15	12	11	11	11	10	
407	257	204	164	141	119	98	83	76	68	61	54	48	40	30	21	17	16	13	12	12	11	10	9	
389	281	211	170	141	114	95	87	75	66	58	53	44	32	21	17	16	13	12	12	11	10	9	9	
409	274	207	165	132	110	100	83	73	65	56	47	34	24	21	18	15	13	13	12	11	10	10	10	
433	272	205	155	128	115	94	80	72	61	52	39	26	22	19	15	13	13	12	11	10	10	10	9	
422	268	193	153	132	107	87	78	66	55	42	28	24	22	18	16	15	13	11	10	10	10	9	9	
424	261	198	165	134	105	92	77	64	50	36	28	24	20	18	17	15	13	12	12	12	11	11	11	
397	259	202	160	123	106	88	73	56	42	31	27	22	19	18	16	14	13	12	12	11	11	11	10	
386	255	192	145	126	103	84	65	48	35	30	25	21	20	18	16	15	13	13	13	13	13	11	11	
392	251	188	150	121	96	75	55	40	34	28	24	23	20	18	17	15	15	15	15	15	13	13	11	
382	255	191	149	113	84	63	46	39	31	27	25	22	20	17	15	15	15	15	15	13	13	11	10	
404	265	190	144	100	72	52	41	32	28	25	22	20	17	15	15	15	15	15	13	13	11	10	10	
416	264	188	136	92	63	49	38	31	27	24	22	18	16	16	16	16	16	14	14	11	10	10	10	
379	245	160	109	75	58	45	35	30	26	24	19	17	17	17	17	17	15	15	12	11	11	11	9	
359	206	140	91	70	55	42	36	32	30	23	21	21	20	20	20	18	18	15	14	13	13	11	11	
350	205	118	84	65	48	40	35	33	26	24	24	22	21	21	19	19	16	15	14	14	12	12	11	
324	171	118	80	57	44	37	34	26	24	24	22	21	21	19	19	16	15	14	14	12	12	11	10	
313	156	102	70	53	46	41	31	26	26	24	24	23	20	19	16	15	14	14	12	12	11	10	9	
287	154	98	74	58	47	37	32	31	29	29	27	23	22	19	18	17	17	15	15	12	11	10	10	
276	157	104	79	60	44	38	35	31	30	28	24	23	20	19	18	18	16	15	12	11	10	10	10	
284	173	123	87	58	45	38	34	32	29	24	23	20	19	18	18	16	15	12	11	10	10	10	10	
318	187	120	78	58	43	37	32	29	24	22	19	18	16	16	14	14	12	11	10	10	10	10	9	
313	166	99	70	50	43	35	31	25	23	20	18	16	16	14	14	12	11	10	10	10	10	9	8	
293	154	94	68	58	47	37	31	28	24	22	19	19	17	16	14	12	11	11	11	11	10	9	9	
272	146	96	76	60	46	40	33	29	24	20	20	18	17	14	12	11	11	11	11	10	9	9	9	
249	141	97	71	56	50	39	34	28	24	24	22	21	17	14	13	13	13	13	12	11	11	11	11	
234	148	108	79	63	49	41	34	25	24	22	21	17	14	13	13	13	13	12	11	11	11	11	10	
267	171	115	92	72	58	47	31	27	25	24	20	17	15	15	15	15	13	12	12	12	12	11	11	
289	169	127	92	72	55	37	30	28	27	23	20	17	17	17	16	14	13	13	12	12	11	11	11	
300	184	125	98	73	50	40	37	30	25	21	18	18	17	16	14	12	12	11	11	11	11	11	11	
300	169	118	84	58	43	39	33	27	22	19	19	18	17	15	13	13	12	12	11	11	11	11	10	
297	173	118	78	57	49	38	32	25	22	20	19	18	16	14	14	13	13	11	11	11	11	10	9	
292	165	101	77	65	50	35	28	25	21	20	19	17	15	15	14	13	11	11	11	11	10	9	8	
294	155	106	83	63	44	34	30	26	24	23	21	18	16	14	13	11	11	11	11	10	9	8	7	
276	159	106	75	51	40	35	30	26	25	23	19	17	14	13	11	11	11	11	10	9	8	7	7	
259	147	95	62	46	39	31	28	27	25	21	18	15	14	12	11	11	11	10	9	8	7	7	7	
263	148	87	63	49	39	35	31	28	24	20	18	17	15	14	13	13	11	10	8	7	7	7	7	
263	140	97	67	50	44	38	31	25	21	19	18	16	15	14	14	12	11	9	8	8	8	8	8	
263	162	112	80	63	52	43	35	28	25	24	20	18	14	14	12	11	9	8	8	8	8	8	8	
308	182	122	87	65	51	41	34	28	26	21	19	15	15	13	12	9	8	8	8	8	8	8	7	
295	169	113	85	65	48	38	30	27	22	20	15	15	13	12	9	8	8	8	8	8	8	7	7	
285	176	125	85	61	48	36	32	26	24	18	17	15	14	9	8	8	8	8	8	8	7	7	7	
310	173	114	81	59	46	40	33	30	23	23	21	17	12	11	11	10	9	9	9	8	8	8	8	
296	161	106	75	57	48	38	33	26	26	24	20	14	12	11	10	9	9	9	8	8	8	8	8	
285	158	106	78	63	47	41	33	29	25	21	15	13	11	10	9	9	9	8	8	8	8	8	8	
285	155	104	80	55	45	36	32	29	25	19	16	14	13	12	12	10	8	8	8	8	8	8	8	
278	163	114	79	62	50	41	35	29	20	17	16	15	14	14	12	10	10	10	10	10	10	10	10	
284	173	112	90	74	58	51	41	31	24	23	20	17	16	14	12	11	10	10	10	10	10	10	9	
296	171	126	100	80	67	56	44	33	30	26	22	20	18	16	15	13	10	10	10	10	10	9	8	
272	160	114	93	76	65	53	41	38	32	28	24	23	20	18	15	10	10	10	10	10	9	8	8	
276	179	136	103	83	68	55	46	37	30	26	24	20	18	15	10	10	10	10	10	9	8	8	8	
281	184	135	106	84	71	61	49	38	33	30	25	18	15	10	10	10	10	10	9	8	8	8	7	
317	186	137	107	89	73	58	47	42	38	33	25	22	17	16	16	16	14	13	12	12	11	10	8	
276	174	130	106	87	70	55	48	44	39	31	26	20	19	19	19	16	15	14	14	13	12	10	9	
293	185	134	101	77	60	52	48	43	35	29	21	19	19	19	16	15	13	13	12	12	10	9	9	
302	184	129	95	73	65	58	50	41	34	25	23	22	22	18	17	15	15	13	13	11	10	10	10	
299	168	116	82	70	63	55	46	38	29	26	25	25	21	19	17	17	15	15	13	12	10	10	9	
266	154	108	89	77	64	51	43	34	29	28	28	24	22	20	19	16	15	13	12	10	10	9	9	
249	155	119	94	74	58	48	38	33	32	32	27	24	22	20	17	15	13	12	10	10	9	9	7	
263	169	124	96	75	61	49	43	40	36	31	28	26	24	21	19	17	15	13	12	11	11	9	9	
278	163	123	91	71	57	51	47	41	34	31	28	25	22	20	18	16	14	13	12	12	10	10	10	
279	171	119	89	71	59	53	45	38	35	32	28	25	23	21	19	17	15	14	14	12	12	12	8	
295	176	112	86	68	59	50	42	37	33	29	26	25	22	19	17	15	14	14	12	12	12	8	7	
279	158	107	76	65	53	43	38	35	30	27	26	23	20	18	16	15	14	12	12	12	8	7	7	
277	167	112	84	67	54	45	39	33	29	28	24	20	18	17	16	15	13	13	13	9	8	8	8	
284	155	108	83	66	53	44	38	34	33	28	23	21	19	17	16	14	14	14	9	8	8	8	8	
284	156	111	80	66	56	47	41	37	31	26	24	21	20	19	17	17	17	12	9	9	9	9	9	
282	161	112	91	71	54	43	38	34	29	27	24	21	20	18	18	17	12	9	9	9	9	9	9	
291	174	124	96	72	57	45	38	32	29	26	23	21	19	19	18	13	10	10	9	9	9	9	7	
277	173	128	97	76	60	49	40	34	29	25	23	20	20	19	14	11	11	10	10	10	10	8	8	
291	177	126	96	72	56	44	37	32	28	26	21	20	19	15	12	12	11	11	11	11	9	9	7	
310	187	125	85	67	54	46	40	34	32	27	23	22	17	13	13	13	13	13	12	10	10	8	8	
347	192	120	89	65	55	46	39	36	30	26	25	18	14	14	13	13	13	13	11	11	9	9	8	
299	174	119	84	71	59	50	45	36	30	29	20	15	14	13	13	13	12	10	10	8	8	7	6	
288	164	112	90	70	59	52	41	35	31	21	15	14	13	13	13	13	11	11	8	8	7	6	6	
291	169	125	94	77	66	51	42	37	26	18	16	14	14	13	13	11	11	8	8	7	5	5	5	
299	178	122	96	81	66	54	46	33	22	20	17	17	16	16	14	14	11	11	10	7	7	7	7	
311	172	128	102	82	63	54	40	29	26	22	22	21	19	17	17	14	14	13	10	10	10	10	9	
266	177	130	101	75	61	43	31	26	23	23	22	20	18	18	15	15	13	10	10	10	10	9	9	
284	173	123	89	73	51	33	27	23	23	22	20	18	18	15	15	13	10	10	10	10	9	9	8	
280	164	111	85	54	35	29	24	24	23	22	18	18	15	15	13	10	10	10	10	9	9	8	7	
281	162	120	75	51	42	35	29	25	24	20	20	17	16	14	10	10	10	10	9	9	8	7	6	
263	163	93	66	53	42	35	29	28	24	23	20	18	14	10	10	10	10	9	9	8	7	6	4	
286	135	87	62	49	40	33	31	26	25	22	20	16	11	11	11	11	9	9	8	7	6	4	3	
247	135	85	63	51	40	38	31	29	23	21	16	11	11	11	11	9	9	8	7	6	4	3	3	
245	122	81	66	50	47	39	37	29	26	19	13	13	13	13	11	11	9	8	7	5	4	4	4	
268	153	108	82	71	60	49	38	31	22	15	15	14	14	12	11	10	9	8	6	5	5	5	5	
292	165	112	90	72	57	46	38	29	20	18	17	17	14	13	11	10	9	7	6	5	5	5	5	
275	169	124	92	68	54	43	34	23	19	18	18	15	14	12	11	9	8	7	6	6	6	6	4	
293	186	123	95	68	54	39	24	19	17	17	14	13	12	11	10	8	7	6	6	6	6	4	3	
316	187	131	90	66	47	27	20	18	18	14	13	12	11	10	8	7	6	6	6	6	4	3	2	
295	164	108	79	55	32	24	20	19	15	13	12	11	10	8	7	6	6	6	6	4	3	2	2	
286	159	108	76	48	40	30	27	22	18	16	13	12	10	8	7	7	7	7	4	3	2	2	2	
266	151	97	59	44	34	31	26	22	19	17	15	13	11	9	9	9	8	5	4	3	3	3	3	
286	155	85	59	45	40	31	27	21	17	15	13	12	10	10	10	9	6	5	4	3	3	3	2	
293	136	89	61	51	42	34	28	21	19	17	15	13	13	13	12	8	7	6	5	4	4	3	2	
274	151	94	71	56	44	35	28	25	22	20	18	18	17	16	11	10	8	7	6	6	5	4	3	
282	152	103	75	60	50	39	34	27	23	21	20	19	17	12	11	9	8	7	6	5	4	3	3	
254	164	111	89	73	56	49	41	34	32	28	25	23	15	12	10	9	8	7	6	5	3	3	3	
280	168	123	96	76	63	53	45	41	36	30	28	21	17	14	12	10	9	8	7	5	5	5	3	
256	163	122	87	66	54	47	43	38	31	29	21	17	14	12	10	9	8	7	5	5	5	3	3	
277	182	120	86	69	60	54	43	34	32	24	18	15	13	11	9	8	7	5	5	5	3	3	3	
293	185	128	92	77	68	53	40	36	28	21	18	16	14	10	9	8	6	5	5	3	3	3	3	
306	173	114	86	72	56	42	37	28	21	18	16	14	10	9	8	6	5	5	3	3	3	3	3	
266	156	109	86	68	53	47	38	28	24	21	19	11	10	9	7	6	6	3	3	3	3	3	3	
272	162	124	92	66	54	44	32	27	24	22	14	13	12	10	9	8	5	5	5	5	5	4	4	
277	176	126	89	72	57	41	32	27	23	15	12	11	9	9	8	5	5	5	5	5	4	4	3	
292	181	113	85	64	46	36	30	24	16	13	11	9	9	8	5	5	5	5	5	4	4	3	2	
281	158	112	83	59	46	40	30	20	16	13	11	11	10	7	7	7	6	6	5	4	3	2	2	
246	149	99	67	53	44	32	21	17	14	12	12	11	8	7	7	6	6	5	4	3	2	2	2	
257	147	93	64	52	35	25	20	17	14	13	11	8	8	8	7	6	5	4	3	2	2	2	2	
262	133	92	72	51	38	27	21	17	16	13	10	9	9	8	6	5	4	3	2	2	2	2	2	
219	128	94	66	46	36	25	20	18	15	12	10	10	9	7	5	4	3	2	2	2	2	2	2	
232	132	87	64	44	33	23	21	16	13	11	11	9	7	5	4	3	2	2	2	2	2	2	2	
243	124	86	61	46	27	24	19	16	13	13	10	8	5	4	3	2	2	2	2	2	2	2	1	
233	128	84	60	34	27	22	18	15	15	11	9	6	5	3	2	2	2	2	2	2	2	1	1	
220	120	82	47	32	24	20	16	16	12	9	6	5	3	2	2	2	2	2	2	2	1	1	1	
223	117	57	40	32	27	22	22	17	11	8	7	4	3	3	3	3	3	3	3	2	2	2	2	
214	102	65	42	33	29	28	21	15	12	10	6	5	5	5	5	5	5	5	4	4	4	4	4	
178	101	61	45	36	32	23	16	12	10	6	5	5	5	5	5	5	5	4	4	4	4	4	3	
220	121	79	57	46	32	22	16	13	8	7	6	6	6	6	6	6	5	5	5	5	5	4	3	
240	135	83	56	40	29	22	16	10	8	7	7	7	7	7	7	6	6	6	6	6	4	3	3	
242	126	79	55	38	28	21	13	10	9	9	9	9	9	9	8	8	7	7	7	5	4	4	3	
246	137	84	54	42	29	19	14	12	12	11	10	10	10	8	8	7	7	7	5	4	4	3	3	
239	125	80	57	38	22	17	14	14	12	11	11	11	9	9	8	8	8	6	5	5	4	4	4	
226	126	86	61	39	28	19	19	16	14	14	14	12	12	11	10	9	7	6	6	5	5	5	5	
229	119	81	52	37	25	23	19	17	16	14	12	12	11	10	9	7	6	6	5	5	5	5	5	
220	127	83	54	36	29	23	19	18	15	12	12	11	10	9	7	6	6	5	5	5	5	5	4	
236	123	77	50	40	29	24	23	20	15	14	13	11	10	8	6	6	5	5	5	5	5	4	4	
227	130	77	55	39	30	29	23	18	17	14	12	11	8	6	6	5	5	5	5	5	4	4	4	
225	106	67	48	34	33	26	21	20	15	13	12	9	7	7	6	6	6	6	6	5	5	5	5	
222	110	71	49	44	35	26	24	19	16	15	11	9	9	7	7	7	7	7	6	6	6	6	6	
223	120	77	63	49	39	35	29	24	22	18	14	14	12	12	10	10	9	8	8	8	8	8	7	
217	114	81	60	43	38	32	27	25	21	17	17	15	14	11	11	9	8	8	8	8	8	7	7	
215	132	85	58	51	41	35	31	26	21	19	17	16	13	13	11	10	9	9	9	9	7	7	7	
253	136	81	62	51	39	36	31	25	22	20	19	16	16	14	12	10	10	10	10	8	8	8	8	
236	119	81	67	53	47	38	30	27	25	24	20	17	15	13	10	9	9	9	8	8	8	8	7	
209	118	91	67	57	45	37	32	30	29	25	22	20	18	13	12	12	12	11	11	11	10	8	7	
236	150	107	85	65	49	43	41	40	36	29	27	25	19	17	15	15	13	13	12	11	9	8	8	
262	153	113	81	57	50	44	43	38	30	28	25	19	16	14	14	12	12	11	10	8	7	7	6	
235	151	104	73	60	49	48	42	34	31	27	21	18	16	16	13	13	12	11	9	8	8	7	7	
249	145	92	66	54	52	45	37	31	27	21	18	16	16	13	13	12	11	9	8	8	7	7	6	
249	142	93	72	66	55	45	37	29	23	20	18	18	15	15	13	12	10	9	9	8	8	7	5	
240	133	94	82	70	55	45	36	27	21	19	19	16	16	14	13	11	10	10	9	9	8	6	5	
230	138	114	93	72	56	44	29	22	20	19	16	16	14	13	11	10	10	9	9	8	6	5	4	
255	164	118	86	65	49	34	26	24	22	18	18	15	14	12	11	10	9	9	8	6	5	4	3	
259	159	108	75	54	38	29	27	25	20	19	16	15	13	12	11	10	10	9	7	7	6	5	5	
291	161	103	69	52	39	35	32	26	25	21	20	16	15	13	12	12	10	8	7	6	5	5	5	
250	139	83	60	44	37	33	27	26	22	21	17	16	14	13	13	11	9	8	7	6	6	6	6	
251	136	88	60	47	40	32	30	26	25	19	18	15	14	14	12	10	9	8	7	7	7	7	7	
259	147	87	66	53	42	36	31	30	21	18	15	14	14	12	10	9	8	7	7	7	7	7	7	
277	147	98	73	54	45	38	37	26	23	19	18	18	14	12	11	10	9	9	9	9	9	8	7	
278	143	94	66	56	46	44	33	30	23	22	21	16	14	13	12	11	11	11	11	11	10	9	8	
268	159	100	70	57	54	41	35	28	26	25	20	17	16	15	14	14	14	14	14	13	11	10	10	
300	164	98	78	69	49	40	32	28	27	22	19	18	17	16	16	16	16	15	14	12	11	11	11	
285	152	105	80	56	44	34	30	29	23	21	20	19	18	18	18	18	17	16	14	13	13	13	12	
271	166	116	79	62	48	41	35	28	25	24	23	22	22	22	20	18	17	15	14	14	14	13	11	
304	182	117	82	60	49	41	33	29	28	26	25	25	25	23	21	20	18	17	17	17	16	14	13	
323	182	112	80	63	53	41	34	31	28	26	26	26	24	22	21	19	17	17	17	16	14	13	12	
300	149	99	72	59	47	38	33	30	27	26	26	24	22	21	19	17	17	17	16	14	13	12	10	
268	143	92	73	54	43	37	34	30	28	28	26	23	22	20	18	18	17	16	14	13	12	10	8	
260	141	101	67	52	45	42	35	32	31	28	25	24	22	20	20	19	18	16	15	13	11	8	7	
264	150	90	66	54	49	41	35	33	30	25	24	22	20	20	19	18	16	15	13	11	8	7	7	
280	140	94	72	64	52	43	38	35	29	26	24	22	21	20	19	17	16	14	12	9	8	8	8	
257	137	99	80	66	55	46	43	37	33	31	28	26	24	23	21	19	17	14	11	10	9	9	8	
280	151	106	84	69	59	54	47	39	32	29	26	24	23	21	19	17	14	11	10	9	9	8	7	
292	164	118	92	77	69	59	48	38	33	29	26	25	23	21	19	16	13	12	10	10	8	7	6	
273	170	125	99	86	66	54	45	37	33	29	28	26	24	21	18	15	14	12	12	10	9	8	7	
295	188	138	111	87	71	55	45	39	35	31	29	27	23	20	17	15	13	13	11	10	9	8	7	
301	207	158	111	92	72	54	47	41	34	32	28	24	21	17	15	13	13	11	10	9	8	7	7	
333	207	147	112	87	64	54	47	41	38	34	28	25	20	18	16	16	14	12	11	9	8	8	8	
321	194	137	104	73	63	56	48	44	39	33	30	24	22	19	19	17	15	14	12	10	10	10	8	
318	192	134	88	76	67	57	52	46	40	36	30	28	26	26	24	22	21	18	15	15	15	13	13	
320	188	119	94	83	72	65	59	53	45	36	33	29	29	27	24	23	20	17	17	17	15	15	14	
316	182	132	106	92	78	71	64	57	46	37	32	32	30	27	26	23	20	19	19	17	17	16	13	
325	190	144	122	103	94	82	72	58	47	36	35	32	28	27	24	21	20	20	17	17	16	13	13	
305	197	153	124	110	95	85	70	59	46	42	39	33	32	29	25	23	23	19	19	18	15	15	13	
324	224	171	150	126	110	92	80	65	55	51	45	43	39	34	31	30	25	25	23	19	17	15	15	
326	218	176	146	123	104	90	74	62	54	48	45	41	36	33	31	26	26	23	19	17	15	15	12	
317	222	172	142	119	103	86	69	60	53	49	44	39	36	33	28	28	25	21	19	17	17	13	12	
344	230	176	146	124	97	75	65	58	53	48	41	37	34	29	29	26	22	20	18	17	13	12	12	
337	222	171	135	105	79	68	61	57	52	45	39	36	31	31	28	24	22	20	19	15	13	13	10	
323	222	168	126	97	80	69	65	60	51	45	41	35	35	32	29	26	24	22	18	16	16	13	10	
332	223	166	122	94	83	77	71	62	54	50	43	43	40	37	34	31	29	25	23	22	19	16	15	
333	220	154	121	105	100	88	76	68	62	55	52	48	44	41	36	33	28	25	24	21	18	17	17	
327	207	158	130	116	103	87	78	72	64	61	56	51	48	42	39	33	29	28	26	21	20	20	20	
340	226	175	154	134	108	99	92	81	78	71	65	62	56	53	46	38	37	33	27	26	26	26	24	
329	229	185	161	131	120	108	96	93	86	78	74	68	61	52	43	42	37	30	29	29	29	26	24	
351	237	197	156	140	126	111	107	100	90	86	79	72	63	54	51	39	30	29	29	29	26	24	23	
362	253	185	160	142	125	119	110	99	93	85	78	69	60	55	43	33	32	32	31	27	24	23	23	
372	246	199	165	143	131	120	108	98	91	83	72	62	56	43	33	32	32	31	27	24	23	23	23	
365	251	196	162	144	128	115	104	97	88	75	64	58	44	34	33	33	32	28	25	24	24	24	24	
364	243	194	166	145	127	113	103	93	80	69	63	49	39	38	38	36	32	29	28	28	28	27	27	
355	256	200	169	148	133	118	104	90	77	69	54	43	42	42	39	34	31	30	29	28	28	27	24	
362	249	204	174	151	134	119	103	86	76	59	46	42	42	39	34	31	30	29	28	28	27	24	22	
378	273	226	194	166	148	127	101	89	69	55	50	49	45	39	36	35	32	31	31	29	25	23	20	
397	288	234	200	179	149	121	103	79	62	57	55	49	43	39	38	35	34	33	30	25	23	20	20	
402	286	234	199	167	133	110	82	64	58	55	49	43	39	38	35	34	33	30	25	23	20	20	19	
396	282	224	184	147	120	87	68	62	59	53	45	41	40	37	36	35	32	26	24	21	21	20	20	
383	265	208	161	131	96	75	67	64	56	48	43	40	37	36	35	32	26	24	21	21	20	20	20	
389	262	197	151	109	87	77	71	60	52	47	43	39	37	36	33	27	24	21	21	20	20	20	20	
380	250	191	135	104	91	81	68	59	53	48	43	41	39	36	30	26	23	23	22	22	22	22	22	
383	250	171	123	107	91	75	65	58	53	46	44	42	38	32	27	24	24	23	23	23	23	23	22	
388	244	162	129	108	92	78	67	61	54	49	44	40	34	29	26	26	25	25	25	24	24	23	21	
366	217	170	138	112	94	83	76	65	58	52	47	40	34	30	30	27	27	26	25	25	24	22	22	
345	229	169	134	113	99	92	76	67	54	49	42	36	32	32	29	28	27	26	26	25	23	23	22	
360	228	176	148	129	118	99	89	73	63	52	43	38	37	34	32	31	30	30	28	26	26	24	23	
374	251	192	164	147	123	109	89	78	60	49	43	42	39	37	34	33	33	30	28	28	26	25	23	
374	266	219	184	143	127	106	92	72	57	51	50	45	43	39	38	38	35	32	32	30	29	26	26	
384	282	227	176	151	124	107	84	67	60	58	53	50	46	45	44	40	36	36	34	32	29	29	29	
401	289	217	178	145	123	97	76	70	64	59	56	53	51	49	45	41	40	38	36	33	33	33	30	
413	279	217	168	137	110	86	77	70	63	60	57	54	52	48	44	42	39	37	34	34	34	31	27	
417	299	223	176	134	101	87	78	68	65	62	57	53	49	45	43	40	38	35	35	35	32	28	25	
412	276	209	152	113	97	87	73	68	65	60	55	51	47	45	42	40	37	37	37	33	29	26	25	
418	274	191	144	118	106	88	79	76	69	63	59	55	52	49	47	43	43	43	39	35	31	29	28	
407	248	174	142	124	102	87	83	75	68	63	59	56	53	51	46	46	46	42	37	34	32	31	30	
385	241	179	152	118	98	93	86	78	71	67	63	60	58	53	53	52	47	42	39	36	34	33	32	
366	231	187	143	115	106	96	85	77	70	65	62	60	54	54	53	48	43	40	37	35	34	33	33	
385	268	189	142	129	117	100	89	81	74	70	66	60	57	55	49	43	41	38	36	34	33	33	32	
441	281	200	177	150	120	108	98	87	79	75	67	64	61	55	48	45	42	39	37	35	34	33	33	
410	255	213	173	141	125	111	98	89	85	75	72	69	62	55	51	47	43	41	39	38	37	37	36	
373	274	214	166	141	125	110	100	94	83	79	76	66	58	53	49	45	43	41	39	38	38	37	35	
397	265	192	156	137	121	109	101	90	86	81	71	62	57	51	45	43	41	39	38	38	37	35	30	
465	294	222	173	152	136	121	110	106	97	85	74	68	62	55	53	50	48	47	46	45	41	36	36	
428	286	219	181	159	139	126	118	107	94	82	75	68	61	59	55	53	51	50	48	44	38	38	36	
422	282	212	184	156	138	130	117	104	91	85	78	71	69	61	59	56	54	52	48	42	41	39	39	
445	284	231	187	158	144	127	114	99	93	85	78	75	67	64	61	59	57	53	47	45	43	43	42	
437	294	228	185	165	147	132	117	110	101	93	88	78	73	70	67	65	61	55	53	50	50	49	48	
442	303	241	202	174	155	135	124	113	103	98	86	80	77	74	72	68	62	60	56	55	53	52	47	
450	306	240	200	178	150	137	121	111	103	89	85	82	78	76	70	64	62	58	57	54	53	48	46	
451	302	239	205	174	154	135	123	114	99	92	87	83	81	74	68	66	62	61	58	57	51	49	47	
451	313	248	199	173	152	139	128	111	103	96	92	89	82	76	74	70	69	66	65	59	57	55	52	
476	322	245	214	185	166	151	133	121	113	108	104	95	89	85	81	80	77	74	67	63	60	54	50	
492	330	268	223	194	175	153	138	129	123	118	106	98	94	90	88	85	81	74	69	66	60	56	52	
500	346	269	231	202	175	155	145	138	133	118	110	105	99	96	90	86	79	73	70	62	58	53	46	
495	329	272	230	194	171	160	152	142	125	114	109	103	99	95	89	81	74	71	63	59	54	47	46	
507	357	288	237	204	185	174	159	139	127	122	115	108	102	97	88	80	76	68	64	59	51	50	47	
516	364	285	238	213	197	178	155	141	135	125	118	111	105	94	85	81	73	69	64	56	52	48	44	
536	389	290	247	226	205	178	159	152	140	130	123	115	102	92	88	80	75	70	62	58	53	47	44	
537	361	295	259	227	194	173	162	148	137	129	119	106	96	92	84	78	73	65	61	56	50	47	40	
519	358	291	253	217	190	173	159	148	138	124	111	100	95	87	80	74	66	62	57	50	47	40	40	
492	363	295	248	212	193	176	161	148	134	120	108	103	95	87	81	73	68	63	56	53	43	42	40	
530	364	295	239	212	193	176	161	146	131	118	112	103	94	87	78	73	66	59	56	45	44	41	35	
523	379	297	249	218	195	170	154	137	123	116	107	95	89	80	75	68	60	57	46	45	42	36	35	
504	367	290	242	215	189	168	149	134	125	114	102	94	85	80	72	64	60	49	47	44	39	38	33	
522	364	288	245	209	185	164	147	136	124	111	103	94	89	80	70	64	53	51	48	41	40	35	34	
525	360	292	242	200	176	156	143	128	115	108	98	93	84	73	67	56	54	51	43	41	36	35	32	
515	358	284	232	198	174	158	142	129	117	106	101	92	77	71	60	58	55	47	45	40	39	36	33	
525	355	280	231	200	177	156	142	131	117	109	101	85	78	67	65	61	52	50	44	42	38	35	34	
518	350	277	224	187	165	151	137	123	115	107	90	83	71	69	65	56	51	45	43	39	36	35	35	
477	339	263	217	186	171	154	134	125	116	99	92	76	72	67	58	53	47	45	40	37	36	36	36	
493	343	277	231	205	183	160	148	136	118	106	88	83	78	68	61	55	53	48	44	43	43	43	38	
484	353	288	244	215	183	165	149	128	115	98	93	86	77	69	63	60	54	49	48	48	48	43	41	
478	340	276	235	201	176	159	134	120	101	96	89	79	71	64	61	55	50	48	48	47	42	40	39	
478	346	286	235	204	182	149	133	114	109	98	88	80	73	70	63	56	54	53	52	46	44	43	41	
499	359	288	240	210	172	152	131	124	111	99	88	81	77	69	62	60	59	58	52	50	48	45	42	
520	365	289	245	201	176	155	144	129	116	99	91	87	79	71	67	66	64	56	54	51	48	45	42	
519	364	299	240	204	179	165	146	130	111	102	96	88	80	75	74	70	62	60	57	54	51	48	44	
539	388	296	243	208	186	163	147	126	117	109	99	91	85	83	79	71	68	64	61	56	53	49	45	
535	373	292	244	211	180	157	135	126	115	105	96	90	86	82	73	70	66	62	57	54	50	46	44	
538	370	292	236	202	172	145	136	122	112	102	96	92	88	77	74	70	66	61	58	53	49	47	45	
553	372	275	228	187	155	142	129	118	105	99	95	91	80	77	73	69	64	61	56	52	49	46	44	
529	347	276	224	181	163	144	129	115	107	102	98	87	82	78	74	68	65	59	54	51	48	46	42	
483	342	257	202	176	154	139	124	114	109	104	93	87	81	76	69	66	60	55	52	49	46	42	39	
480	326	241	201	174	157	141	128	121	115	103	97	88	83	76	71	65	60	57	54	51	46	43	39	
474	312	242	207	182	162	146	136	127	114	106	96	90	83	77	70	65	62	59	56	50	46	42	40	
466	304	241	205	183	163	149	139	121	111	99	93	86	80	72	67	64	61	58	52	48	44	42	37	
459	323	266	228	195	177	162	141	127	113	106	96	90	81	75	72	67	64	59	52	47	45	39	38	
510	359	302	241	206	180	154	138	124	117	107	101	91	85	82	76	73	66	59	54	51	43	42	42	
542	398	294	244	211	181	157	141	133	122	112	99	90	87	80	77	69	61	56	53	43	42	42	41	
610	400	306	260	218	181	155	144	130	119	106	95	92	85	82	74	65	58	55	45	43	43	42	38	
556	395	318	258	209	179	160	144	131	116	102	97	90	86	78	69	61	58	48	45	45	44	40	40	
567	406	309	239	198	177	160	142	125	109	102	95	91	82	72	64	61	51	48	48	46	42	42	36	
579	400	294	239	207	182	161	141	125	116	108	102	92	82	72	69	58	55	55	51	47	47	41	39	
558	369	285	235	201	172	148	130	118	109	103	93	83	73	70	59	56	56	52	48	48	42	39	38	
537	377	293	246	207	179	158	142	130	119	103	93	82	78	67	63	63	59	55	55	49	46	44	42	
581	416	324	264	224	187	168	152	138	119	104	90	83	71	67	67	62	58	58	52	49	47	45	41	
602	412	319	265	221	193	172	152	133	115	100	91	78	73	72	66	62	62	56	53	51	49	45	45	
563	394	308	254	215	188	167	146	125	109	100	85	79	77	69	65	65	59	56	54	52	48	48	45	
566	396	311	259	220	192	162	137	119	110	92	83	81	73	69	69	62	59	56	54	50	50	47	45	
554	392	317	257	218	182	153	134	122	101	92	90	80	76	74	67	63	60	58	54	54	51	49	46	
561	398	305	251	209	172	149	134	112	102	100	89	84	81	74	69	66	63	59	59	55	52	49	45	
555	387	303	245	198	171	155	128	117	114	100	95	92	84	79	76	72	66	66	61	57	54	48	39	
532	374	297	233	199	176	144	132	126	112	103	99	90	85	81	77	71	71	65	61	58	51	41	31	
545	384	285	237	206	167	150	142	126	115	108	98	91	86	81	75	75	68	63	59	52	42	32	25	
543	357	280	236	187	167	155	136	123	116	106	98	92	86	79	79	71	65	61	54	44	33	25	22	
530	364	290	226	197	178	156	139	129	117	107	100	92	85	84	76	70	66	59	48	37	28	25	20	
545	390	284	243	216	187	163	147	132	120	110	101	94	92	82	76	72	64	52	40	31	28	23	20	
580	371	295	256	211	184	166	148	132	120	109	101	99	89	82	76	67	55	42	31	28	23	20	14	
525	388	316	258	217	193	172	154	138	125	115	111	100	92	86	76	62	48	35	32	27	23	15	14	
552	408	309	251	224	198	177	157	142	132	126	111	98	92	81	66	51	38	35	30	26	17	16	12	
579	385	303	262	225	202	176	159	147	139	121	107	101	88	72	56	42	39	34	28	18	17	12	8	
558	395	317	263	231	198	178	164	155	137	121	111	98	77	60	45	42	36	29	19	18	13	9	7	
565	405	319	266	227	198	180	170	150	131	121	103	79	60	45	42	36	29	19	18	13	9	7	5	
601	410	328	276	233	209	192	168	147	131	109	83	64	48	44	37	30	20	19	14	9	7	5	4	
592	423	340	286	251	222	193	170	149	125	97	74	55	51	43	36	25	24	20	14	12	8	7	4	
608	436	351	305	260	224	193	167	140	107	82	61	57	48	41	30	29	23	17	15	10	9	4	3	
622	433	357	296	254	215	184	156	120	93	67	63	53	45	34	33	26	20	17	12	11	6	5	4	
593	444	345	287	241	198	169	128	99	70	66	55	47	36	35	27	21	17	12	11	6	5	4	3	
599	425	343	287	231	192	145	110	77	73	60	51	39	38	30	24	19	14	13	8	7	5	4	4	
598	434	345	276	224	169	126	90	86	70	59	47	45	36	30	25	19	18	12	11	8	7	7	7	
612	446	338	266	193	142	101	95	79	66	54	52	43	36	31	25	24	18	15	12	9	8	7	7	
645	437	326	238	170	115	104	87	72	60	57	47	39	34	28	27	21	18	14	11	9	8	8	5	
592	398	289	207	137	117	97	79	67	63	51	43	37	31	30	24	21	15	11	9	8	8	5	5	
579	375	263	168	137	114	94	80	74	59	50	43	35	33	27	24	18	13	11	10	10	6	5	3	
553	357	216	160	135	111	94	86	69	60	51	42	39	33	29	23	18	16	14	14	10	9	7	5	
594	332	241	199	159	132	114	92	77	65	53	50	42	38	31	25	23	20	20	15	13	11	8	6	
525	351	279	221	182	160	130	109	91	77	74	64	59	50	44	41	38	36	31	28	26	23	21	20	
564	408	318	253	217	177	146	124	106	99	87	77	68	60	55	51	48	41	37	35	31	28	26	22	
638	457	366	305	248	211	186	161	149	129	115	100	88	83	77	72	64	59	56	52	46	43	39	37	
640	468	372	293	245	214	183	169	147	131	115	99	94	88	83	73	67	64	59	53	50	46	43	36	
637	464	347	291	245	207	187	164	148	131	115	107	100	95	84	77	73	68	61	57	52	48	41	38	
647	444	355	298	248	223	194	171	150	134	124	115	110	99	90	85	77	70	64	58	53	45	42	41	
639	476	375	303	267	231	203	177	159	142	131	124	109	99	93	84	76	69	63	57	49	44	43	40	
667	461	357	300	258	226	197	176	158	145	136	119	109	102	93	84	76	70	63	54	48	47	44	41	
650	459	363	300	257	222	197	173	159	149	132	120	111	101	92	82	74	66	57	50	48	45	42	39	
621	437	343	289	251	223	194	175	164	144	129	119	109	99	89	81	73	64	57	53	50	47	44	42	
620	440	342	288	253	215	192	178	157	140	128	117	106	96	88	80	71	64	60	55	52	49	47	44	
628	432	347	298	251	219	195	169	151	139	127	116	104	96	84	75	68	64	59	56	53	51	48	45	
609	439	362	303	258	227	198	174	159	143	130	117	107	93	83	76	71	65	62	58	56	53	50	44	
615	463	372	309	265	224	197	175	156	143	130	118	104	94	86	81	73	69	65	63	60	55	49	44	
684	476	375	313	264	232	205	179	162	144	131	115	105	96	89	81	76	71	69	66	60	53	48	42	
681	473	367	305	268	232	198	177	159	144	126	116	108	101	93	86	79	76	73	66	58	52	46	37	
683	482	381	326	277	231	206	184	168	146	133	124	114	105	97	88	84	81	74	66	60	52	42	40	
660	470	385	319	261	231	205	188	165	147	136	125	115	104	95	90	86	79	71	65	57	45	43	43	
654	492	386	301	262	233	211	185	165	153	141	126	115	104	99	95	88	79	72	62	49	47	46	44	
678	495	372	312	270	242	209	186	172	156	137	127	114	108	102	94	85	77	67	53	51	50	47	45	
697	471	385	321	277	241	214	196	177	155	141	128	122	115	106	97	88	77	63	61	59	55	53	50	
659	485	381	317	269	232	207	183	159	144	131	125	117	108	99	90	79	65	63	61	57	55	52	49	
700	494	382	316	266	235	201	176	159	144	137	129	118	107	97	85	69	66	64	60	58	54	51	51	
682	484	383	316	270	229	192	173	156	149	140	127	114	102	89	71	68	66	62	60	56	52	52	51	
662	483	388	312	251	209	187	169	160	148	132	119	108	93	74	70	67	62	60	56	52	52	51	48	
685	494	383	298	246	214	192	180	164	145	131	118	102	83	78	74	68	66	60	55	55	54	49	45	
656	463	346	282	241	207	194	177	157	142	126	108	88	83	78	72	69	61	56	55	54	49	45	44	
666	452	344	284	241	223	200	175	155	139	120	98	90	83	77	74	65	60	59	58	53	49	47	43	
625	439	344	283	254	225	191	165	148	125	102	92	84	77	73	66	61	60	59	54	50	48	44	38	
623	423	334	289	254	214	183	161	136	111	100	91	83	78	70	65	63	62	57	53	50	46	40	35	
610	429	343	290	241	201	172	143	114	103	94	86	81	73	67	64	63	58	54	51	47	41	36	33	
628	442	357	280	226	191	159	128	113	102	94	88	80	72	68	67	61	57	54	49	43	38	35	27	
679	473	350	275	222	180	144	126	114	105	97	89	81	75	71	65	61	58	53	46	41	37	29	26	
699	465	352	281	223	177	147	132	120	109	100	91	81	77	69	64	61	56	49	44	40	32	29	25	
664	454	341	266	201	166	147	133	118	106	96	84	80	72	67	64	58	51	46	41	33	30	26	23	
658	453	324	233	189	165	148	133	120	107	94	89	81	74	70	64	57	52	45	37	32	28	24	22	
658	423	289	225	187	169	150	134	121	107	100	90	83	77	70	63	57	50	42	37	33	29	25	24	
626	397	291	234	209	183	161	145	128	119	107	94	87	80	73	66	59	49	44	39	35	29	28	25	
584	370	283	251	217	191	168	146	136	123	108	98	90	82	75	67	56	51	46	41	35	34	31	27	
579	379	305	251	219	192	167	153	134	118	105	97	87	78	70	58	53	48	43	37	36	33	29	27	
561	399	309	259	224	191	171	150	131	118	108	96	87	78	65	59	53	48	42	41	38	34	32	27	
613	411	322	273	223	197	173	152	139	128	115	104	94	77	69	60	55	49	48	44	40	38	32	28	
599	415	328	260	228	194	164	149	137	122	109	100	82	73	64	59	53	52	48	43	41	35	31	31	
625	409	314	265	220	184	168	156	136	119	108	90	81	72	67	61	60	56	51	49	43	38	38	33	
636	431	343	277	220	195	180	158	136	123	100	91	81	76	69	68	64	59	57	51	46	44	39	36	
634	433	339	263	228	199	175	151	137	113	100	88	81	74	71	67	61	59	53	48	46	41	38	33	
648	451	321	275	235	203	176	157	129	115	101	92	85	82	77	70	67	60	55	52	47	44	38	38	
663	415	333	274	231	201	180	151	135	120	110	100	95	89	81	75	67	61	57	51	48	42	42	42	
614	432	345	284	242	214	180	155	139	127	115	109	101	90	82	73	65	61	53	50	43	43	43	41	
643	450	352	294	252	209	179	161	146	132	122	114	101	93	84	74	70	59	55	47	47	45	42	39	
642	442	353	291	238	203	183	163	145	133	123	109	100	91	81	76	64	59	50	50	48	45	42	38	
635	442	358	282	236	211	188	165	146	132	113	105	96	85	80	68	62	53	53	50	47	44	39	34	
645	448	336	279	239	210	184	157	140	120	112	101	90	85	72	66	54	54	51	48	45	40	35	32	
656	444	335	277	234	195	167	146	123	115	102	91	86	72	66	54	54	51	48	45	40	35	32	28	
632	433	340	275	232	199	168	142	129	114	100	91	75	69	57	57	53	50	47	42	37	34	30	29	
616	446	344	283	228	188	155	139	123	107	97	79	71	59	59	56	53	49	44	39	36	32	31	28	
638	437	341	266	212	171	153	134	115	103	84	75	62	61	57	54	50	45	40	37	33	32	29	26	
643	434	330	249	201	180	153	132	116	95	86	70	68	60	57	53	48	43	39	35	34	30	27	26	
616	419	301	234	200	165	143	124	101	91	74	72	64	61	55	50	45	41	37	36	31	28	27	26	
617	410	304	234	190	159	139	113	102	82	79	70	67	61	55	48	43	38	36	31	28	27	26	26	
591	385	284	226	183	160	131	114	93	89	77	74	66	60	53	47	41	39	34	31	29	26	26	26	
571	362	267	215	180	144	125	102	99	84	80	72	65	58	52	46	43	37	34	31	28	28	28	28	
525	351	257	206	166	144	118	111	95	90	82	75	68	61	54	48	42	39	36	33	32	32	31	27	
532	325	251	196	162	132	122	106	99	91	83	75	66	58	52	44	40	37	34	33	33	32	28	22	
503	342	245	190	153	137	117	110	101	91	83	72	63	56	48	44	41	38	37	37	36	30	24	22	
534	335	240	189	164	140	130	117	104	96	84	73	64	54	48	44	41	40	40	39	33	27	25	20	
519	326	245	206	171	152	138	118	108	95	83	73	63	56	51	46	45	45	43	37	31	29	23	18	
510	344	268	212	183	155	132	119	104	91	81	71	63	57	52	51	51	49	41	34	32	26	21	15	
526	360	276	225	192	165	148	129	111	100	87	78	71	65	64	63	61	52	42	37	31	26	20	15	
564	376	285	234	189	163	139	118	105	93	84	77	71	69	67	65	56	46	40	33	28	21	16	12	
540	363	282	219	185	156	129	115	101	90	83	75	73	71	69	58	48	41	34	29	22	17	13	11	
549	379	276	227	188	154	134	116	103	93	83	79	75	72	61	49	42	34	29	22	17	13	11	10	
564	358	278	222	180	152	129	113	100	90	85	81	76	66	55	47	39	33	26	21	17	15	14	13	
553	378	288	232	191	159	139	122	110	101	92	87	73	59	51	43	37	30	23	18	16	15	14	14	
560	378	286	225	185	159	140	124	113	102	97	83	68	60	52	46	38	30	24	22	21	19	19	18	
569	365	273	219	185	160	142	129	115	108	94	78	68	59	53	42	32	26	24	23	21	21	20	20	
555	371	277	225	185	162	148	131	119	105	88	75	64	58	46	35	29	25	24	21	21	20	20	19	
564	365	280	225	194	172	148	133	117	97	83	70	62	48	37	31	27	25	22	22	21	21	20	20	
530	366	281	240	207	172	154	137	115	98	84	72	57	44	37	32	27	25	25	24	24	23	23	19	
540	371	295	244	201	171	151	124	105	91	76	61	47	40	35	30	28	28	27	26	25	25	21	21	
567	386	298	245	199	169	139	117	102	84	69	54	46	41	35	31	31	29	28	27	26	22	22	22	
572	371	290	232	192	158	134	114	94	76	58	50	44	38	34	33	31	29	28	27	23	23	23	21	
562	387	292	239	192	158	136	111	89	68	57	49	43	38	36	34	31	30	28	24	23	23	21	20	
557	364	281	219	174	145	119	95	72	61	52	44	37	35	33	30	29	28	24	23	23	21	20	20	
531	360	272	211	174	141	110	84	68	57	48	42	40	37	34	33	31	27	26	26	23	22	22	22	
515	347	261	211	168	127	97	79	67	58	49	45	40	36	34	32	28	27	26	23	22	22	22	20	
522	344	260	194	146	113	90	78	67	57	52	45	41	39	37	33	32	31	28	27	27	27	24	23	
542	362	253	185	141	112	97	80	70	65	57	52	49	47	43	41	39	36	35	35	35	31	30	29	
560	346	252	182	135	110	89	76	71	63	57	53	49	45	42	40	37	36	36	36	32	31	30	29	
537	346	233	167	135	105	87	79	68	62	58	53	49	44	42	38	37	37	37	33	32	31	30	28	
564	336	232	174	136	107	97	82	73	68	59	54	48	45	41	40	40	39	35	34	33	32	30	28	
485	302	215	159	128	112	93	82	73	62	56	48	45	41	40	40	39	35	34	33	32	30	28	27	
482	301	215	169	142	112	98	83	72	63	53	50	45	43	43	41	37	36	35	33	31	29	28	27	
501	314	238	188	143	120	100	84	72	61	58	53	50	50	48	44	43	42	40	37	35	34	33	31	
509	326	238	180	150	126	105	88	71	66	60	57	56	53	49	48	47	44	41	38	35	34	32	32	
511	332	228	183	153	127	104	85	77	70	65	63	60	55	54	53	50	47	44	41	39	37	37	36	
521	311	234	180	145	118	94	85	76	71	69	66	60	59	57	54	51	47	44	42	40	39	37	35	
484	292	214	168	133	107	95	83	76	73	70	63	62	60	57	53	48	45	43	41	40	38	35	32	
476	297	217	163	132	117	100	90	82	78	70	68	64	61	57	51	48	45	42	41	39	36	33	32	
491	295	206	159	135	114	100	91	86	78	74	69	65	60	53	50	47	44	43	40	37	34	33	32	
489	284	195	156	130	113	103	99	88	85	79	73	68	59	56	52	49	48	43	39	36	35	34	32	
439	264	190	156	133	118	111	98	93	86	79	73	64	60	56	52	51	46	41	38	37	36	34	33	
435	263	199	163	136	124	107	101	94	85	78	67	63	58	54	52	47	42	39	37	36	34	33	30	
445	282	206	167	145	122	111	103	92	83	72	67	62	58	56	50	45	42	40	39	37	34	31	28	
419	266	203	173	145	128	118	102	90	78	72	67	63	60	54	49	45	42	41	39	35	32	29	27	
425	281	220	176	150	134	114	102	88	81	75	71	67	61	56	52	48	43	41	37	34	31	29	27	
430	311	233	187	159	134	118	98	89	81	77	72	65	58	53	49	43	41	37	34	31	29	27	25	
467	309	236	192	161	135	110	100	90	86	80	72	65	58	54	48	46	42	38	35	31	29	27	27	
475	329	247	197	163	134	122	106	100	90	81	74	66	60	52	48	43	39	36	32	30	28	28	25	
513	344	252	203	163	146	121	113	100	90	81	71	66	57	53	48	44	40	35	34	32	32	29	27	
525	353	258	197	171	138	127	110	99	90	80	73	63	58	53	49	44	39	38	36	34	31	28	26	
518	345	251	212	167	151	129	113	101	88	80	69	63	58	52	47	41	40	37	35	32	29	27	24	
500	309	244	188	170	139	122	110	96	86	75	69	63	57	51	45	43	40	38	34	31	28	24	24	
495	334	246	213	170	145	129	112	99	85	75	68	61	53	46	44	41	40	36	33	30	25	25	23	
501	338	267	209	170	143	121	105	91	79	70	61	54	47	44	41	39	35	32	29	24	24	23	20	
521	348	256	201	166	134	117	103	89	79	69	61	53	50	46	43	39	37	33	28	27	25	22	21	
500	335	252	197	161	136	115	99	89	77	67	58	55	49	46	40	38	34	29	27	25	22	21	18	
499	332	242	195	158	130	110	97	84	73	64	59	53	50	44	42	36	31	29	27	24	23	19	18	
