579	347	216	164	117	84	58	47	35	29	24	21	17	16	11	9	9	9	9	6	5	3	3	2	
607	359	243	167	122	87	68	50	40	33	27	23	21	13	12	11	11	11	8	7	5	5	4	4	
570	346	210	152	109	81	63	52	42	35	29	26	19	16	15	15	15	12	11	9	9	7	6	3	
572	326	227	154	114	86	68	58	48	40	35	25	22	21	20	20	16	15	12	12	10	9	6	6	
520	323	194	143	106	83	64	51	43	37	28	25	23	22	22	18	17	14	14	12	11	8	7	7	
539	305	204	146	111	86	71	60	53	41	36	29	26	26	21	19	17	17	15	14	10	9	8	6	
523	298	203	148	114	91	73	64	48	43	35	30	29	23	20	18	18	17	16	12	11	10	7	6	
520	327	227	171	138	108	83	64	55	46	39	37	30	25	21	20	18	17	13	12	10	7	6	5	
579	349	246	192	154	114	87	73	59	46	43	36	30	24	22	20	19	15	14	13	10	9	8	4	
559	362	259	206	153	118	93	76	60	52	44	36	31	27	22	21	17	15	13	10	9	8	4	3	
560	372	275	201	155	125	101	76	65	52	42	34	28	22	21	17	15	13	10	9	8	4	3	3	
585	386	272	201	156	128	95	82	65	52	41	35	29	26	22	20	18	15	15	13	9	8	7	6	
587	378	261	203	165	120	98	82	69	57	48	39	35	29	27	24	21	19	17	13	12	11	10	10	
579	368	265	211	149	123	99	79	67	56	45	41	34	32	29	25	23	20	16	14	12	11	10	8	
582	378	275	188	158	125	101	84	73	58	52	42	41	36	32	30	26	21	19	17	16	15	13	12	
601	386	234	186	146	118	99	83	68	62	48	46	40	34	32	27	23	21	19	18	17	15	14	14	
591	361	259	193	157	125	104	85	75	61	57	51	43	40	35	29	25	23	22	20	18	17	17	16	
566	374	249	197	151	127	104	88	72	67	61	51	47	42	36	31	29	28	26	23	20	20	19	16	
556	326	238	175	145	120	99	79	73	67	57	53	47	41	37	34	33	32	27	23	23	22	19	17	
544	354	245	189	151	124	97	86	77	68	63	55	48	43	40	38	36	31	27	24	23	20	18	13	
537	346	250	185	153	118	105	93	83	72	63	54	49	47	46	43	39	34	30	29	25	22	18	14	
573	352	254	195	150	130	110	99	86	75	66	61	59	57	54	50	44	41	39	34	30	27	23	17	
601	376	269	203	169	144	126	109	95	86	76	70	65	61	56	50	46	44	41	36	31	26	21	20	
579	372	267	211	180	159	135	116	103	91	84	79	76	70	60	53	52	49	45	40	34	28	26	25	
609	383	288	243	197	170	147	127	108	95	85	82	77	65	59	56	53	49	43	38	33	30	28	26	
635	410	320	262	226	192	165	140	124	111	105	94	81	73	69	65	61	51	46	38	33	32	30	28	
621	436	327	273	224	189	155	138	123	116	102	90	80	77	70	65	55	49	42	37	36	34	31	29	
669	450	346	270	225	185	163	141	129	113	100	89	85	77	70	61	53	46	42	39	38	33	30	30	
680	455	336	276	227	202	173	154	134	116	101	97	89	79	68	58	50	44	40	37	34	31	30	28	
673	447	346	282	248	214	186	160	138	120	112	101	89	75	64	54	49	44	43	38	35	34	31	25	
693	480	372	316	265	223	189	158	139	128	116	100	85	72	59	54	48	44	38	35	34	31	26	24	
732	514	405	327	271	227	183	161	148	130	115	99	85	71	65	54	50	41	37	37	33	29	26	20	
771	555	415	338	273	225	196	179	153	132	115	99	84	74	62	57	48	43	42	38	33	29	21	18	
777	530	415	335	270	234	208	173	146	124	107	89	79	67	61	50	44	44	40	33	30	23	19	17	
761	545	421	338	293	255	211	179	156	133	111	96	81	75	63	55	53	48	37	32	25	21	19	17	
796	566	417	353	304	249	203	178	153	123	105	88	79	69	61	56	50	39	33	27	23	20	18	16	
794	569	452	372	299	246	216	185	156	132	113	97	81	71	64	58	46	38	30	25	22	20	18	17	
791	582	457	362	288	246	212	173	142	122	102	86	75	68	60	48	40	32	26	23	21	19	18	18	
844	615	458	364	294	248	201	164	139	115	97	83	75	64	50	42	33	27	23	21	19	18	18	16	
859	595	435	346	292	233	190	160	133	111	91	82	71	55	46	37	31	25	22	21	20	20	18	17	
841	575	443	356	277	221	183	154	128	103	90	75	60	50	38	33	28	24	22	20	20	18	17	15	
818	578	434	330	263	222	177	146	116	105	89	72	61	47	40	35	30	28	24	24	22	22	18	18	
841	591	422	322	260	208	169	134	121	102	82	69	53	45	38	33	32	28	26	24	23	19	19	19	
833	571	416	324	246	201	157	139	115	89	75	58	46	39	34	32	28	26	24	23	19	19	19	17	
793	548	406	300	238	182	160	133	101	85	67	49	41	36	33	29	27	25	24	21	20	20	18	17	
811	535	383	297	221	182	150	115	98	74	56	46	38	34	30	28	26	25	22	21	21	19	18	14	
799	523	380	279	224	180	135	113	84	63	52	45	41	34	32	30	30	27	26	26	22	21	17	14	
796	518	356	277	222	160	126	92	71	57	47	42	35	34	32	32	29	28	28	24	23	19	15	14	
803	513	359	276	193	149	107	81	63	53	47	40	38	35	35	32	31	31	27	25	21	16	15	14	
772	495	346	240	178	128	99	78	66	59	51	48	44	44	41	38	37	31	28	24	19	18	17	16	
783	480	300	215	151	117	90	79	70	58	54	51	48	44	40	40	33	30	26	20	19	17	16	14	
765	433	290	191	146	110	97	83	67	62	55	52	48	44	43	36	33	28	23	21	19	18	16	15	
669	398	248	180	133	113	93	75	69	62	60	53	48	46	39	36	30	25	21	19	18	16	15	10	
660	365	242	172	140	116	91	80	70	67	59	54	51	44	39	31	26	21	19	18	16	15	10	9	
620	359	239	185	147	109	95	83	78	67	59	56	47	41	32	27	22	20	18	16	15	11	10	7	
578	327	226	173	127	108	94	88	74	66	61	52	47	37	31	24	22	20	18	16	13	12	9	8	
541	315	226	161	124	110	97	80	72	66	56	49	39	34	28	24	22	20	17	14	13	9	8	6	
536	314	209	157	130	115	96	82	74	63	55	44	39	32	26	24	22	19	17	15	10	9	7	6	
519	311	212	167	139	110	94	85	72	62	50	45	37	32	29	26	23	20	17	11	10	8	7	6	
537	319	231	180	137	110	96	82	72	60	55	47	40	37	31	28	25	22	15	14	12	11	9	9	
533	341	233	170	135	111	94	84	68	60	52	43	39	33	29	26	24	17	14	12	11	9	9	9	
601	346	230	174	143	117	102	82	72	64	53	48	41	36	33	30	23	18	16	14	11	11	11	11	
577	344	249	189	148	124	99	85	73	61	54	46	39	36	31	23	18	16	14	11	11	11	11	10	
569	341	242	180	151	114	93	76	64	58	50	40	37	32	25	20	17	15	12	12	11	11	10	8	
533	335	227	181	135	110	88	73	64	56	45	40	35	27	22	18	16	13	13	12	12	11	9	8	
522	309	220	162	128	98	82	70	60	50	45	40	32	25	20	16	13	13	12	12	11	9	8	6	
539	323	223	167	127	104	87	72	60	53	46	38	30	25	21	16	16	15	15	12	10	9	7	6	
499	302	206	156	124	100	82	69	59	50	42	33	27	23	17	17	16	16	13	11	10	7	6	6	
535	317	220	175	136	108	87	72	63	51	36	30	26	19	19	18	18	15	13	12	8	7	6	4	
532	317	230	178	142	118	95	82	63	46	39	30	21	21	20	19	16	14	13	9	8	6	4	3	
513	329	234	178	149	121	100	78	56	44	33	23	23	21	18	16	14	13	9	8	6	4	3	3	
516	326	235	190	145	121	88	61	47	36	24	23	20	17	15	13	12	9	8	6	4	3	3	2	
517	332	247	184	148	105	73	56	43	30	28	24	20	18	16	15	10	8	6	4	3	3	3	3	
510	345	255	195	143	102	74	54	39	34	30	23	20	17	16	10	8	6	4	3	3	3	3	2	
543	363	249	191	137	96	68	47	40	34	27	23	20	18	12	10	8	6	5	4	4	4	3	3	
563	346	255	176	117	85	59	49	41	31	25	24	20	14	12	9	7	5	4	4	4	3	3	3	
565	368	238	150	109	75	63	53	42	34	32	26	19	17	13	11	9	7	6	5	4	4	4	4	
578	350	223	162	99	82	65	53	41	39	32	23	20	15	13	10	7	6	5	4	4	4	4	4	
551	321	216	134	105	78	63	50	46	37	28	24	19	14	11	8	6	5	4	4	4	4	4	4	
531	313	186	139	106	78	58	52	42	32	27	21	16	13	10	8	6	5	5	5	5	5	5	2	
537	279	193	137	102	76	66	55	41	35	27	21	18	13	10	8	6	6	6	6	6	6	3	3	
476	282	182	134	96	82	67	51	42	32	26	22	15	12	9	7	7	7	7	7	7	3	3	3	
487	253	173	121	100	82	59	46	36	28	23	15	12	9	7	7	7	7	7	7	3	3	3	3	
431	250	166	125	98	71	58	43	32	26	17	14	10	8	7	7	7	7	7	3	3	3	3	3	
409	239	169	127	94	71	54	40	33	22	16	12	10	8	8	8	8	7	3	3	3	3	3	3	
418	242	163	108	79	63	46	37	24	19	14	12	9	9	9	9	8	3	3	3	3	3	3	3	
420	241	153	106	77	59	42	25	20	15	13	9	9	9	9	8	3	3	3	3	3	3	3	3	
420	226	135	94	72	55	33	26	20	15	11	10	10	9	8	3	3	3	3	3	3	3	3	3	
395	218	138	98	77	44	34	26	21	13	11	10	9	8	3	3	3	3	3	3	3	3	3	3	
389	214	138	103	62	42	32	26	16	13	12	11	9	4	4	4	3	3	3	3	3	3	3	3	
377	196	121	73	50	37	30	20	15	14	13	11	6	6	5	4	4	4	3	3	3	2	2	2	
373	212	112	71	58	47	28	20	16	15	13	6	6	6	5	5	5	4	4	3	3	3	3	1	
388	194	119	88	68	42	28	24	20	17	8	8	8	6	6	6	4	4	4	3	3	3	2	2	
355	194	128	94	57	37	30	26	21	7	7	7	5	5	5	3	3	3	3	3	3	2	2	2	
382	220	144	85	55	40	30	22	8	8	8	6	6	6	4	4	4	3	3	3	2	2	2	2	
370	224	130	81	61	44	32	14	13	12	9	7	6	4	3	3	3	3	3	2	2	2	2	2	
418	210	125	92	65	45	23	22	20	15	10	8	5	5	4	4	4	4	3	3	3	2	2	2	
377	200	137	99	68	38	32	27	19	13	11	6	6	6	4	4	4	3	3	3	2	2	2	2	
345	204	138	90	46	37	31	23	16	13	7	7	7	6	6	5	4	4	3	2	2	2	2	1	
321	199	126	63	49	39	28	19	16	9	8	8	7	6	6	5	4	3	2	2	2	2	1	1	
349	191	89	62	49	34	24	19	10	8	8	7	6	6	5	5	4	2	2	2	2	1	1	1	
307	124	81	63	42	31	23	12	8	8	7	6	6	5	5	4	3	3	2	2	1	1	1	1	
232	117	83	61	36	26	14	10	10	8	7	7	6	6	5	4	4	3	3	2	2	2	2	2	
334	208	136	79	51	27	22	21	18	17	17	15	15	12	10	9	6	5	4	4	3	3	3	3	
374	208	119	67	36	30	25	22	20	20	18	17	15	12	10	7	7	5	5	5	3	3	3	2	
425	201	95	53	38	29	27	23	23	21	18	16	14	12	8	8	6	6	5	3	3	2	2	2	
406	178	98	68	50	42	35	33	30	25	22	19	17	14	11	9	8	8	5	5	4	3	3	3	
359	170	102	69	57	47	43	39	34	32	28	25	21	18	15	12	12	9	8	6	6	6	5	4	
341	183	121	96	71	61	55	47	41	34	29	24	20	16	14	13	9	8	6	6	6	5	4	4	
452	253	154	115	96	83	67	58	50	43	39	31	27	25	23	18	15	12	10	8	5	3	3	3	
502	290	192	152	119	95	83	70	60	52	42	38	32	29	23	19	16	15	11	8	5	5	5	5	
487	270	197	147	110	94	77	66	58	48	41	35	32	25	19	16	13	10	7	4	4	4	4	4	
469	306	207	150	126	102	85	72	58	49	42	39	32	26	23	19	14	11	8	7	7	7	6	6	
506	302	208	166	130	107	91	74	63	53	47	37	30	27	22	16	13	9	7	7	7	6	6	5	
481	296	212	163	130	106	88	75	62	54	42	35	31	27	18	14	10	9	8	7	6	6	5	5	
483	303	216	168	138	112	90	75	64	51	44	40	36	25	23	17	16	14	13	12	12	11	11	10	
498	311	222	174	135	109	88	74	56	50	45	38	27	25	18	17	15	14	13	13	11	11	10	9	
516	333	248	181	145	109	92	70	59	51	44	32	29	22	21	20	17	16	15	14	14	12	11	10	
517	332	233	178	130	108	82	68	57	48	34	29	21	19	18	15	14	13	11	11	10	9	8	4	
543	330	238	172	140	108	88	73	61	45	39	30	26	23	20	18	16	14	14	12	11	10	7	6	
538	357	243	189	143	118	100	77	54	45	36	32	27	24	22	19	17	16	14	13	12	9	7	7	
547	333	237	168	137	116	88	61	50	38	34	29	25	22	20	18	17	15	14	13	10	8	8	7	
517	321	211	167	137	108	75	60	43	38	32	27	22	20	18	17	15	14	13	10	8	8	7	6	
530	310	223	173	137	98	78	54	45	38	33	28	25	21	20	17	17	16	13	11	10	8	7	6	
497	318	227	177	124	94	68	57	47	40	33	30	25	24	22	20	19	15	12	11	9	8	7	6	
501	332	232	162	119	86	69	53	46	39	31	26	24	21	20	19	15	13	12	9	8	7	6	6	
509	337	222	164	109	87	67	56	48	39	32	28	23	22	21	17	14	13	10	9	8	7	6	5	
554	322	223	149	109	83	68	54	42	34	30	24	23	21	17	14	13	10	9	8	7	6	5	5	
510	342	216	152	107	84	64	52	44	38	30	28	25	20	16	15	11	10	9	9	8	7	7	7	
582	341	221	156	117	91	76	58	50	40	36	31	25	21	20	16	13	12	10	9	8	8	8	6	
542	331	218	157	119	94	71	61	52	42	36	30	26	23	19	15	14	12	11	10	10	10	7	5	
557	332	228	158	116	90	74	61	50	45	38	34	28	23	19	18	15	14	13	13	12	9	7	7	
522	334	214	153	116	86	65	50	44	36	32	29	23	19	18	16	14	13	13	12	9	7	7	7	
545	329	218	163	117	91	69	56	47	40	35	28	23	22	18	16	15	15	14	11	9	8	8	7	
537	318	216	152	110	84	71	57	49	43	36	30	28	23	22	20	17	16	13	11	10	10	9	8	
501	305	184	127	101	84	69	59	53	45	40	36	32	29	26	21	19	15	13	12	11	10	8	7	
492	285	184	145	111	91	76	68	58	52	46	39	35	30	25	22	18	16	14	13	11	9	8	8	
517	294	198	145	118	100	89	75	61	53	44	39	34	28	24	19	16	14	13	12	10	9	9	6	
466	284	196	152	124	110	91	73	65	55	50	43	38	34	28	24	23	18	17	14	12	12	8	6	
456	288	214	169	142	117	89	80	68	61	54	48	43	36	29	27	20	18	15	13	13	10	7	6	
442	293	214	172	136	104	93	79	70	62	55	48	41	34	31	24	21	18	15	14	11	8	7	4	
495	309	229	178	126	108	90	80	70	60	53	47	39	35	29	26	21	16	15	12	9	8	5	3	
489	333	241	171	131	110	97	87	75	66	56	48	43	38	34	29	26	21	18	14	13	9	5	4	
520	346	241	177	141	122	106	89	76	64	55	50	41	37	32	28	23	19	14	13	9	5	4	3	
536	328	226	174	151	130	108	91	78	65	59	49	45	37	32	24	20	15	14	10	6	4	3	3	
529	318	223	174	143	110	93	79	66	58	49	45	37	33	25	20	16	15	10	6	4	3	3	3	
532	332	239	192	148	128	108	89	78	64	60	49	44	32	26	22	18	10	6	4	3	3	3	3	
527	324	237	185	153	130	110	94	78	69	58	52	36	29	23	19	11	7	5	4	4	4	4	3	
506	326	252	197	162	134	115	92	81	69	59	43	35	28	24	13	8	5	3	3	3	3	3	3	
534	349	252	209	172	146	121	106	88	71	51	43	33	28	18	13	9	7	7	6	4	3	3	3	
542	346	272	214	183	144	127	102	81	56	48	37	32	20	15	10	8	7	6	4	3	3	3	3	
533	367	274	227	173	149	119	93	63	55	43	38	25	19	13	11	10	9	7	4	4	4	4	2	
586	416	309	220	189	150	116	82	71	59	50	35	28	21	16	15	14	10	5	4	3	2	1	1	
601	418	300	251	194	146	105	89	75	63	48	39	29	24	22	20	14	12	10	9	8	5	4	2	
587	390	307	237	173	122	104	87	73	58	46	34	28	26	21	15	13	12	10	8	5	4	2	2	
545	399	288	203	146	121	102	85	65	52	37	31	27	21	15	13	12	10	8	5	3	2	2	2	
589	388	261	182	144	118	98	74	59	41	31	27	20	14	12	11	10	8	6	5	3	3	3	3	
586	367	252	185	148	120	88	71	48	35	31	24	17	15	14	12	10	7	5	3	3	3	3	3	
559	353	244	187	145	107	83	55	37	30	24	16	14	13	12	9	6	4	3	2	2	2	2	2	
543	346	255	184	132	100	64	42	34	28	20	18	16	14	11	8	6	5	3	3	3	2	2	2	
546	367	255	178	133	86	57	44	37	27	25	21	18	14	10	9	7	5	3	3	2	2	2	1	
558	353	244	184	130	88	65	54	41	38	32	27	21	15	13	8	5	3	3	2	2	2	1	0	
555	347	246	176	115	80	60	45	43	35	31	24	16	14	9	5	4	3	2	2	2	1	0	0	
519	344	229	139	93	73	56	51	43	38	29	20	17	11	5	4	3	2	2	2	1	0	0	0	
568	342	201	142	109	87	72	60	54	43	33	29	21	12	11	6	5	4	3	2	0	0	0	0	
534	301	196	146	114	90	73	62	49	37	31	22	12	11	7	6	5	4	3	1	1	1	1	1	
491	293	201	151	116	92	76	58	44	35	23	15	13	8	7	5	5	4	2	1	1	1	1	1	
505	302	220	165	131	102	75	53	40	27	18	15	10	9	6	6	5	3	2	2	2	2	2	2	
467	320	241	185	141	97	71	54	38	26	23	16	13	10	8	5	3	2	2	2	2	2	2	2	
535	355	243	174	110	76	54	36	25	22	15	12	9	7	5	3	3	3	3	2	2	2	2	2	
562	362	252	152	105	71	51	37	31	23	18	14	11	8	5	4	4	4	3	3	3	3	3	2	
549	347	212	145	102	72	54	44	33	26	20	16	11	5	4	4	4	3	3	3	3	3	2	2	
562	307	194	145	111	84	68	47	37	30	23	14	9	7	7	6	3	2	2	2	2	2	2	2	
507	281	195	145	101	78	55	40	31	25	15	10	8	8	7	3	2	2	2	2	2	2	2	2	
522	332	214	138	106	73	52	39	31	21	15	12	12	10	6	5	5	3	3	2	2	2	2	2	
567	335	204	142	95	67	51	37	27	20	16	16	13	9	7	5	3	3	2	2	2	2	2	2	
548	315	210	136	94	70	45	31	25	19	17	14	10	8	6	4	3	2	2	2	2	2	2	1	
534	314	200	130	91	57	40	33	23	21	17	13	9	7	5	4	3	3	3	2	2	2	1	1	
511	304	188	127	76	54	43	31	27	22	17	12	9	7	6	4	4	4	3	3	3	1	1	1	
498	267	175	105	73	53	39	34	26	20	13	10	8	7	6	5	5	4	4	4	3	2	2	1	
452	264	149	100	67	50	39	27	20	13	10	8	7	7	6	6	4	4	4	3	3	2	1	1	
430	209	132	87	64	47	33	25	17	12	10	9	8	6	6	4	4	4	3	3	2	1	1	1	
352	195	119	86	65	42	31	21	15	12	11	10	8	7	4	4	4	3	3	2	1	1	1	0	
329	180	120	91	62	43	32	23	17	15	14	11	9	5	5	5	4	4	3	1	1	1	0	0	
350	186	125	82	58	41	27	19	16	15	11	9	5	5	5	4	4	2	1	1	1	0	0	0	
334	192	125	83	60	44	27	22	19	16	12	6	6	6	5	5	3	1	1	1	0	0	0	0	
361	208	129	82	60	41	33	27	24	16	9	6	6	5	4	2	1	1	1	0	0	0	0	0	
340	176	109	77	54	45	36	30	22	11	7	6	5	4	3	2	2	2	1	0	0	0	0	0	
320	172	105	65	48	41	33	24	16	8	7	6	5	4	3	3	3	2	1	1	1	1	1	1	
329	170	97	72	58	48	39	24	14	11	8	7	6	3	3	3	2	1	1	1	1	1	1	1	
338	162	102	85	69	54	36	23	16	14	11	10	6	4	4	3	1	1	1	1	1	1	1	1	
279	142	100	82	64	43	30	23	19	18	14	10	6	6	5	2	2	2	2	2	2	2	2	2	
280	157	114	81	56	38	30	25	20	16	11	8	6	5	2	2	2	2	2	2	2	2	2	2	
274	156	105	75	50	38	31	28	19	12	8	6	5	2	2	2	2	2	2	2	2	2	2	1	
318	164	99	64	50	40	33	21	14	9	6	5	3	3	3	3	3	3	3	3	2	2	1	0	
310	154	88	66	52	41	28	15	8	6	5	2	2	2	2	2	2	2	2	2	2	1	0	0	
308	140	99	73	52	36	22	10	8	7	4	4	4	3	3	3	3	3	2	2	1	1	1	1	
280	154	89	67	45	29	14	11	8	4	4	4	3	3	3	3	3	3	3	2	2	2	2	2	
295	149	101	62	38	17	11	8	3	3	3	3	3	3	3	3	2	2	1	1	1	1	1	1	
278	159	94	54	27	17	11	7	5	5	4	4	4	4	4	3	3	2	2	2	2	2	1	1	
317	160	85	45	25	13	7	4	4	3	3	3	3	3	2	2	1	1	1	1	1	1	1	1	
304	152	79	46	26	14	12	10	7	6	4	4	4	3	1	1	1	1	1	1	1	1	1	1	
282	122	68	39	23	19	13	8	7	5	5	5	4	2	1	1	1	1	1	1	1	1	1	0	
247	109	52	31	26	17	10	8	5	5	5	4	2	2	2	1	1	1	1	1	1	1	0	0	
246	107	50	35	20	13	11	6	5	5	4	2	1	1	1	1	1	1	1	1	1	0	0	0	
243	92	56	37	26	15	7	6	5	4	2	2	1	1	1	1	1	1	1	1	0	0	0	0	
180	100	66	43	25	14	12	10	9	7	7	6	6	6	6	4	3	3	1	0	0	0	0	0	
211	113	72	38	23	18	14	12	11	10	10	9	9	7	4	3	3	1	0	0	0	0	0	0	
225	114	63	40	27	20	17	14	13	11	11	11	9	6	4	4	2	1	1	0	0	0	0	0	
215	99	59	37	27	21	18	14	11	11	11	9	6	5	5	3	1	1	0	0	0	0	0	0	
235	114	62	41	29	22	18	14	13	13	11	8	6	6	4	2	2	1	1	1	1	1	1	1	
251	102	59	37	27	20	16	14	14	12	9	8	6	4	2	1	1	1	1	1	1	1	1	1	
216	98	56	38	28	20	18	16	13	10	7	7	5	3	2	1	1	1	1	1	1	1	1	1	
166	79	47	30	21	20	18	16	11	9	7	5	3	2	2	2	2	2	2	2	2	2	2	2	
189	104	65	41	32	24	20	16	13	10	8	5	3	3	3	3	3	3	3	3	2	2	2	2	
199	102	55	41	31	27	22	19	14	10	7	5	4	4	4	4	4	4	4	3	3	2	2	2	
204	88	55	41	36	27	24	19	13	9	5	5	5	5	5	5	5	5	3	3	2	2	2	1	
191	96	63	51	38	32	23	18	13	9	8	8	8	7	7	7	7	5	5	4	4	3	2	2	
181	96	68	43	33	22	18	13	7	6	6	6	5	5	5	5	4	4	3	3	2	1	1	1	
210	115	75	53	37	29	21	14	12	12	12	11	11	10	9	7	6	5	5	3	2	2	2	2	
217	113	81	53	42	27	20	17	13	13	12	12	10	8	7	6	5	5	3	3	3	3	2	2	
225	125	78	55	36	27	24	17	14	13	13	11	9	7	6	4	4	2	2	2	2	1	1	1	
243	128	81	48	36	30	24	19	17	14	12	10	8	7	6	6	4	4	4	4	3	3	3	2	
237	123	68	47	38	30	21	19	14	12	10	8	6	4	4	2	2	2	2	1	1	1	0	0	
229	102	66	50	39	30	26	18	16	14	11	8	6	6	4	4	4	4	3	3	3	2	2	2	
237	120	78	54	36	30	22	19	17	12	9	7	7	5	4	4	4	2	2	2	1	1	1	1	
224	114	76	49	41	31	24	22	16	10	8	8	6	5	5	5	3	3	3	2	2	2	2	2	
224	133	83	62	41	31	26	17	10	8	8	6	5	5	5	3	3	3	2	2	2	2	2	2	
221	121	83	51	36	31	23	15	11	11	9	8	8	8	5	5	4	3	1	1	1	1	1	1	
231	120	71	48	38	30	20	14	13	11	9	9	9	6	6	5	4	2	2	2	2	2	2	2	
228	111	59	47	37	24	14	12	11	9	9	9	6	6	5	4	2	2	2	2	2	2	2	2	
221	109	70	55	38	23	18	14	10	10	10	7	6	5	4	2	2	2	2	2	2	2	2	2	
228	114	73	50	32	24	15	10	10	10	7	6	6	5	4	4	3	3	3	3	2	2	2	2	
234	120	76	50	36	23	14	13	13	10	9	6	5	4	4	3	3	3	3	2	2	2	2	2	
228	122	73	47	25	15	13	13	10	9	6	5	4	4	3	3	3	3	2	2	2	2	2	2	
250	128	66	37	21	19	16	12	10	7	5	4	4	3	3	3	3	2	2	2	2	2	2	2	
254	125	63	38	26	17	10	9	7	5	4	4	3	3	3	3	2	2	2	2	2	2	2	2	
242	103	52	35	24	15	9	6	4	3	3	2	2	2	2	1	1	1	1	1	1	1	1	1	
208	95	57	35	21	15	10	8	7	7	5	5	5	5	3	1	1	1	1	1	1	1	1	1	
192	92	54	32	21	14	10	9	9	6	5	5	5	3	2	2	2	2	2	2	2	2	2	2	
186	93	53	33	23	14	13	12	9	8	8	8	4	2	2	2	2	2	2	2	2	2	2	2	
211	90	48	31	22	19	15	12	10	9	9	5	3	3	3	3	3	3	3	3	3	3	3	3	
172	89	54	34	27	20	14	12	10	10	7	5	5	5	5	5	5	5	5	5	5	5	5	5	
207	91	53	43	31	21	16	14	11	7	4	4	4	4	4	4	4	4	4	4	4	4	4	3	
178	82	57	39	29	23	19	14	9	6	6	6	6	5	5	5	5	5	5	5	5	5	4	4	
167	83	56	42	30	22	17	11	8	7	7	7	6	6	6	6	6	6	6	6	6	5	5	5	
185	102	75	57	39	25	15	9	7	7	7	6	6	6	6	6	6	6	6	6	5	5	5	5	
224	111	65	43	23	14	8	7	6	6	6	6	5	5	5	5	5	5	5	5	5	5	5	4	
218	106	64	38	24	17	16	14	14	13	12	11	11	11	11	11	11	11	10	10	10	10	7	7	
182	85	49	30	21	17	15	15	14	13	11	11	11	11	11	11	11	10	10	10	10	7	7	7	
205	100	50	28	21	18	18	16	15	13	13	12	12	12	12	12	11	11	10	10	7	7	7	7	
194	83	42	30	23	20	18	17	15	15	14	13	13	13	13	12	12	11	11	8	8	8	8	7	
165	77	45	32	26	23	21	19	19	16	16	16	16	16	15	15	13	12	9	9	9	9	8	8	
183	91	59	42	37	34	31	29	24	23	22	22	21	20	19	17	15	11	11	11	11	10	10	10	
197	110	69	60	53	46	41	34	32	30	25	23	21	21	18	16	12	12	11	11	10	10	10	10	
198	106	81	67	55	50	39	36	34	26	24	22	22	19	17	13	12	11	11	10	10	10	10	9	
209	126	92	75	64	52	48	44	31	28	26	25	22	20	16	15	14	13	12	12	11	10	9	9	
233	122	91	74	57	50	45	32	29	27	26	23	21	17	16	15	14	13	13	11	10	9	9	9	
240	142	107	78	60	53	36	32	30	29	26	24	21	20	19	18	15	15	13	11	10	10	10	10	
255	159	114	87	74	46	35	33	30	28	24	21	20	19	17	15	15	13	11	10	10	10	10	9	
276	168	114	95	58	42	38	35	31	28	25	24	22	20	18	18	16	14	13	13	13	13	12	10	
290	172	128	81	55	48	41	36	32	28	27	27	23	19	19	16	14	12	12	12	12	11	9	9	
283	179	100	66	58	47	43	38	32	31	31	27	23	22	18	16	14	14	14	14	13	11	11	10	
294	147	98	81	65	56	46	39	38	37	32	27	26	22	18	15	15	14	13	12	10	10	9	7	
261	138	106	81	67	56	45	43	39	35	30	27	24	20	16	16	15	13	12	10	9	8	6	6	
228	143	105	82	64	47	44	41	35	30	27	20	16	12	12	11	10	8	6	6	5	4	4	4	
271	169	122	88	60	55	50	43	38	33	27	22	18	18	17	16	14	12	11	10	9	9	9	9	
295	172	127	89	70	64	53	47	42	33	28	24	24	23	21	18	16	16	14	11	10	10	10	10	
281	172	107	85	72	60	53	47	36	31	27	27	25	23	19	16	15	13	10	10	10	10	10	10	
280	163	111	93	76	67	57	45	39	34	34	31	29	25	23	22	19	13	11	11	11	11	11	11	
284	164	119	94	80	66	53	46	40	40	35	32	29	25	24	22	16	14	14	14	14	14	13	13	
273	158	109	84	67	53	45	38	37	31	28	26	22	18	16	12	10	10	10	10	10	9	9	9	
299	180	135	103	83	71	56	51	44	37	34	29	25	22	17	13	13	13	13	13	12	12	12	10	
300	173	127	100	83	68	63	53	43	39	34	30	26	20	16	16	16	16	16	14	14	12	10	10	
294	173	133	106	82	75	61	51	44	39	33	31	24	20	19	19	19	19	17	17	15	12	11	9	
301	197	137	100	89	73	58	49	44	38	36	29	25	24	21	21	21	19	19	17	13	12	11	11	
294	177	126	107	87	71	59	54	44	40	33	28	26	23	23	22	19	19	17	13	12	11	11	10	
283	181	142	109	89	74	67	51	47	38	32	30	27	27	26	23	23	20	16	13	11	11	11	11	
294	185	142	112	94	83	66	56	47	39	36	31	31	29	26	25	21	17	14	12	12	12	12	11	
285	173	127	105	93	74	62	51	41	37	31	30	28	25	24	20	16	13	11	11	11	11	9	9	
274	160	127	108	84	69	54	45	39	32	31	29	26	25	21	17	14	12	12	12	12	10	10	9	
266	176	135	99	80	62	51	43	35	33	31	28	27	22	17	13	11	11	11	11	9	9	8	8	
284	183	123	100	75	59	48	40	36	34	31	30	25	20	16	14	14	14	14	11	11	11	11	11	
301	180	137	99	73	59	44	41	38	35	33	27	22	18	16	16	16	15	12	12	11	11	11	11	
284	182	131	95	72	56	51	47	42	41	35	28	23	20	19	18	16	13	13	12	12	12	12	12	
297	183	131	89	68	62	57	50	46	39	31	26	23	21	20	18	15	15	14	13	13	13	13	12	
287	175	106	80	71	61	51	47	40	32	27	24	22	20	18	15	15	15	14	14	12	12	11	11	
285	152	106	92	75	61	56	48	36	30	27	25	23	21	18	18	17	16	16	14	14	14	14	13	
266	148	118	94	76	68	58	46	38	34	32	29	27	24	24	23	21	20	18	18	17	17	16	15	
267	163	127	100	89	74	61	51	44	40	37	31	28	28	27	24	23	21	21	19	18	17	16	16	
275	187	140	116	92	75	66	57	53	46	38	35	35	31	27	26	23	23	21	19	18	17	17	17	
312	189	147	111	88	76	64	57	46	38	36	36	32	28	26	23	23	21	19	18	17	17	17	16	
294	186	137	103	82	70	59	47	38	36	35	31	27	25	22	22	20	18	17	16	16	16	15	15	
303	188	135	106	88	67	53	43	39	38	34	30	28	25	24	22	19	18	17	17	17	16	16	16	
308	191	131	105	84	66	52	47	44	41	36	33	30	29	27	24	22	21	21	21	20	19	19	19	
295	170	127	103	78	63	54	48	44	39	35	31	30	28	25	23	21	21	21	20	19	19	19	19	
285	170	128	97	77	64	56	50	42	37	32	31	29	26	24	22	22	22	21	20	19	19	19	19	
292	180	120	97	80	66	61	52	45	39	37	35	31	29	27	27	26	25	24	22	21	20	20	19	
321	198	155	121	97	84	68	59	47	44	39	35	33	31	31	30	29	27	25	24	23	23	22	21	
342	209	155	121	104	84	73	59	56	48	43	38	37	34	33	31	29	27	26	25	25	24	23	22	
304	201	148	121	96	82	63	57	49	43	39	38	34	33	30	28	26	25	24	24	23	22	21	21	
329	216	164	119	96	75	64	55	48	43	41	35	34	32	30	28	27	26	26	24	23	22	22	22	
339	207	144	110	84	72	61	53	44	41	36	35	33	31	29	28	27	27	25	24	23	23	23	23	
291	185	125	98	86	69	60	50	45	39	37	34	32	30	29	27	27	26	25	24	24	24	24	22	
310	179	129	108	89	76	62	51	44	41	37	34	31	29	28	28	27	25	24	24	24	24	22	21	
293	184	137	111	90	75	63	52	48	43	39	36	33	32	30	29	27	25	24	24	24	22	21	21	
294	190	141	113	96	80	64	57	52	44	41	37	34	31	30	28	26	25	25	24	22	21	20	20	
325	196	148	117	97	75	69	64	54	49	44	41	35	34	32	28	27	27	25	23	22	21	21	20	
302	200	144	114	87	78	71	59	54	46	43	38	36	32	27	26	26	24	22	21	19	19	18	17	
314	202	153	113	96	86	72	61	52	47	42	39	32	27	26	26	24	22	21	19	19	18	17	17	
342	211	145	114	95	76	63	54	49	44	41	33	28	28	25	23	21	20	19	19	17	17	17	17	
331	197	146	115	97	79	66	60	51	46	37	32	31	28	26	24	22	20	20	18	17	17	17	16	
311	183	138	116	90	73	66	57	50	40	34	33	30	27	25	23	20	20	18	17	17	17	16	15	
322	195	147	112	88	74	64	53	41	34	33	30	27	25	23	19	19	17	16	16	16	14	13	12	
323	202	147	109	94	78	62	50	41	37	32	29	27	24	21	21	19	18	18	18	16	15	14	14	
326	195	140	115	96	77	62	52	46	41	37	32	29	25	24	22	20	20	20	18	17	15	15	15	
310	192	147	119	95	73	60	51	45	39	34	30	26	25	23	21	21	21	19	18	16	15	15	12	
300	188	139	108	83	70	63	54	45	36	33	28	25	23	21	21	21	19	18	16	15	15	12	11	
318	195	143	107	79	66	57	44	36	33	28	25	23	21	21	21	19	18	16	15	15	12	11	9	
301	189	133	97	78	66	46	38	34	27	24	22	21	21	21	19	18	16	15	15	12	11	9	8	
282	180	123	101	82	59	47	39	33	28	25	22	21	21	19	17	15	14	14	11	10	8	7	7	
286	163	126	102	78	63	50	42	35	30	27	26	25	22	19	17	16	15	12	11	9	8	8	8	
282	177	129	96	76	60	50	42	35	30	27	26	22	19	17	16	15	12	11	9	8	8	8	8	
322	185	126	93	73	57	48	40	35	32	31	27	21	19	18	17	14	13	11	10	10	10	10	10	
312	175	113	87	70	58	49	44	40	36	31	23	20	19	17	14	13	11	10	10	10	10	10	10	
277	155	115	91	73	61	55	47	41	34	24	20	19	17	14	13	11	10	10	10	10	10	10	9	
283	164	125	97	75	63	55	46	39	29	24	21	18	15	14	11	10	10	10	10	10	10	9	8	
274	171	114	93	78	65	55	48	37	32	27	21	16	15	12	9	9	9	9	9	9	8	7	7	
296	185	133	113	98	76	60	48	42	37	30	23	21	18	15	15	14	13	13	13	12	11	11	10	
306	188	147	118	95	76	56	48	42	35	28	26	22	17	17	16	14	14	14	13	12	12	11	11	
298	190	141	105	85	61	50	43	36	29	26	21	15	15	14	11	11	11	10	9	9	8	8	6	
313	196	143	110	81	65	56	45	38	33	26	19	18	17	13	13	12	10	9	9	8	8	6	6	
319	191	138	101	80	69	52	42	36	29	21	20	19	15	15	14	12	11	11	10	10	8	8	8	
298	181	121	93	79	61	48	40	33	25	22	20	16	16	14	12	11	11	10	10	8	8	8	8	
320	188	139	111	81	65	55	43	35	29	27	22	22	19	17	16	15	14	14	11	11	11	11	10	
307	190	148	106	86	73	56	40	33	29	23	22	19	17	16	15	14	14	11	11	11	11	10	10	
290	199	134	104	83	63	44	37	32	23	22	19	17	16	14	13	13	11	11	11	11	10	10	10	
302	175	125	94	71	52	42	37	26	24	21	19	18	16	15	15	12	12	12	12	11	11	11	10	
323	190	141	105	76	56	45	32	28	24	21	20	17	16	16	13	13	13	13	12	11	11	10	9	
330	206	147	110	76	60	43	38	32	26	25	20	19	19	15	15	15	15	13	12	12	11	10	10	
349	212	149	110	84	57	48	35	30	27	21	20	20	16	15	15	15	13	12	12	11	10	10	9	
337	204	133	99	69	53	39	33	27	19	18	18	14	13	13	13	10	9	9	8	7	7	6	6	
333	194	137	91	62	45	34	26	18	17	16	13	12	12	12	11	10	10	9	8	8	6	6	6	
312	180	121	90	69	52	40	29	25	25	21	19	19	18	15	14	14	13	12	12	9	9	9	8	
321	178	116	84	62	47	32	27	27	24	20	19	15	14	12	12	11	10	10	7	7	7	6	5	
288	146	101	77	59	38	35	35	30	27	24	18	17	14	14	13	12	10	8	8	7	6	5	5	
264	164	117	89	59	51	49	44	37	32	26	24	20	19	18	17	15	13	12	12	9	8	8	7	
290	174	127	88	74	71	62	55	42	36	28	22	19	18	16	14	12	11	11	8	7	7	6	6	
300	176	102	80	72	62	55	44	37	28	21	19	18	15	13	11	10	10	7	5	5	4	4	4	
285	144	104	90	75	62	47	38	31	24	19	17	15	14	12	11	10	7	5	5	4	4	4	4	
262	162	127	99	79	62	46	38	31	26	23	20	19	17	16	14	11	8	8	7	7	7	7	7	
270	181	126	98	74	59	44	36	30	27	22	20	18	16	15	12	9	9	8	8	8	8	8	8	
344	190	136	104	82	60	50	41	36	29	28	23	21	20	16	11	10	9	9	9	9	9	9	9	
314	190	132	102	75	62	51	45	36	32	27	24	20	16	12	11	9	9	9	9	9	9	9	8	
312	177	120	88	68	54	48	41	38	30	26	21	17	12	10	8	8	7	7	7	7	7	6	6	
299	173	122	94	73	62	51	47	36	32	27	22	17	15	13	13	11	11	10	10	9	8	8	7	
284	164	123	90	73	59	54	43	34	29	25	20	18	15	15	13	13	11	11	9	8	8	7	6	
285	175	114	91	73	63	47	39	31	25	20	17	13	13	12	12	10	10	9	8	8	7	6	6	
304	171	124	102	82	63	50	40	33	25	22	18	18	16	15	13	12	12	11	11	10	9	9	9	
313	176	127	104	81	62	48	39	29	26	22	22	20	18	13	12	12	11	11	10	9	9	9	9	
288	176	130	99	74	58	45	33	28	24	24	22	21	16	15	13	12	12	11	10	10	10	10	10	
300	185	135	99	78	58	41	34	29	28	25	24	19	18	16	15	15	14	13	13	13	13	13	13	
322	188	128	101	79	60	48	42	36	32	30	25	24	21	18	18	17	16	15	15	15	15	15	15	
321	173	129	98	68	57	50	43	39	34	30	28	25	21	21	20	19	17	17	17	17	17	17	17	
303	193	140	95	75	57	46	40	34	28	27	24	19	18	17	16	16	16	16	16	16	16	16	16	
306	199	122	93	70	54	45	37	29	26	23	19	19	18	17	17	17	17	17	17	17	17	17	16	
355	212	128	93	67	55	47	39	36	31	25	25	22	21	19	19	19	19	19	19	19	19	18	17	
328	181	113	77	62	54	43	38	33	25	25	22	21	18	18	18	18	18	18	18	18	17	16	16	
315	170	105	75	64	50	43	35	29	28	25	24	20	20	19	18	18	16	15	15	14	13	13	13	
293	150	93	77	59	51	43	35	33	30	27	23	22	19	19	19	17	16	16	15	14	14	14	14	
266	135	105	85	70	61	53	47	42	39	32	29	27	24	24	22	21	21	19	17	17	17	17	17	
247	152	116	100	84	74	65	58	50	42	35	33	29	29	26	25	25	23	21	21	20	19	19	18	
296	190	142	114	101	85	75	64	55	47	45	39	35	32	31	29	27	23	22	21	20	19	18	18	
338	198	127	109	87	76	65	56	47	44	35	30	28	27	25	24	21	20	18	16	15	15	15	12	
313	202	162	127	106	87	75	64	59	46	40	37	36	34	31	25	24	22	20	19	18	18	15	15	
310	212	147	121	100	86	77	66	52	46	43	41	38	35	29	28	25	23	22	21	21	17	17	16	
329	203	154	123	107	95	77	58	50	45	42	38	35	30	28	25	25	22	21	21	17	17	16	13	
311	207	161	131	115	93	72	61	54	51	44	41	36	34	31	29	24	23	23	19	19	18	14	14	
307	217	162	137	106	83	67	60	55	48	45	40	38	35	32	27	25	25	20	19	18	14	14	13	
307	200	160	116	88	71	64	58	52	49	44	41	38	35	30	28	28	23	21	20	16	16	15	14	
308	208	149	105	83	75	69	60	53	47	44	40	37	32	30	30	25	23	22	18	18	17	16	16	
300	196	136	104	93	81	69	62	54	51	46	41	35	33	32	27	25	23	19	19	18	17	17	17	
292	169	127	109	96	81	69	60	57	52	46	38	35	34	29	27	25	21	20	18	17	17	17	15	
274	175	143	117	96	82	71	65	59	55	44	40	38	33	31	29	24	22	20	19	19	18	16	15	
306	193	151	120	96	79	71	64	59	46	42	41	36	34	32	27	24	22	21	20	19	17	16	16	
313	211	162	126	103	90	79	72	58	53	50	42	39	35	31	26	24	22	20	19	17	16	16	15	
324	209	152	123	105	92	79	64	58	56	47	42	37	33	29	27	24	22	21	19	18	18	17	15	
306	203	154	131	110	92	75	68	62	52	47	42	38	33	29	25	23	22	20	19	19	18	16	15	
322	212	158	129	107	85	78	71	58	52	45	40	35	31	27	25	24	21	20	20	18	16	15	15	
313	204	151	120	95	86	75	61	54	48	41	36	32	28	26	25	22	21	21	19	17	16	16	16	
301	200	150	109	99	87	70	60	50	43	37	33	29	27	25	21	20	20	18	16	15	15	15	14	
309	190	137	112	98	80	67	57	50	46	41	36	33	31	26	26	26	23	21	20	20	20	19	18	
315	192	142	120	95	77	65	57	52	46	40	37	34	30	28	27	24	22	21	21	21	20	19	18	
316	205	162	116	91	75	64	55	48	41	37	33	29	28	26	23	21	20	20	20	19	18	17	17	
309	214	153	114	91	76	65	54	46	43	36	32	30	28	24	22	21	21	21	19	18	17	17	16	
303	195	142	110	85	66	53	45	42	37	31	29	27	23	21	20	20	20	18	17	16	16	15	13	
321	196	140	97	76	61	48	43	37	31	29	28	24	22	21	21	21	19	18	17	17	16	14	14	
295	185	125	99	75	59	54	47	41	38	37	31	29	28	28	27	25	23	22	22	20	18	18	18	
314	182	129	89	68	63	56	45	40	39	33	31	30	30	27	25	23	22	22	19	17	17	17	17	
300	180	111	79	66	57	46	39	37	30	27	25	25	22	21	19	18	18	15	14	14	14	14	14	
298	173	126	101	81	68	56	51	40	36	32	32	29	27	25	24	24	21	19	19	19	19	19	19	
299	181	129	104	89	71	61	49	45	40	37	33	32	29	27	27	24	22	22	22	22	22	21	20	
309	192	135	110	85	71	56	50	44	41	36	34	31	29	29	26	23	23	23	23	22	21	21	21	
318	200	159	124	103	85	69	63	58	52	48	43	39	39	36	33	30	27	25	24	23	23	23	23	
324	217	153	122	98	80	73	68	61	53	48	44	44	41	37	34	30	27	26	24	24	23	23	23	
321	202	162	126	94	84	76	68	54	48	44	44	41	36	32	28	25	24	22	22	20	20	20	18	
302	207	151	105	88	76	66	51	45	41	41	38	33	29	25	22	21	19	19	17	17	17	15	13	
325	194	137	107	91	79	63	54	49	49	46	41	36	32	28	27	25	25	23	23	23	21	19	19	
287	180	134	107	90	71	59	54	53	48	42	37	33	28	27	25	24	22	22	22	20	18	18	12	
283	171	135	109	82	66	60	57	52	45	38	34	29	28	26	25	23	23	23	21	19	19	13	11	
264	169	119	90	70	63	59	54	46	39	34	29	28	26	25	23	23	23	21	20	20	14	11	11	
278	173	120	90	75	66	60	52	43	38	33	32	30	29	26	26	26	24	22	22	16	13	12	12	
309	180	125	101	85	79	69	54	45	37	35	32	31	26	26	26	24	22	21	15	13	12	12	11	
275	164	128	104	95	82	61	53	42	40	38	34	30	28	27	25	23	22	16	14	13	13	12	12	
275	183	135	118	101	71	62	48	46	42	39	34	31	29	26	24	22	16	14	13	13	12	12	9	
324	218	162	133	96	82	58	54	50	47	41	35	33	30	28	26	20	18	17	16	15	15	12	9	
337	221	162	111	93	68	62	57	53	45	37	35	32	30	27	21	19	17	16	15	15	12	9	7	
343	219	149	114	82	73	66	60	52	44	41	38	36	33	26	24	22	20	18	18	14	11	9	9	
340	200	151	103	83	74	67	59	50	46	43	41	38	31	28	26	24	22	22	19	16	13	12	12	
303	202	128	100	83	73	64	52	46	43	40	37	29	26	24	22	20	19	16	13	10	9	9	9	
319	165	120	101	87	77	61	53	50	46	43	35	30	27	25	23	22	19	16	13	12	12	12	12	
268	180	122	106	86	68	56	49	43	39	32	27	24	21	20	19	16	13	10	9	9	9	9	9	
299	181	140	115	90	79	68	56	52	43	36	33	30	27	26	22	19	15	14	14	14	14	14	14	
312	211	156	120	101	86	69	60	50	43	36	33	30	29	23	19	14	13	13	13	13	13	13	13	
336	211	149	124	102	82	70	58	50	44	40	35	31	25	21	16	15	15	15	15	15	15	15	15	
317	197	149	120	95	76	63	53	45	41	36	32	26	22	17	16	15	14	14	14	14	14	14	13	
339	221	173	132	99	83	68	58	54	49	45	37	32	24	23	21	19	18	18	18	18	18	17	16	
345	232	170	126	100	84	70	64	58	54	45	37	28	23	21	18	17	17	17	17	17	16	15	13	
348	217	151	119	101	84	74	68	61	53	43	33	28	24	21	20	20	18	18	18	17	16	14	14	
335	211	167	135	107	95	87	76	67	51	41	33	28	25	23	23	22	22	22	21	19	19	19	18	
350	228	170	130	111	98	82	73	56	44	36	30	26	24	24	23	23	23	22	20	18	18	17	17	
366	233	166	137	116	95	82	64	50	42	35	30	28	28	27	27	26	25	23	22	22	21	21	21	
337	208	159	127	108	91	70	56	46	39	34	32	32	31	30	29	28	27	24	24	21	21	21	20	
322	209	154	127	106	80	64	53	44	37	35	35	35	34	33	32	29	25	25	22	22	22	21	21	
324	204	162	126	95	75	56	44	37	34	32	32	30	28	27	23	21	21	18	18	18	17	17	15	
316	215	162	117	90	67	54	46	38	36	35	33	31	30	25	23	23	20	20	19	18	18	17	17	
320	202	151	117	92	74	61	52	50	49	47	45	43	38	34	34	31	31	27	26	25	24	24	23	
312	205	147	111	89	73	62	58	57	54	51	48	43	38	38	34	33	29	27	26	25	25	22	21	
308	195	143	107	87	73	67	66	62	58	55	50	46	45	41	41	36	32	29	28	28	25	24	24	
296	190	130	101	84	74	73	69	65	62	56	51	50	46	45	40	38	34	33	33	30	28	28	28	
291	160	119	96	84	79	73	70	66	60	57	56	51	50	45	43	39	36	36	33	31	31	31	29	
256	168	131	106	96	86	80	74	68	62	60	55	53	47	45	40	37	37	34	32	32	32	30	28	
309	182	130	112	99	87	78	71	65	63	57	55	48	43	39	36	35	32	30	29	29	28	27	27	
288	195	160	134	119	108	94	85	81	74	70	61	55	49	45	44	40	38	37	35	33	32	32	32	
332	219	179	148	133	116	105	99	88	85	75	67	60	54	52	48	44	42	40	37	35	34	34	32	
338	221	172	152	128	113	105	91	86	73	64	57	52	50	46	40	38	36	33	32	31	31	29	25	
322	211	176	147	127	117	102	96	84	71	61	55	53	49	43	41	39	36	35	34	34	32	28	27	
316	222	183	151	134	117	109	96	78	66	60	57	53	46	44	42	39	38	37	36	34	29	28	25	
344	239	190	157	133	121	110	87	74	67	64	59	50	48	46	44	43	43	41	38	31	30	27	25	
354	247	193	157	140	124	98	84	74	69	61	54	51	49	46	44	44	42	39	32	31	27	24	21	
350	242	184	158	137	110	96	83	77	68	57	54	52	48	47	47	45	42	34	32	28	24	21	21	
337	239	192	169	127	113	93	87	74	59	55	53	48	47	47	45	42	34	32	28	25	22	22	20	
337	237	187	134	112	92	82	68	55	50	48	45	43	42	41	37	29	27	23	21	18	18	16	15	
339	243	170	138	107	93	80	65	58	55	51	48	47	46	42	33	31	26	24	21	21	19	18	14	
356	218	171	126	110	91	72	67	59	55	52	50	49	44	35	32	28	25	22	22	20	19	15	13	
322	228	165	141	114	91	80	69	63	57	55	54	49	39	36	31	29	26	26	24	23	18	16	15	
327	222	176	137	111	99	82	76	68	65	64	59	48	45	38	34	31	31	29	27	22	19	18	16	
319	223	159	126	109	94	87	75	71	70	64	51	48	43	38	36	35	33	31	26	22	21	19	18	
324	211	153	131	113	103	90	82	79	70	56	52	45	40	37	35	32	30	25	20	19	17	16	16	
305	206	167	138	126	110	99	93	81	63	58	50	45	42	40	37	35	29	22	21	19	18	18	16	
324	225	168	144	124	115	103	86	68	59	51	46	43	41	38	36	28	21	20	17	16	16	15	14	
322	221	178	153	135	116	97	74	66	54	49	45	44	39	37	28	22	21	19	18	18	16	15	15	
336	242	194	168	134	109	81	73	61	55	52	50	44	41	32	26	25	22	20	20	18	17	17	16	
363	258	198	153	123	88	81	67	59	55	51	43	41	32	26	25	22	20	20	18	17	17	16	15	
366	245	175	141	104	93	75	61	57	54	47	45	36	29	26	23	21	20	18	17	17	16	15	14	
344	221	168	123	103	80	68	63	59	51	49	40	32	29	25	23	22	19	18	18	17	17	16	16	
310	200	140	117	94	78	68	61	49	46	37	28	25	23	21	20	17	16	16	15	15	14	14	13	
309	195	155	131	115	103	89	76	71	59	47	43	29	26	25	22	20	20	19	18	17	17	16	16	
304	207	165	133	114	91	76	70	58	48	44	30	25	24	21	19	18	17	16	15	15	14	14	14	
315	215	162	137	109	90	80	63	52	48	37	30	26	23	21	20	19	18	17	17	16	16	16	16	
332	209	161	124	101	87	69	57	52	43	33	30	26	24	23	22	20	19	19	18	18	18	18	17	
327	214	156	126	107	81	66	60	50	35	32	29	27	25	24	23	21	21	20	19	19	19	17	17	
329	197	147	117	90	74	64	51	34	32	29	27	26	25	24	21	21	20	20	19	18	18	18	17	
305	191	147	109	80	68	55	36	33	30	27	25	24	23	20	20	19	19	18	18	18	18	17	15	
308	202	148	113	88	64	41	38	35	30	28	27	25	22	22	21	21	20	20	19	19	18	16	15	
301	177	124	95	70	47	41	39	34	32	31	28	25	25	24	24	23	23	21	21	20	18	17	17	
322	176	122	90	66	53	50	42	38	36	35	31	30	27	27	25	25	23	23	22	20	19	19	17	
276	142	99	73	60	54	47	42	39	35	31	30	27	27	25	25	23	23	22	20	19	19	19	17	
244	133	91	72	64	55	45	41	38	34	33	30	29	26	25	23	23	22	20	19	19	19	17	16	
220	123	91	80	62	51	43	40	37	36	33	32	29	27	25	25	24	22	21	21	21	19	18	15	
211	132	102	79	64	55	50	43	40	36	34	29	28	27	27	26	23	22	22	22	20	19	16	16	
266	165	119	100	86	71	62	58	52	46	39	36	29	28	27	24	23	23	23	21	20	17	17	17	
262	162	127	103	88	76	71	64	58	49	46	36	34	33	29	28	28	28	26	25	22	22	22	22	
281	171	133	110	93	86	76	69	59	56	44	42	40	35	33	32	31	29	28	25	25	25	25	24	
266	176	145	115	105	94	85	72	69	55	53	51	45	42	41	39	36	34	31	29	29	28	28	25	
313	204	157	129	109	97	84	80	65	59	55	48	45	44	41	38	36	32	30	30	29	28	26	25	
387	250	187	147	121	99	87	71	64	59	51	48	46	43	40	38	34	32	32	30	30	27	26	23	
366	222	171	138	112	98	81	72	67	57	54	50	47	44	42	38	35	35	33	33	30	29	25	24	
351	217	165	133	114	94	83	78	64	60	56	53	50	47	43	39	39	37	37	34	33	29	28	24	
357	233	171	146	119	106	96	80	73	65	61	57	54	49	45	45	42	42	39	38	33	32	28	24	
342	218	175	142	132	117	93	84	73	67	62	58	52	48	48	46	44	40	39	34	33	29	25	23	
354	224	171	153	134	102	88	75	67	63	59	53	48	48	46	44	40	39	34	33	29	25	23	20	
320	209	174	150	121	104	89	77	73	67	60	54	53	51	49	44	43	38	37	32	28	26	23	22	
328	220	176	141	121	100	86	82	72	64	56	54	52	50	46	44	39	38	33	29	27	24	23	22	
335	220	170	139	114	99	93	80	71	64	63	59	56	51	49	44	42	38	33	30	26	24	23	23	
352	228	174	137	117	101	86	76	69	68	64	59	55	53	47	45	40	36	32	26	24	23	23	20	
327	227	168	137	114	93	81	73	71	67	60	55	52	46	45	40	35	32	26	23	22	22	19	17	
347	226	166	134	103	88	78	76	71	63	59	55	49	48	43	38	33	27	23	22	22	19	16	16	
355	232	180	136	111	98	88	83	72	65	61	55	54	48	43	38	32	27	25	25	22	17	17	15	
365	233	163	128	108	96	87	75	69	65	58	55	49	45	38	33	28	25	25	21	16	16	14	13	
330	209	160	130	110	101	88	80	76	67	62	56	51	44	37	33	30	29	25	20	19	17	16	16	
337	213	158	134	120	102	89	84	73	68	62	57	47	41	36	35	31	27	22	21	19	17	17	16	
337	213	169	144	120	106	95	82	75	69	63	53	45	38	37	33	28	23	22	20	18	18	17	16	
315	227	179	148	127	109	93	85	78	72	62	53	45	43	39	34	28	27	24	21	21	19	18	18	
361	236	187	151	129	109	96	89	80	66	57	49	44	42	36	28	26	23	19	19	18	17	17	17	
346	233	172	138	116	102	94	84	69	58	47	43	41	36	28	26	22	19	19	18	17	17	17	17	
353	219	163	136	117	105	94	75	62	50	46	44	39	30	28	25	22	22	21	20	20	20	20	20	
342	208	160	133	117	103	78	65	53	48	46	41	32	29	26	23	22	21	20	20	20	20	20	19	
332	211	166	138	122	92	73	58	53	51	44	35	32	28	25	25	22	21	20	20	20	20	19	19	
334	219	172	151	109	87	64	56	53	47	38	33	30	27	25	22	21	21	20	20	20	19	19	19	
349	218	178	130	105	79	69	63	55	46	38	34	31	29	26	23	22	22	22	22	21	21	21	21	
332	234	171	130	97	83	74	61	51	42	37	33	32	28	26	24	23	23	22	21	21	21	21	20	
364	222	157	115	99	85	70	59	48	42	38	37	34	29	28	26	26	24	23	23	23	22	21	18	
352	213	144	119	103	82	67	53	46	41	40	37	32	32	29	29	28	26	26	26	26	24	21	20	
345	192	145	125	98	76	61	52	45	44	42	37	37	35	34	33	32	30	30	30	28	25	24	23	
307	193	148	112	85	70	58	48	47	45	40	39	37	36	35	34	33	32	32	30	27	26	25	23	
296	203	139	105	82	61	51	49	47	41	40	38	38	37	35	34	34	33	31	28	27	26	24	22	
324	186	130	94	68	56	52	48	41	40	38	38	37	35	34	34	34	32	29	26	25	23	22	21	
305	181	128	87	70	64	54	47	46	43	39	38	37	36	36	35	33	30	28	27	24	22	21	21	
294	171	114	90	80	59	50	48	47	44	43	42	40	39	37	35	32	30	29	26	25	24	24	24	
297	172	127	108	79	64	57	53	49	49	47	45	42	40	37	34	33	32	30	29	28	26	26	22	
302	186	147	116	98	88	76	71	67	61	59	56	53	51	45	42	41	38	37	35	33	32	28	24	
281	188	132	107	93	77	70	66	58	55	52	48	46	40	39	37	35	34	32	29	28	24	20	18	
306	185	143	120	101	93	85	74	69	66	59	56	50	48	45	42	39	37	34	33	29	25	23	21	
295	192	145	122	111	97	81	76	73	65	62	56	52	49	45	42	38	35	34	29	25	22	20	17	
291	185	142	130	113	93	85	79	70	68	61	56	52	48	45	41	38	36	30	26	22	20	17	16	
293	191	149	130	105	95	88	79	74	66	60	55	51	48	45	42	39	33	29	25	22	18	17	16	
295	200	160	127	109	99	88	83	73	66	60	56	53	49	45	42	36	31	26	23	19	18	17	15	
302	200	146	118	104	92	85	75	68	63	58	54	49	46	43	37	31	26	23	19	18	17	16	15	
324	201	159	135	111	100	88	79	70	65	58	53	49	45	39	32	26	23	19	18	17	16	15	12	
290	201	152	122	107	93	87	77	71	64	59	55	50	43	36	31	26	21	20	19	18	17	14	13	
301	198	143	128	106	95	82	76	67	61	57	52	45	39	32	27	22	21	19	18	17	14	13	13	
314	200	169	130	111	98	93	81	72	65	60	53	45	37	32	27	26	22	21	20	17	16	16	16	
322	222	165	133	112	105	91	81	73	68	58	49	40	33	27	26	22	21	20	17	16	16	16	15	
350	218	167	131	119	103	92	84	77	61	52	40	33	27	26	21	20	19	16	16	16	16	15	14	
353	221	164	140	122	111	101	90	72	63	49	41	35	32	26	25	23	20	18	18	17	16	15	14	
328	226	177	145	127	113	103	84	73	57	48	40	35	28	25	24	21	19	19	18	17	16	15	12	
353	224	172	143	127	111	90	77	60	50	41	37	30	27	25	21	19	19	18	16	15	14	11	11	
336	225	176	150	125	103	90	69	60	51	42	35	31	29	24	22	22	21	19	18	17	14	14	13	
325	228	178	142	115	98	76	64	52	43	33	29	27	21	19	19	18	16	15	14	11	11	11	8	
359	239	178	140	123	97	77	63	54	41	34	32	25	24	24	23	20	19	18	15	15	14	10	9	
366	228	174	144	112	85	69	59	45	38	35	28	26	26	25	22	21	20	16	16	15	11	10	9	
342	217	176	131	99	75	64	49	40	36	27	25	25	24	22	21	20	16	16	15	11	10	10	9	
338	220	153	113	83	67	50	41	37	30	28	28	27	24	23	22	18	18	17	13	11	11	10	10	
349	202	136	102	84	62	50	45	35	32	32	31	28	26	24	20	20	20	16	15	14	13	13	12	
304	181	131	104	77	61	56	47	43	41	40	37	32	31	27	26	23	19	18	17	16	16	15	14	
279	168	125	87	69	64	50	46	45	44	41	36	35	31	29	26	22	21	19	18	18	16	15	15	
292	192	125	96	81	62	57	56	53	48	44	42	36	35	33	27	26	23	22	20	19	18	17	16	
328	178	123	101	79	71	70	65	55	50	48	42	40	37	33	29	27	26	23	22	21	20	19	17	
289	175	133	103	85	82	75	66	61	57	51	48	45	41	36	33	32	30	28	27	26	25	21	18	
317	186	137	106	98	91	80	73	68	63	58	52	48	43	40	38	35	31	30	29	28	24	21	20	
330	213	151	125	118	100	87	81	73	67	61	53	48	43	41	37	33	32	31	30	25	22	20	16	
352	213	171	147	123	106	95	86	80	71	61	56	51	48	41	36	34	33	32	26	23	21	17	17	
339	228	180	142	119	102	91	84	76	65	61	54	49	42	37	34	33	32	26	23	21	17	17	16	
343	232	176	143	122	105	95	85	72	67	57	52	45	39	36	35	33	27	24	23	19	18	17	16	
337	221	168	141	117	101	88	74	68	59	53	46	40	37	36	34	28	24	23	19	19	17	16	14	
330	214	171	133	112	97	82	74	65	58	49	40	37	36	35	29	25	24	20	20	19	17	14	14	
314	227	170	135	113	93	82	72	66	56	45	41	40	38	32	29	27	23	23	21	20	17	17	14	
366	226	175	135	100	91	82	73	61	51	46	42	40	33	29	27	23	22	21	20	17	17	14	13	
349	228	163	120	104	90	81	66	55	50	45	42	35	30	28	24	23	22	21	18	18	15	14	11	
348	207	142	121	107	91	78	62	57	50	44	36	32	29	25	24	23	22	19	19	17	15	12	11	
350	207	159	129	105	89	70	65	54	49	41	37	35	29	28	27	26	23	23	19	19	16	14	13	
325	213	162	127	106	86	78	65	59	49	44	40	33	31	30	29	26	26	22	21	18	17	14	14	
327	210	153	124	100	87	70	63	49	44	43	33	30	28	26	23	23	20	19	16	15	15	14	12	
325	204	154	116	98	78	70	56	50	48	41	35	32	30	27	26	23	20	17	16	13	13	11	11	
319	207	147	122	95	83	68	60	56	49	42	36	34	30	28	25	22	19	17	15	15	12	12	12	
323	187	149	108	91	69	59	55	49	41	38	36	32	31	27	24	20	17	16	16	14	14	14	11	
314	201	147	120	84	69	60	53	44	41	38	33	32	28	24	20	18	17	17	15	15	15	12	10	
337	198	141	99	75	69	59	49	45	42	37	34	30	27	24	22	21	20	16	15	15	11	9	9	
324	193	131	100	82	67	55	49	46	39	37	33	30	27	25	24	23	20	18	17	13	9	9	7	
321	187	132	103	84	70	60	55	49	46	41	37	32	29	28	26	23	21	19	13	9	9	8	8	
303	185	130	100	82	71	64	56	50	42	38	32	29	27	26	23	22	19	12	9	9	8	8	6	
325	206	143	111	89	81	74	64	55	50	42	39	36	35	32	30	26	19	13	11	10	10	8	7	
336	204	143	114	99	91	79	69	63	53	47	44	41	37	36	32	23	15	12	10	10	8	7	7	
337	201	157	129	112	97	84	73	62	55	52	49	42	39	34	25	16	12	10	10	8	7	7	6	
361	237	179	151	126	107	91	74	65	60	55	47	42	37	26	17	11	9	9	7	6	6	6	6	
382	239	189	150	126	104	85	73	65	57	49	44	38	28	18	11	9	9	7	6	6	6	6	5	
361	250	188	151	121	98	83	73	63	53	47	41	32	20	12	10	10	8	7	7	7	7	6	6	
369	250	190	148	116	98	85	73	61	52	45	34	23	15	11	10	8	7	7	7	7	6	6	6	
409	250	185	136	114	97	82	70	61	50	39	28	17	13	12	9	8	8	8	7	6	6	6	6	
392	234	172	139	119	96	78	68	57	42	30	19	16	15	12	10	9	9	8	7	7	7	7	7	
386	243	184	150	122	96	82	67	50	37	25	20	18	15	13	12	12	11	10	10	10	10	10	10	
374	240	184	145	112	96	78	57	42	29	21	20	17	15	14	14	12	11	11	11	10	10	10	9	
358	233	172	131	112	91	65	46	32	23	21	17	16	15	15	14	12	11	10	10	10	10	8	7	
364	220	166	135	108	79	55	36	27	25	22	19	18	17	16	14	13	11	11	11	11	9	9	7	
356	227	170	129	95	65	44	31	29	25	22	21	19	19	15	13	13	13	11	11	9	9	7	6	
384	240	168	122	81	56	37	31	27	24	21	19	19	15	13	13	13	13	11	9	9	7	6	6	
381	233	161	114	74	48	39	34	26	23	21	20	16	13	13	13	13	11	9	9	6	6	6	6	
351	212	139	91	62	47	40	31	26	23	22	17	14	14	14	14	14	12	10	7	7	7	7	6	
329	178	116	75	58	46	36	31	28	27	19	17	17	17	17	17	15	15	12	11	8	8	7	7	
316	167	96	65	49	39	31	28	25	18	16	15	15	15	15	13	13	10	9	8	8	7	7	7	
278	133	90	57	44	33	30	28	21	18	18	17	17	17	15	15	12	11	8	8	7	7	7	6	
272	132	79	54	35	31	29	21	16	16	15	15	15	12	12	9	9	7	7	6	6	6	6	5	
253	127	75	55	44	37	28	25	24	22	22	21	17	17	14	13	12	9	8	8	7	7	6	6	
238	128	81	65	48	33	28	26	24	23	22	18	18	15	14	13	10	9	9	8	7	6	6	6	
260	137	102	69	44	34	30	27	25	22	18	18	15	14	13	10	9	9	8	7	6	6	6	6	
267	163	106	67	49	34	30	27	23	19	19	16	14	13	11	9	9	8	7	6	6	6	6	6	
276	142	78	51	33	28	23	20	15	14	12	11	10	10	9	9	7	7	6	6	6	6	6	6	
240	127	74	49	42	34	28	23	21	17	15	12	12	11	11	10	8	7	7	7	7	6	5	5	
243	123	75	61	49	33	28	23	19	15	12	12	11	11	10	8	7	7	7	6	6	6	6	6	
222	111	75	57	44	36	29	23	18	15	15	14	13	12	9	8	8	8	8	8	8	8	8	7	
194	126	88	67	51	41	33	25	22	21	18	16	15	10	9	9	9	9	9	8	8	8	7	6	
240	145	99	75	61	46	32	25	21	18	16	15	13	12	10	10	10	9	9	9	9	8	7	7	
253	153	110	84	65	44	34	27	24	23	20	17	16	15	13	12	11	10	10	10	9	8	8	8	
271	166	115	88	56	43	35	31	25	22	18	17	17	16	14	11	9	9	9	8	8	8	8	8	
262	153	108	69	51	40	35	29	24	19	18	18	17	15	12	10	10	10	9	8	8	8	8	8	
273	159	94	67	51	43	31	26	19	17	16	15	13	12	10	10	10	9	8	8	8	8	8	7	
271	120	85	65	54	39	29	21	20	18	16	15	12	10	10	10	9	8	8	8	8	8	6	5	
229	125	87	65	49	37	27	26	22	19	18	16	12	11	11	11	8	8	8	8	8	6	5	4	
241	126	80	56	39	29	28	25	22	21	19	13	11	11	11	8	8	8	8	8	7	6	5	5	
228	116	74	47	31	28	23	20	19	18	14	11	11	11	8	7	7	7	7	6	5	4	4	4	
220	115	73	51	37	31	26	23	21	17	14	14	14	12	9	8	8	8	7	5	4	4	4	4	
217	117	82	56	40	35	31	24	20	16	16	16	13	9	9	9	9	8	6	5	5	5	5	5	
232	145	94	66	51	40	32	25	21	18	18	14	11	10	10	10	9	7	6	6	6	6	6	6	
266	155	103	74	52	39	29	26	21	20	16	12	10	10	10	9	6	5	5	5	5	5	5	5	
266	147	95	65	49	34	29	22	20	17	12	10	10	10	9	6	5	5	5	5	5	5	5	5	
258	150	99	68	46	39	28	26	20	16	12	12	11	10	7	6	6	6	6	6	6	6	5	5	
279	146	93	67	53	40	35	27	22	17	17	16	13	10	9	8	7	6	6	6	6	6	5	5	
253	128	84	58	44	38	29	24	19	19	18	14	11	10	8	7	6	6	6	6	6	5	5	5	
254	130	86	61	51	37	29	22	19	18	14	12	10	8	7	6	6	6	6	5	5	5	5	5	
243	131	79	61	44	35	28	23	21	18	15	12	10	9	8	8	7	6	6	5	5	5	5	5	
247	141	94	63	48	35	29	26	21	16	13	10	9	8	8	7	6	6	6	6	6	6	6	6	
257	145	95	75	57	44	39	31	24	19	16	14	12	11	10	8	7	6	6	6	6	6	6	6	
254	147	105	80	65	56	46	38	28	24	21	18	16	15	13	12	10	7	7	7	7	7	7	6	
244	141	101	80	66	54	45	32	27	24	21	17	17	15	12	10	6	6	6	6	6	6	5	5	
242	150	112	86	63	52	38	31	26	20	17	16	14	11	9	5	5	5	5	5	5	4	4	4	
251	161	121	88	66	49	40	32	27	23	21	18	11	9	5	5	5	5	5	5	4	4	4	3	
285	163	110	84	67	50	40	32	28	24	21	13	10	6	6	6	6	6	6	5	5	5	4	2	
246	150	109	86	66	52	44	36	33	29	20	15	10	9	9	9	9	9	8	8	8	7	5	5	
268	166	110	80	61	51	42	38	34	25	19	12	10	10	10	10	10	8	8	8	8	6	5	4	
269	154	107	77	59	50	45	39	29	24	13	12	12	12	12	12	10	10	9	9	7	5	4	4	
259	137	94	68	55	52	47	34	28	18	14	14	14	14	14	12	12	10	10	8	6	3	3	3	
235	133	91	75	68	58	40	32	22	15	15	15	15	15	13	12	10	9	7	6	4	4	4	4	
204	125	85	70	52	37	28	20	14	12	11	11	11	10	9	8	6	4	4	2	2	2	2	1	
231	147	110	84	57	42	32	25	21	18	18	18	16	15	14	12	9	8	6	5	5	4	3	3	
252	145	104	74	58	47	43	32	25	23	23	19	17	16	14	11	10	8	7	6	5	4	4	4	
246	151	90	68	51	41	33	24	20	20	17	15	14	13	11	10	7	6	6	6	5	5	5	3	
267	151	96	71	57	45	37	31	27	23	19	17	16	14	11	9	8	8	7	6	6	6	3	3	
254	139	89	63	51	36	29	27	23	19	18	17	14	11	9	8	8	6	5	5	5	3	3	3	
245	138	84	65	50	43	36	30	23	21	19	17	12	10	9	9	7	7	7	7	4	4	4	4	
249	132	93	70	54	45	37	32	27	23	21	17	14	11	10	9	7	7	7	4	4	4	4	4	
248	134	91	63	54	45	36	31	26	23	19	15	12	11	10	8	8	8	6	6	6	6	6	6	
257	145	92	77	60	43	32	26	24	20	17	14	12	11	9	8	8	6	6	6	6	6	6	6	
264	155	105	82	61	46	33	28	24	17	14	12	11	9	9	8	5	5	5	5	5	5	5	4	
254	149	112	84	65	49	39	31	22	18	14	13	10	10	9	6	6	6	6	6	6	6	5	5	
261	162	109	79	55	44	34	24	20	17	16	12	11	10	7	7	7	7	7	7	7	6	5	4	
281	162	107	72	57	44	31	27	23	22	18	13	12	9	8	8	8	8	8	8	7	6	4	3	
317	164	100	74	56	41	33	29	27	22	18	15	13	11	11	10	10	10	10	9	8	6	4	4	
268	150	101	71	53	44	37	33	25	20	18	12	10	9	8	8	8	8	7	6	5	3	3	3	
255	143	92	68	55	45	39	30	25	20	14	11	10	9	9	9	9	8	7	5	3	3	3	3	
260	148	98	73	58	51	39	31	24	17	14	12	11	10	10	9	8	7	5	3	3	3	3	3	
262	152	103	82	68	53	42	32	23	16	14	13	12	12	11	10	9	6	4	4	3	3	3	3	
264	143	107	85	65	49	41	30	22	20	18	17	17	16	14	13	9	7	7	6	6	6	6	5	
239	155	112	84	61	50	34	25	22	20	19	19	18	16	15	11	8	7	6	6	6	6	5	5	
262	150	97	70	53	34	24	20	19	17	17	16	14	13	11	9	8	7	6	6	6	5	5	5	
254	140	92	69	45	29	24	22	22	20	19	15	14	10	8	7	6	6	6	5	4	4	4	4	
254	141	103	62	44	37	33	28	24	22	18	17	13	10	9	7	7	7	6	5	5	5	5	5	
238	144	76	55	44	39	34	27	24	20	18	15	11	9	7	7	7	6	5	5	5	5	5	3	
262	108	71	51	45	38	31	28	25	20	17	13	11	8	8	8	8	6	5	5	5	5	3	3	
211	114	72	56	46	37	34	30	25	18	14	11	8	8	8	8	6	6	6	5	5	3	3	3	
212	100	71	58	44	40	33	29	21	17	13	10	10	10	10	8	8	7	6	6	4	4	4	4	
235	132	86	65	56	45	36	26	19	13	9	8	7	7	5	5	5	5	5	3	3	3	3	3	
244	137	98	78	62	48	37	26	18	13	12	9	9	8	8	7	6	6	4	4	4	4	4	4	
234	151	115	82	59	47	31	23	16	15	12	12	10	10	9	8	7	6	6	6	6	6	6	4	
264	170	108	83	62	42	24	15	14	12	12	11	11	10	9	8	6	6	6	6	6	6	4	3	
287	159	112	79	54	30	14	10	8	8	8	8	7	7	6	4	4	4	4	4	4	2	1	0	
258	146	95	68	42	22	16	11	10	9	9	8	7	6	5	5	4	4	4	4	2	1	1	1	
253	135	88	59	37	29	20	17	15	12	11	9	8	6	5	5	5	5	5	2	1	1	1	1	
236	129	78	46	32	24	22	20	17	15	12	10	8	7	6	6	6	5	1	0	0	0	0	0	
244	131	75	48	34	27	24	20	16	12	11	8	7	6	6	6	5	2	1	0	0	0	0	0	
264	118	74	51	40	34	28	23	17	14	11	10	9	9	9	8	5	3	3	2	1	1	0	0	
240	125	76	58	46	34	27	22	18	15	14	13	13	13	12	7	6	5	4	3	3	2	2	1	
224	123	87	65	51	42	33	28	22	20	18	17	16	13	9	8	7	6	5	4	3	3	2	2	
224	145	95	77	61	47	41	34	30	28	25	22	20	13	9	7	6	5	4	3	3	1	1	1	
260	145	106	84	66	54	45	39	35	30	25	23	16	11	8	6	5	4	3	3	2	2	2	1	
232	142	105	77	59	45	40	36	31	25	23	15	10	6	4	3	2	2	2	1	1	1	0	0	
248	159	103	76	54	49	44	36	29	27	19	12	8	7	4	2	2	2	1	1	1	0	0	0	
271	165	114	78	64	55	43	35	31	23	16	12	10	7	4	2	2	1	1	1	0	0	0	0	
278	152	98	74	59	46	38	33	24	16	12	11	8	5	4	4	2	2	2	1	1	1	1	1	
246	134	93	71	57	45	39	30	20	15	13	10	4	4	4	2	2	2	1	1	1	1	1	1	
225	139	98	77	54	44	34	23	19	17	14	7	6	5	4	4	4	3	3	3	3	3	2	2	
251	154	107	72	56	43	32	25	20	15	9	6	6	5	4	4	3	3	3	3	3	2	2	1	
262	153	91	64	47	33	26	23	16	9	5	5	4	3	3	2	2	2	2	2	2	2	1	1	
253	142	89	62	44	33	29	19	12	8	8	7	6	6	5	4	4	4	4	3	3	2	2	2	
215	124	77	54	37	31	20	12	8	8	7	6	6	4	3	3	3	3	2	2	1	1	1	1	
221	122	74	54	43	24	16	11	9	7	7	7	5	4	3	3	3	2	2	1	1	1	1	1	
232	115	80	62	38	27	17	13	10	10	9	7	4	4	3	3	2	2	1	1	1	1	1	1	
187	111	81	50	33	24	18	14	12	10	8	5	4	3	3	2	2	1	1	1	1	1	1	1	
210	114	68	49	34	24	16	14	11	9	6	5	3	3	2	2	1	1	1	1	1	1	1	1	
214	103	71	49	34	19	15	12	10	7	7	3	3	2	2	1	1	1	1	1	1	1	1	0	
205	114	74	48	26	20	17	14	10	9	4	4	3	3	1	1	1	1	1	1	1	1	0	0	
200	105	66	39	25	19	16	11	10	5	4	3	3	1	1	1	1	1	1	1	1	0	0	0	
194	99	50	33	25	21	15	14	9	7	6	5	1	1	1	1	1	1	1	1	0	0	0	0	
184	84	51	33	27	21	21	14	12	11	9	4	4	4	4	4	3	2	2	1	1	1	1	1	
152	78	49	39	27	24	15	12	10	8	3	3	3	3	3	2	1	1	0	0	0	0	0	0	
193	98	64	42	35	23	18	13	10	4	4	4	4	4	4	3	3	3	3	3	2	2	2	2	
211	112	67	47	32	24	16	12	8	6	6	5	5	5	4	4	3	3	3	2	2	2	2	2	
218	99	61	42	30	22	17	11	8	7	7	7	7	6	6	5	5	4	3	3	3	3	2	1	
215	112	66	45	33	24	15	11	10	10	9	8	7	7	5	5	4	3	3	3	2	1	1	1	
201	98	67	47	32	18	14	12	12	10	9	8	8	7	7	6	5	5	4	3	2	2	2	2	
179	97	69	51	30	22	17	17	14	12	10	10	9	9	8	6	6	6	4	4	4	3	3	3	
187	98	66	39	28	20	20	16	14	12	12	9	9	8	6	6	6	5	4	4	3	3	3	3	
188	106	66	43	29	22	17	13	10	10	8	8	7	6	6	5	4	4	4	3	3	3	3	2	
195	98	58	38	31	22	16	13	13	10	8	7	4	4	4	3	3	3	2	2	2	2	1	1	
202	108	62	45	32	25	22	18	14	12	10	8	7	7	4	4	4	3	3	3	3	2	2	2	
189	91	60	37	30	27	22	19	17	12	10	9	8	6	6	5	4	4	4	4	3	3	3	3	
188	91	56	41	36	29	24	21	16	14	12	10	8	8	6	5	5	5	5	4	4	4	3	3	
197	101	68	55	43	35	31	26	22	19	16	13	13	10	9	7	7	6	5	5	5	4	4	3	
187	103	74	53	39	34	29	25	23	20	16	16	13	12	9	9	7	6	6	6	5	5	4	4	
201	118	73	48	42	35	31	27	23	18	16	13	12	9	9	7	6	6	6	5	5	4	4	4	
234	115	68	53	43	35	31	27	21	19	16	14	11	11	9	7	5	4	4	4	3	3	3	3	
212	103	74	60	49	42	35	27	25	22	21	17	14	12	10	7	6	5	5	4	4	4	4	4	
183	103	80	61	51	40	30	27	24	23	19	16	14	13	8	6	6	6	5	5	5	5	5	5	
207	133	94	74	56	41	39	36	35	30	23	21	19	15	11	9	9	7	7	6	6	5	5	5	
238	134	98	71	49	45	40	39	34	25	23	20	16	11	9	9	7	7	6	6	5	5	5	4	
206	124	87	61	53	45	44	38	29	25	22	17	12	10	10	8	8	7	7	6	6	6	5	5	
214	119	73	57	49	47	40	31	25	23	17	12	10	10	8	8	7	7	6	6	6	5	5	4	
211	119	82	67	61	49	38	31	24	18	13	11	11	9	9	7	7	6	6	6	5	5	4	3	
203	116	83	74	62	46	39	31	22	14	12	12	10	10	8	8	7	6	6	5	5	4	3	2	
203	120	98	81	56	44	36	24	16	13	12	10	10	8	8	7	6	6	5	5	4	3	2	1	
219	141	99	67	53	41	30	21	17	14	11	11	8	8	7	6	6	5	5	4	3	2	1	1	
231	138	88	60	47	35	25	21	17	13	13	10	10	9	8	8	6	6	5	4	3	3	3	3	
251	135	82	59	46	34	28	25	18	17	14	12	8	8	8	6	6	5	4	2	2	2	2	2	
220	110	70	52	38	30	28	20	19	14	14	9	7	7	6	6	5	4	2	2	2	2	2	1	
220	116	72	49	39	33	23	22	16	16	12	8	6	5	5	4	4	2	2	2	2	2	1	1	
236	124	74	55	44	31	26	21	20	13	9	8	7	7	6	6	4	4	4	4	4	3	3	3	
255	128	84	59	44	37	31	29	19	17	13	12	10	9	9	7	7	7	7	7	6	6	5	4	
235	120	78	55	45	36	33	23	20	16	15	12	10	9	7	7	7	7	7	6	6	5	5	4	
238	127	81	54	47	45	33	27	22	20	16	14	13	11	11	11	11	11	10	10	9	8	7	7	
258	131	80	68	62	45	36	30	26	24	20	19	17	15	15	15	15	14	12	11	9	8	8	8	
238	122	87	73	52	40	33	29	27	22	21	19	17	17	17	17	16	14	13	11	10	10	10	9	
242	145	100	67	52	41	34	28	22	21	19	19	19	19	19	17	15	14	13	12	12	12	12	10	
278	156	95	71	53	44	35	29	25	22	22	22	22	22	19	17	16	15	14	14	14	14	12	11	
292	150	94	62	52	42	33	30	26	24	23	23	23	21	19	18	17	15	15	15	15	13	12	11	
265	120	74	58	45	36	31	26	24	22	21	21	19	17	16	15	13	13	13	13	12	11	10	7	
235	115	79	60	47	38	32	29	26	25	25	22	20	19	17	15	15	14	14	12	11	10	7	5	
221	125	84	61	47	36	31	27	26	26	24	22	21	19	17	17	16	16	14	13	11	8	5	4	
240	129	78	58	46	37	32	30	29	26	23	22	20	18	18	17	17	15	14	12	9	6	5	5	
237	119	79	60	52	45	38	34	31	27	24	21	19	19	18	18	16	15	13	10	7	6	6	6	
233	119	82	68	58	48	42	38	32	27	25	21	19	17	16	14	13	11	9	6	5	5	5	4	
256	134	94	77	62	55	49	42	32	25	20	18	16	16	14	13	11	9	6	5	5	5	4	3	
259	144	102	80	68	63	54	41	31	21	19	18	18	16	15	13	11	7	6	6	6	4	3	3	
246	147	113	89	79	60	47	37	27	23	22	22	20	18	16	14	10	9	8	7	5	4	4	4	
274	169	124	101	82	64	47	36	27	25	24	21	20	17	15	11	9	8	7	5	4	4	4	4	
281	184	137	102	80	59	43	36	33	29	27	22	18	16	13	10	9	8	6	5	5	5	5	4	
304	185	130	97	73	52	44	37	32	30	25	20	17	13	11	10	9	7	5	5	5	5	4	4	
303	174	125	91	63	56	48	43	40	35	28	24	19	17	15	14	12	10	9	8	7	6	6	6	
294	170	114	77	68	60	52	48	42	34	28	23	21	20	19	17	15	14	13	10	9	9	8	8	
285	157	103	86	76	67	61	55	48	39	30	27	26	24	21	19	18	17	14	14	13	12	12	12	
288	161	116	94	82	71	63	56	47	38	30	28	26	23	21	20	19	16	16	15	14	14	13	10	
292	168	131	110	96	86	73	58	46	35	31	30	26	23	22	21	18	16	16	14	14	14	10	10	
283	174	135	115	102	90	74	61	51	42	39	35	29	28	27	23	20	20	16	16	16	12	12	11	
297	204	160	139	116	97	80	68	60	50	43	38	36	35	30	26	25	21	21	20	16	14	13	13	
303	195	160	132	108	88	74	65	56	46	41	38	37	32	29	27	24	22	20	17	15	13	13	10	
288	197	155	128	105	88	76	62	53	46	43	41	36	32	29	26	25	23	20	17	15	15	11	11	
306	207	155	127	106	84	66	57	51	46	44	37	32	29	26	25	23	20	18	15	15	11	11	11	
313	199	148	118	91	71	61	54	50	48	41	34	31	28	28	25	22	20	17	16	12	11	11	8	
299	197	147	106	85	72	63	58	56	47	42	38	33	33	30	27	24	21	20	16	15	15	12	9	
315	206	145	108	83	74	68	65	56	49	45	39	38	35	32	29	25	23	19	18	18	15	12	11	
313	198	143	107	95	90	82	70	62	57	50	47	43	39	36	30	27	22	20	20	17	14	13	13	
310	187	141	118	105	94	80	72	66	59	56	52	47	44	37	34	28	24	24	22	17	16	16	16	
323	200	161	144	126	104	95	88	77	75	69	63	60	53	49	42	33	33	29	23	22	22	22	21	
306	209	174	149	121	113	101	88	86	80	71	68	62	56	47	38	37	32	25	24	24	24	22	20	
335	229	187	147	132	117	102	100	94	84	80	73	67	57	48	45	34	25	24	24	24	22	20	19	
345	237	176	151	134	116	112	104	93	88	81	73	64	53	49	37	28	27	27	26	23	20	19	18	
351	234	186	154	134	123	114	100	92	84	76	66	54	50	38	29	28	28	27	24	21	20	19	18	
350	236	182	152	133	120	107	96	88	81	69	56	52	39	30	29	29	27	24	21	20	19	18	18	
339	225	180	153	135	118	105	94	86	72	58	54	40	31	30	30	28	25	22	21	20	19	19	19	
333	238	186	159	137	122	107	96	84	68	63	47	37	36	36	33	27	24	23	21	20	20	20	19	
338	232	193	162	141	123	113	96	77	71	53	41	37	37	34	29	25	24	22	21	21	20	19	17	
349	257	211	178	152	140	117	92	82	62	48	44	43	39	34	31	30	25	23	23	21	19	18	17	
377	274	219	187	172	140	112	96	72	56	52	50	44	39	34	33	28	27	25	22	19	18	17	17	
385	270	215	190	156	124	103	75	58	53	51	45	41	36	33	29	28	26	23	20	19	18	18	18	
379	261	211	171	136	111	80	63	57	55	49	43	38	37	32	30	28	25	21	20	19	19	19	19	
361	248	193	149	120	87	69	63	60	52	45	39	36	32	31	29	25	21	20	19	19	19	19	19	
370	243	179	138	97	78	70	64	55	47	42	39	35	32	29	25	21	20	19	19	19	19	19	19	
358	231	179	122	93	80	72	62	54	48	44	39	37	32	29	24	22	21	21	21	21	21	21	21	
358	230	149	111	95	82	67	58	53	48	41	39	34	31	26	23	22	22	22	22	22	22	22	21	
362	219	147	118	97	83	72	63	56	49	44	39	33	28	25	24	24	24	24	24	23	23	22	21	
335	200	156	125	100	84	76	69	58	49	43	36	31	28	27	27	26	26	25	24	24	23	22	22	
323	214	154	121	100	89	83	68	56	45	38	34	31	29	29	28	27	26	25	25	24	23	23	21	
334	208	158	134	118	106	89	77	60	48	40	35	32	31	29	28	27	26	26	25	24	24	21	19	
342	227	176	151	134	113	97	75	62	44	36	34	33	31	29	27	26	26	24	23	23	20	18	16	
357	253	200	167	134	119	95	78	56	43	41	40	37	34	31	30	30	27	26	26	23	21	19	19	
366	266	210	165	140	109	89	64	50	46	45	42	39	36	35	35	31	29	29	26	23	21	21	21	
385	272	203	161	126	102	73	57	52	49	46	44	41	39	38	34	32	31	27	24	22	22	21	21	
385	262	199	151	122	92	69	62	58	53	51	48	45	43	39	37	35	29	26	24	24	24	22	20	
401	276	200	162	118	84	72	65	60	57	54	48	45	41	39	37	32	29	26	26	26	24	21	19	
389	254	192	136	96	81	75	64	60	57	50	47	43	41	39	34	31	28	28	28	25	22	20	19	
388	255	169	122	101	94	78	68	65	57	53	49	47	44	40	34	31	31	31	28	26	23	22	20	
383	229	153	121	110	88	73	70	63	57	53	51	48	43	37	33	33	33	30	27	25	24	22	20	
361	220	160	140	108	90	85	78	70	63	61	57	52	46	42	42	41	37	33	31	29	26	24	24	
326	209	170	129	105	98	87	75	67	63	59	54	48	43	43	42	38	34	32	30	27	25	25	25	
353	247	179	136	124	109	91	81	75	68	58	49	44	44	42	38	33	32	30	27	25	25	25	24	
408	261	187	164	140	113	102	92	82	66	55	50	50	48	44	40	38	35	30	28	27	26	25	25	
387	235	196	162	132	116	104	92	74	63	57	57	55	50	44	42	39	34	32	31	30	29	29	27	
339	251	194	153	132	118	105	84	71	64	64	61	54	48	44	40	35	33	32	30	29	29	27	24	
363	243	175	143	124	110	90	76	68	68	64	57	51	47	42	35	33	32	30	29	29	27	24	21	
417	249	191	152	134	109	87	79	78	72	65	58	54	49	42	40	38	36	35	35	33	29	26	26	
375	250	191	161	130	101	90	89	82	75	67	60	55	48	45	42	40	38	38	36	31	28	28	27	
376	245	192	155	116	100	97	89	81	74	66	60	53	50	44	42	39	39	37	32	29	29	28	27	
404	250	190	138	120	110	99	91	81	73	66	59	56	50	47	44	44	42	37	33	31	30	30	29	
403	246	157	132	118	109	98	86	78	71	64	60	54	50	47	47	45	39	35	34	33	33	32	30	
375	201	155	134	125	112	99	87	78	71	66	59	54	51	51	48	44	39	38	36	36	34	32	28	
293	195	163	145	129	113	98	87	77	70	62	58	55	54	52	48	43	42	40	40	37	35	31	29	
393	258	208	183	158	143	125	111	101	90	83	78	76	74	68	62	60	56	55	52	50	45	42	39	
388	263	213	179	157	138	127	111	99	92	86	84	81	76	69	67	63	62	59	57	52	49	46	44	
412	279	219	188	164	149	132	116	108	101	98	95	88	82	78	74	72	68	65	59	55	51	47	42	
428	300	241	198	172	152	138	125	117	113	108	101	93	89	85	83	78	74	68	64	60	55	50	45	
465	312	245	205	177	157	141	131	125	121	111	103	98	92	89	81	78	72	67	64	57	51	46	42	
457	300	245	207	180	162	149	140	131	118	107	102	96	92	86	81	74	68	65	58	53	47	43	42	
472	321	264	222	191	170	157	145	129	117	111	105	98	90	85	78	73	69	62	57	52	47	46	43	
468	331	264	223	196	182	164	145	132	126	117	108	99	93	84	77	73	66	60	55	50	46	43	40	
497	353	270	231	211	188	167	148	142	132	125	114	106	95	86	82	75	69	63	57	52	48	44	40	
497	330	265	237	210	181	161	151	136	128	117	109	98	89	85	78	71	65	59	54	50	46	43	34	
485	322	272	236	202	177	162	147	139	127	116	105	95	90	83	75	68	61	56	52	46	43	35	34	
456	332	277	230	198	179	163	151	134	122	110	100	94	87	78	71	65	59	54	49	46	35	34	32	
502	344	258	212	187	169	154	136	124	114	103	97	89	80	74	66	61	54	49	46	36	36	32	26	
489	338	272	231	202	184	160	143	129	115	107	98	86	80	72	66	58	51	48	37	37	33	27	26	
474	338	273	228	206	179	157	140	125	116	106	93	85	77	71	63	56	52	43	42	38	31	30	26	
487	341	272	234	196	174	156	138	126	116	102	95	87	80	71	63	57	47	46	42	34	32	28	27	
487	329	270	221	185	164	144	130	117	104	97	89	83	75	67	61	50	49	45	36	32	28	27	23	
475	330	260	213	185	162	145	131	118	107	96	89	81	69	63	52	51	47	39	35	31	30	26	23	
500	320	252	208	185	164	147	131	120	107	99	90	77	71	60	59	54	45	41	36	34	29	26	25	
483	322	250	209	175	156	140	127	114	107	98	84	77	65	64	60	52	43	37	35	30	27	26	25	
451	309	244	202	175	157	141	123	115	104	90	83	69	66	62	53	46	39	36	31	28	27	26	26	
460	315	252	212	185	165	144	135	121	106	95	79	76	72	62	53	46	43	38	34	33	32	32	28	
461	330	263	229	199	169	153	137	117	105	88	84	79	71	61	55	50	44	39	38	37	37	33	32	
444	311	256	216	184	164	146	122	109	90	86	81	72	62	55	50	44	39	38	37	36	32	31	30	
453	321	265	219	191	168	136	121	102	98	89	81	73	65	58	50	44	43	41	40	36	35	34	32	
471	333	265	225	192	155	136	115	110	100	90	79	70	63	55	49	48	45	44	39	38	36	33	32	
496	335	264	222	179	158	135	128	117	105	88	80	71	63	56	53	52	49	43	42	39	37	35	32	
480	338	274	220	189	163	151	137	122	103	94	84	76	69	64	62	58	51	50	47	44	42	40	36	
506	354	269	223	190	169	151	135	115	105	96	87	80	73	71	68	60	57	53	50	47	45	41	36	
500	337	266	222	191	168	146	124	114	102	93	85	79	74	71	63	59	55	51	47	45	41	36	34	
506	345	267	214	185	158	133	122	108	99	90	84	79	76	66	63	59	54	51	48	44	40	37	35	
528	339	245	209	174	144	132	117	107	95	88	84	81	71	69	63	60	57	53	48	44	41	37	35	
492	314	256	212	167	152	131	118	104	96	90	87	77	73	69	64	59	56	49	45	42	38	36	31	
459	322	248	191	164	138	126	111	103	97	93	83	78	72	67	60	57	50	46	42	39	36	31	29	
452	313	231	193	155	141	127	115	107	101	90	84	76	73	65	60	55	51	47	43	40	34	32	30	
458	297	234	189	164	146	130	119	110	98	90	82	78	69	65	59	53	50	47	44	38	35	33	30	
438	291	226	189	169	150	135	124	108	99	88	84	76	72	63	59	56	53	49	43	40	38	35	32	
435	298	248	212	184	165	147	128	115	103	98	87	82	73	67	64	59	56	50	44	41	38	34	32	
483	335	283	229	194	167	141	127	115	108	97	92	84	78	75	69	65	57	51	48	44	38	36	35	
510	374	275	232	197	167	145	132	122	111	104	93	84	81	73	69	61	54	51	46	37	36	35	34	
589	374	279	232	195	166	143	131	117	109	98	87	83	76	73	65	57	52	48	39	37	36	35	32	
530	374	294	240	195	165	147	129	119	107	94	89	82	77	69	60	55	51	42	40	40	39	36	35	
541	381	292	224	186	166	143	131	116	101	95	88	83	74	65	59	55	45	43	43	41	38	38	32	
550	375	278	230	198	168	151	133	117	109	101	95	85	76	68	63	53	50	50	47	44	44	38	36	
542	347	268	223	185	160	141	122	111	101	94	85	75	68	63	54	51	51	48	45	45	39	36	36	
518	352	278	232	196	169	147	133	121	109	94	83	74	69	60	56	56	53	50	50	44	41	40	38	
562	391	302	249	212	178	158	143	126	105	91	82	76	65	60	60	56	53	53	47	44	43	41	38	
574	385	301	254	212	181	161	138	117	100	90	82	71	65	65	59	56	56	50	47	45	43	40	40	
538	369	295	244	202	176	151	128	109	99	91	77	71	69	62	59	59	53	50	49	47	44	43	40	
533	381	299	244	210	178	147	121	108	99	83	75	73	65	62	62	55	52	50	48	45	44	41	39	
542	383	305	244	200	162	135	121	111	92	84	83	74	71	69	61	57	55	53	50	49	46	44	40	
543	378	287	231	187	155	138	125	105	94	92	82	79	76	69	64	61	58	55	55	50	48	43	37	
534	360	275	219	180	158	143	120	107	104	91	88	85	77	72	69	65	60	60	53	50	45	38	31	
507	341	262	209	179	160	135	122	116	102	95	91	83	78	74	70	65	65	59	54	50	43	34	24	
528	347	256	214	185	153	138	131	115	107	99	90	84	79	74	69	69	62	57	51	44	35	25	17	
509	328	253	216	177	158	147	128	117	110	101	93	87	81	75	74	66	60	55	49	39	28	19	16	
499	331	266	212	185	168	146	133	121	109	100	93	84	78	77	69	63	58	52	41	30	20	18	14	
501	358	268	231	205	178	158	142	126	115	105	96	90	88	78	72	68	58	47	34	24	21	17	13	
543	349	277	243	204	178	160	143	128	116	106	99	96	86	79	73	63	51	38	25	22	18	14	9	
504	363	294	245	205	180	163	148	133	118	110	105	93	86	79	68	55	41	27	25	21	16	9	8	
523	389	296	241	216	193	173	153	134	127	120	107	95	88	74	60	44	31	27	23	18	10	9	6	
553	366	286	249	215	193	170	150	140	131	114	102	95	79	64	49	34	31	26	21	11	9	6	3	
526	381	305	257	224	193	170	158	146	129	115	104	89	70	53	37	34	28	23	13	12	8	3	3	
542	381	301	253	214	188	172	160	140	124	113	94	72	53	37	34	28	23	13	12	8	3	3	2	
578	392	308	260	220	199	179	157	139	122	100	77	58	41	37	29	24	14	13	9	3	3	2	1	
575	402	314	263	233	203	177	156	134	109	84	60	42	39	31	25	16	15	12	5	5	4	3	2	
578	404	328	288	244	211	184	157	127	96	70	49	45	37	31	22	20	16	6	6	4	3	2	1	
605	412	339	280	240	207	175	144	108	81	54	50	41	35	25	23	18	8	7	5	4	2	1	1	
571	421	325	272	230	188	155	115	85	57	53	43	37	27	26	19	9	7	5	4	2	1	1	0	
573	403	325	269	216	175	131	97	66	60	48	42	31	29	22	13	8	6	5	3	2	1	0	0	
567	411	316	249	197	146	109	75	70	56	48	36	33	26	17	12	9	8	6	5	3	2	2	2	
589	423	314	243	172	128	88	82	66	55	43	40	33	26	18	15	13	11	9	7	4	3	2	2	
612	415	305	218	154	102	92	77	64	52	48	40	32	25	19	17	15	13	10	7	5	3	3	1	
565	373	261	188	119	102	84	69	57	53	44	37	29	22	20	17	15	10	7	5	4	3	1	1	
541	345	239	143	123	101	85	71	64	52	44	34	28	26	21	19	14	10	8	6	5	2	1	1	
516	328	182	147	123	103	86	76	62	54	44	36	32	27	24	18	14	12	9	8	5	4	4	2	
555	281	218	179	144	120	102	83	69	58	48	43	35	32	25	20	17	14	13	9	8	8	5	4	
456	328	262	210	175	152	125	104	87	73	67	56	51	43	38	34	31	28	24	22	22	18	17	16	
535	387	302	241	203	168	139	118	100	91	78	69	60	53	47	43	39	34	31	31	26	24	21	18	
613	441	352	289	235	204	180	152	140	121	107	92	81	75	69	62	56	53	52	47	43	39	35	35	
613	447	346	270	233	203	171	157	139	120	105	90	84	78	72	64	60	59	53	49	45	41	40	32	
599	430	322	271	231	196	176	156	138	121	106	96	88	83	73	68	66	60	56	50	45	43	36	33	
610	418	333	280	232	207	184	158	138	123	114	105	99	88	82	79	70	65	57	52	49	41	38	36	
609	439	354	289	253	221	189	165	148	129	119	110	98	89	86	76	69	61	56	53	44	39	38	35	
620	431	331	276	241	208	181	161	143	132	123	110	101	96	86	78	69	64	60	51	46	45	42	39	
608	424	325	272	230	196	179	155	144	136	120	108	103	92	83	71	65	61	53	47	46	43	40	36	
594	403	324	272	236	210	178	159	149	129	115	108	98	88	76	70	66	57	51	49	46	43	39	38	
563	407	312	271	237	200	177	163	144	127	119	106	95	83	77	71	62	57	54	50	47	43	42	39	
595	405	328	281	233	202	178	154	137	129	116	104	91	85	75	66	60	56	52	49	45	44	41	38	
564	411	336	278	236	209	180	158	146	132	119	103	95	83	73	68	63	58	54	49	48	45	42	38	
584	436	326	272	240	201	177	160	145	131	118	108	96	86	80	75	68	63	57	56	52	47	43	39	
650	443	349	296	245	215	193	170	153	134	122	106	96	89	83	76	72	65	64	60	52	47	43	36	
633	439	343	280	245	216	188	166	146	132	115	105	98	92	85	80	71	68	64	56	51	46	39	32	
642	464	355	307	262	223	195	171	156	136	123	115	105	97	91	82	79	74	65	60	55	45	37	36	
633	440	358	301	249	218	190	175	155	136	126	115	106	97	88	85	79	71	65	60	51	40	39	39	
605	456	364	292	250	217	197	176	158	143	132	116	108	96	92	85	77	71	65	55	43	42	42	40	
641	466	362	300	257	230	205	180	166	150	130	122	109	103	94	84	77	70	60	47	46	46	43	41	
648	447	363	298	259	230	203	185	166	145	135	122	116	106	94	87	80	69	57	55	54	50	47	43	
625	460	352	293	254	219	195	174	150	139	125	118	106	96	89	82	71	58	56	55	51	48	44	42	
670	456	354	299	253	222	190	166	152	135	127	118	105	97	88	77	62	60	59	55	52	48	45	43	
618	457	364	305	258	219	183	165	148	140	130	115	106	94	83	65	63	61	57	54	50	46	44	42	
640	465	370	295	240	199	180	161	153	139	121	112	101	86	67	64	62	57	54	50	46	45	43	40	
658	470	365	283	234	206	185	172	153	133	122	109	93	74	69	67	61	59	52	48	47	45	40	38	
604	433	326	265	230	197	182	162	140	129	114	96	76	72	69	62	59	54	49	48	46	41	38	36	
636	425	324	271	230	210	183	155	140	125	106	84	78	74	67	64	58	52	51	49	44	41	38	34	
583	410	321	265	239	206	172	152	134	112	87	79	75	68	64	59	54	53	51	45	43	40	36	30	
598	400	313	274	232	195	169	146	120	94	85	81	73	67	61	56	54	52	47	44	41	37	31	28	
581	404	329	270	225	191	158	127	99	89	84	76	70	64	58	55	53	48	45	42	38	33	30	26	
584	421	332	262	217	180	143	114	100	92	83	76	70	61	57	55	49	46	43	38	33	30	26	20	
640	439	321	261	208	163	128	113	105	95	83	77	68	64	59	53	50	47	42	36	32	28	21	18	
647	430	335	267	209	164	134	123	109	99	88	79	70	65	57	53	50	45	39	35	31	24	20	18	
606	423	324	249	186	151	137	123	110	96	85	73	68	60	56	53	47	41	37	32	25	21	19	14	
636	434	290	211	166	150	134	121	108	95	83	76	68	63	60	54	46	42	35	27	21	19	14	12	
617	395	265	207	174	157	141	122	110	97	88	79	73	69	62	55	50	43	35	29	27	22	18	14	
572	362	265	220	195	173	147	132	116	106	93	84	79	72	65	59	52	43	37	34	30	23	18	17	
545	337	270	240	209	177	156	135	125	112	101	92	84	76	70	61	50	44	41	37	30	27	26	22	
532	351	291	242	203	179	155	141	124	113	102	94	84	74	64	52	46	43	39	32	29	28	25	23	
519	378	290	236	207	179	158	139	125	114	104	92	82	72	59	51	48	45	38	34	33	30	27	21	
563	378	296	253	210	184	162	146	135	123	111	98	86	71	61	55	52	45	42	39	36	33	26	22	
546	388	300	239	209	177	154	140	127	113	99	87	71	62	55	52	45	42	39	35	33	26	24	24	
595	393	295	246	205	175	159	146	126	108	96	80	71	65	61	55	52	49	45	42	35	30	30	28	
604	400	316	255	213	188	174	152	127	110	89	80	73	70	62	59	55	51	48	41	35	34	32	28	
561	393	310	254	220	190	166	141	124	102	90	82	76	68	63	59	54	51	44	38	37	35	31	28	
614	408	308	262	220	190	163	141	115	103	92	84	76	71	68	60	57	50	42	40	38	35	32	32	
589	389	312	254	216	186	162	135	119	106	97	86	80	77	69	65	57	48	45	42	38	35	35	35	
573	411	317	264	225	193	163	138	123	112	101	94	89	77	71	62	52	49	43	39	36	36	36	35	
603	414	326	270	231	193	163	146	131	116	103	98	84	78	69	59	56	48	44	40	40	38	37	34	
573	408	319	264	219	186	166	145	127	113	105	90	84	75	66	62	53	48	42	42	40	39	36	33	
581	401	323	260	215	190	168	145	125	113	95	89	80	70	66	56	51	44	44	42	41	38	34	29	
572	392	303	251	213	187	160	135	121	102	96	85	75	71	60	55	47	46	43	42	39	35	30	29	
571	390	297	248	206	172	146	128	107	98	86	76	72	60	55	47	47	44	43	41	36	31	30	26	
576	393	303	248	206	175	150	126	112	98	84	76	62	57	49	49	47	45	43	38	33	32	28	27	
562	401	303	250	203	172	142	125	108	91	81	67	60	52	52	50	48	45	40	35	34	30	29	27	
541	378	300	240	194	157	137	119	100	86	70	62	53	53	50	48	45	40	35	34	30	29	27	24	
562	380	290	227	186	165	138	118	100	81	73	61	60	53	51	48	43	38	36	32	31	28	25	24	
530	364	271	209	179	147	123	102	84	75	63	62	55	53	49	44	39	37	32	31	28	25	24	22	
516	360	267	210	171	140	119	97	85	71	67	59	57	53	47	41	39	33	31	28	25	24	22	22	
504	330	254	202	162	138	112	96	80	75	66	64	59	52	46	43	36	34	31	28	25	22	22	21	
493	315	237	190	157	126	110	91	85	74	71	66	58	51	48	41	38	34	31	27	24	24	23	22	
460	315	226	182	146	126	104	98	83	79	74	67	60	55	47	42	38	35	32	28	27	26	24	21	
450	284	219	176	145	119	110	96	90	85	76	68	61	52	47	41	37	34	30	29	28	26	22	17	
425	287	219	169	136	124	106	101	94	84	76	66	57	51	45	41	38	34	33	32	30	25	20	15	
462	287	216	172	153	131	121	111	96	88	77	65	56	50	44	41	36	35	34	33	28	23	17	13	
432	281	210	183	153	138	128	110	99	88	76	66	60	53	49	42	41	40	38	31	26	21	16	12	
439	292	231	194	169	144	122	109	95	82	72	65	59	53	47	46	45	43	36	29	25	19	13	11	
429	302	246	205	176	148	132	115	98	87	76	67	61	55	54	52	50	42	33	27	21	15	13	9	
493	340	260	219	176	147	125	107	94	85	73	68	62	60	57	55	48	39	33	24	18	14	10	9	
474	336	264	205	168	142	116	102	92	80	74	66	64	61	59	50	40	32	25	21	14	10	9	9	
486	342	254	211	176	145	125	110	94	85	76	72	67	64	55	44	36	28	23	16	11	9	9	8	
502	331	254	206	167	141	121	104	92	83	78	73	68	60	50	41	33	27	20	14	13	13	12	11	
504	342	264	211	176	150	130	114	102	93	85	79	68	55	46	38	32	24	19	16	14	13	12	12	
501	340	258	208	173	149	130	115	104	93	87	76	63	54	46	40	31	25	21	19	17	15	15	13	
513	338	245	200	173	150	133	119	106	98	85	71	59	52	46	35	27	23	21	20	18	17	14	14	
506	340	249	209	171	150	134	119	106	94	80	66	55	49	38	28	24	21	20	18	17	15	15	14	
499	338	265	214	181	160	137	120	104	88	72	61	54	40	29	25	22	20	18	17	15	15	14	14	
500	343	257	218	187	159	139	124	106	88	75	64	49	38	33	28	24	22	21	19	19	18	18	15	
510	335	269	222	187	157	136	115	96	81	69	55	41	36	32	27	25	24	22	21	19	19	16	16	
509	358	273	232	185	153	128	105	91	75	60	43	38	33	28	25	25	23	22	20	20	17	17	16	
534	347	276	218	176	146	120	102	85	68	50	44	38	33	29	28	26	24	22	21	18	18	18	16	
520	370	277	221	178	144	123	100	79	59	50	41	36	32	30	28	26	24	23	20	19	19	18	17	
527	343	259	205	159	131	108	85	64	55	45	38	32	30	28	26	24	23	20	19	19	18	17	17	
497	332	254	194	163	131	101	76	62	51	43	36	34	31	29	27	24	21	20	20	19	18	18	17	
469	321	239	195	155	116	87	72	60	52	44	39	33	31	29	25	22	21	20	19	18	18	18	16	
497	325	238	179	133	100	79	68	58	50	44	37	35	33	30	26	25	24	22	21	21	21	19	19	
511	337	238	176	129	102	86	73	64	58	50	46	43	39	35	33	31	29	28	28	28	26	26	26	
529	334	239	169	126	101	83	71	65	58	53	47	41	38	34	32	30	29	29	29	27	27	27	26	
520	326	214	157	125	98	81	72	62	57	52	47	41	36	34	31	30	30	30	28	28	28	27	25	
531	316	215	159	122	97	83	70	62	56	49	45	38	35	33	32	31	31	28	28	28	27	25	22	
457	285	199	147	118	100	79	70	61	54	47	41	37	33	32	32	29	27	27	27	26	23	21	20	
453	279	196	155	127	98	83	70	63	54	45	41	37	34	34	33	29	29	29	27	24	22	21	20	
466	290	211	169	129	106	88	75	62	52	48	44	39	39	37	35	34	34	31	30	28	27	26	23	
473	302	223	168	137	114	96	78	64	56	51	46	44	42	40	40	40	37	35	32	30	29	27	26	
490	316	210	169	137	113	92	74	65	58	50	49	47	44	44	41	38	36	33	31	29	27	26	25	
500	298	220	165	133	105	83	73	64	58	57	55	51	50	47	44	42	38	35	33	30	29	27	25	
448	276	201	158	126	99	84	71	62	59	57	53	53	51	46	43	38	36	34	32	31	29	26	25	
450	277	199	150	120	103	84	72	66	63	57	56	53	50	46	40	37	34	32	31	29	26	25	25	
462	274	190	146	121	95	81	75	70	64	61	57	53	48	41	39	36	34	33	30	27	25	25	24	
460	271	180	144	115	98	90	84	76	74	68	62	55	48	46	42	40	39	34	30	29	29	28	27	
414	242	175	140	117	105	98	86	83	76	69	62	52	49	45	43	42	37	32	31	31	30	29	28	
410	247	184	152	127	114	98	92	85	75	68	58	54	49	46	44	39	34	33	32	31	30	29	27	
423	259	189	151	129	109	99	90	81	73	62	58	53	50	48	43	37	36	35	34	34	32	30	27	
397	251	191	160	133	120	109	93	84	71	65	60	56	53	47	41	39	37	36	36	33	31	28	25	
411	262	205	163	143	127	105	96	83	76	70	66	62	56	50	47	44	39	39	35	33	30	27	23	
410	292	213	175	150	125	111	94	85	77	73	68	61	53	48	45	39	39	35	33	30	27	23	22	
452	297	225	184	154	130	106	94	84	80	75	67	58	53	49	43	43	38	34	31	28	24	23	21	
464	316	238	185	152	124	114	95	88	80	72	64	57	52	44	42	36	31	28	26	21	20	18	17	
494	327	236	186	147	131	109	97	86	78	68	60	57	48	45	39	35	30	28	24	23	21	19	18	
507	336	243	180	156	126	115	96	86	76	67	62	53	49	43	39	33	31	29	27	24	22	20	17	
492	321	233	196	154	140	111	98	86	76	71	60	56	50	44	37	34	31	28	25	23	22	18	16	
482	291	227	171	153	119	105	93	80	73	64	60	54	47	38	35	32	29	26	24	23	19	15	15	
467	309	226	195	155	132	116	98	89	74	66	58	50	41	37	35	31	28	26	24	20	16	16	15	
494	317	246	187	158	130	107	94	80	71	63	53	43	39	34	31	28	26	25	21	18	18	17	15	
502	325	239	186	149	122	106	90	78	68	57	46	42	37	33	29	27	26	21	18	17	16	14	13	
481	314	236	182	149	127	104	91	81	67	55	50	44	38	34	31	30	25	21	19	18	16	15	12	
479	313	225	177	146	120	103	89	74	61	56	50	45	40	37	36	29	25	23	22	19	18	12	12	
