240	55	14	7	5	4	1	1	1	0	0	0	0	0	0	0	0	0	0	0	0	0	0	0	
268	60	24	9	6	2	2	1	0	0	0	0	0	0	0	0	0	0	0	0	0	0	0	0	
336	81	31	18	9	5	2	1	0	0	0	0	0	0	0	0	0	0	0	0	0	0	0	0	
357	106	44	18	8	3	1	0	0	0	0	0	0	0	0	0	0	0	0	0	0	0	0	0	
446	121	34	13	5	2	0	0	0	0	0	0	0	0	0	0	0	0	0	0	0	0	0	0	
397	94	34	11	5	1	1	1	1	1	1	1	1	1	1	1	0	0	0	0	0	0	0	0	
416	117	47	21	9	6	2	1	1	1	1	1	1	1	1	0	0	0	0	0	0	0	0	0	
430	121	43	16	8	4	2	1	1	1	1	1	1	1	0	0	0	0	0	0	0	0	0	0	
479	130	46	20	10	7	5	2	2	1	1	1	1	0	0	0	0	0	0	0	0	0	0	0	
506	142	51	18	12	8	2	2	1	1	1	1	0	0	0	0	0	0	0	0	0	0	0	0	
498	156	63	30	17	7	4	2	1	1	1	0	0	0	0	0	0	0	0	0	0	0	0	0	
487	148	73	34	15	11	7	5	3	2	1	0	0	0	0	0	0	0	0	0	0	0	0	0	
479	156	68	27	18	9	5	3	2	1	0	0	0	0	0	0	0	0	0	0	0	0	0	0	
511	160	58	28	12	6	3	2	1	0	0	0	0	0	0	0	0	0	0	0	0	0	0	0	
514	148	54	24	11	5	4	2	0	0	0	0	0	0	0	0	0	0	0	0	0	0	0	0	
499	133	47	21	9	5	2	0	0	0	0	0	0	0	0	0	0	0	0	0	0	0	0	0	
443	116	41	18	7	3	0	0	0	0	0	0	0	0	0	0	0	0	0	0	0	0	0	0	
448	124	43	15	7	1	0	0	0	0	0	0	0	0	0	0	0	0	0	0	0	0	0	0	
422	122	49	24	9	4	2	1	1	1	0	0	0	0	0	0	0	0	0	0	0	0	0	0	
445	127	56	22	11	5	3	1	1	0	0	0	0	0	0	0	0	0	0	0	0	0	0	0	
448	138	47	17	8	4	3	2	0	0	0	0	0	0	0	0	0	0	0	0	0	0	0	0	
463	139	51	23	11	6	4	1	1	0	0	0	0	0	0	0	0	0	0	0	0	0	0	0	
443	119	47	17	11	6	3	3	1	1	1	1	1	1	0	0	0	0	0	0	0	0	0	0	
419	131	51	26	12	6	5	2	2	1	1	1	1	0	0	0	0	0	0	0	0	0	0	0	
457	138	64	30	12	9	4	4	2	2	2	1	0	0	0	0	0	0	0	0	0	0	0	0	
446	154	67	27	17	8	6	3	2	2	1	1	1	1	1	1	0	0	0	0	0	0	0	0	
492	159	69	37	18	14	8	5	2	1	1	1	1	1	1	0	0	0	0	0	0	0	0	0	
436	145	66	33	22	11	7	4	2	0	0	0	0	0	0	0	0	0	0	0	0	0	0	0	
454	160	72	46	17	12	9	6	2	2	1	1	1	0	0	0	0	0	0	0	0	0	0	0	
436	146	79	33	20	12	8	4	3	2	2	2	1	0	0	0	0	0	0	0	0	0	0	0	
422	174	78	39	18	11	8	7	4	2	2	1	0	0	0	0	0	0	0	0	0	0	0	0	
508	176	80	38	21	14	11	7	5	4	3	2	1	0	0	0	0	0	0	0	0	0	0	0	
532	176	78	44	23	15	10	6	4	3	2	1	0	0	0	0	0	0	0	0	0	0	0	0	
547	187	91	50	31	16	9	7	5	3	1	0	0	0	0	0	0	0	0	0	0	0	0	0	
613	228	107	64	31	17	12	7	5	3	1	0	0	0	0	0	0	0	0	0	0	0	0	0	
615	214	104	48	26	14	10	8	3	1	0	0	0	0	0	0	0	0	0	0	0	0	0	0	
584	181	73	32	17	12	8	3	1	0	0	0	0	0	0	0	0	0	0	0	0	0	0	0	
602	173	70	34	17	10	5	1	0	0	0	0	0	0	0	0	0	0	0	0	0	0	0	0	
581	167	65	32	18	11	4	2	2	1	0	0	0	0	0	0	0	0	0	0	0	0	0	0	
627	173	77	38	25	10	4	3	2	0	0	0	0	0	0	0	0	0	0	0	0	0	0	0	
575	156	76	41	17	8	7	5	1	1	1	0	0	0	0	0	0	0	0	0	0	0	0	0	
569	168	80	39	17	12	10	5	3	3	1	1	1	1	1	1	1	1	1	0	0	0	0	0	
583	182	76	36	21	19	10	6	3	2	2	2	1	1	1	1	1	1	0	0	0	0	0	0	
599	172	58	30	24	11	7	4	2	2	2	1	1	1	1	1	1	0	0	0	0	0	0	0	
563	146	66	41	18	10	5	2	2	2	1	1	1	1	1	1	0	0	0	0	0	0	0	0	
607	187	84	41	21	10	6	4	4	2	1	1	1	1	1	0	0	0	0	0	0	0	0	0	
612	189	79	45	27	17	8	8	3	1	1	1	1	1	0	0	0	0	0	0	0	0	0	0	
607	193	96	56	29	16	13	7	5	3	3	2	1	0	0	0	0	0	0	0	0	0	0	0	
678	218	95	46	21	16	9	5	4	4	3	2	0	0	0	0	0	0	0	0	0	0	0	0	
629	187	85	40	23	13	9	6	6	5	4	0	0	0	0	0	0	0	0	0	0	0	0	0	
538	181	76	37	18	13	9	7	6	4	0	0	0	0	0	0	0	0	0	0	0	0	0	0	
646	194	83	40	23	13	10	7	5	1	1	1	0	0	0	0	0	0	0	0	0	0	0	0	
575	188	78	52	25	16	9	7	3	2	2	0	0	0	0	0	0	0	0	0	0	0	0	0	
612	193	96	46	29	15	11	7	6	4	0	0	0	0	0	0	0	0	0	0	0	0	0	0	
602	210	91	50	22	18	13	9	6	1	0	0	0	0	0	0	0	0	0	0	0	0	0	0	
724	220	95	48	30	20	13	8	2	0	0	0	0	0	0	0	0	0	0	0	0	0	0	0	
629	212	89	53	28	17	11	3	0	0	0	0	0	0	0	0	0	0	0	0	0	0	0	0	
694	220	112	54	29	19	8	2	2	2	2	0	0	0	0	0	0	0	0	0	0	0	0	0	
623	230	94	42	27	13	4	4	2	2	0	0	0	0	0	0	0	0	0	0	0	0	0	0	
758	200	89	45	23	8	6	3	3	0	0	0	0	0	0	0	0	0	0	0	0	0	0	0	
587	183	85	45	25	16	8	7	1	1	1	1	1	0	0	0	0	0	0	0	0	0	0	0	
591	189	96	49	28	15	11	4	4	2	2	2	0	0	0	0	0	0	0	0	0	0	0	0	
671	231	103	53	28	18	10	8	6	4	3	1	0	0	0	0	0	0	0	0	0	0	0	0	
674	207	92	49	31	18	14	8	4	3	1	0	0	0	0	0	0	0	0	0	0	0	0	0	
607	207	95	43	24	18	10	6	5	3	2	0	0	0	0	0	0	0	0	0	0	0	0	0	
696	229	101	56	37	17	9	7	4	2	0	0	0	0	0	0	0	0	0	0	0	0	0	0	
699	210	93	62	30	18	11	6	4	1	1	0	0	0	0	0	0	0	0	0	0	0	0	0	
662	206	109	44	25	15	8	5	1	1	0	0	0	0	0	0	0	0	0	0	0	0	0	0	
667	238	84	39	22	12	8	4	3	0	0	0	0	0	0	0	0	0	0	0	0	0	0	0	
765	212	80	37	18	9	3	2	0	0	0	0	0	0	0	0	0	0	0	0	0	0	0	0	
719	189	83	33	15	6	4	0	0	0	0	0	0	0	0	0	0	0	0	0	0	0	0	0	
681	203	77	39	15	8	0	0	0	0	0	0	0	0	0	0	0	0	0	0	0	0	0	0	
669	188	69	26	12	3	1	1	1	0	0	0	0	0	0	0	0	0	0	0	0	0	0	0	
652	173	54	25	7	3	2	1	0	0	0	0	0	0	0	0	0	0	0	0	0	0	0	0	
677	165	59	21	7	4	1	0	0	0	0	0	0	0	0	0	0	0	0	0	0	0	0	0	
728	180	54	22	9	2	0	0	0	0	0	0	0	0	0	0	0	0	0	0	0	0	0	0	
714	155	46	18	6	2	0	0	0	0	0	0	0	0	0	0	0	0	0	0	0	0	0	0	
751	164	53	20	9	3	1	0	0	0	0	0	0	0	0	0	0	0	0	0	0	0	0	0	
747	155	50	19	7	3	1	1	0	0	0	0	0	0	0	0	0	0	0	0	0	0	0	0	
712	128	41	17	6	1	1	0	0	0	0	0	0	0	0	0	0	0	0	0	0	0	0	0	
679	122	43	16	5	2	0	0	0	0	0	0	0	0	0	0	0	0	0	0	0	0	0	0	
672	130	44	17	6	0	0	0	0	0	0	0	0	0	0	0	0	0	0	0	0	0	0	0	
588	110	31	11	2	2	0	0	0	0	0	0	0	0	0	0	0	0	0	0	0	0	0	0	
538	107	30	5	5	2	1	1	1	1	1	1	1	1	1	1	1	0	0	0	0	0	0	0	
525	91	14	9	4	1	1	1	1	1	1	1	1	1	1	1	0	0	0	0	0	0	0	0	
458	71	16	6	2	1	1	1	1	1	1	1	1	1	1	0	0	0	0	0	0	0	0	0	
443	74	16	7	4	3	3	3	3	3	3	2	2	2	0	0	0	0	0	0	0	0	0	0	
432	66	20	6	5	3	3	3	3	3	2	2	2	0	0	0	0	0	0	0	0	0	0	0	
391	65	14	5	3	2	2	2	2	1	1	1	1	1	0	0	0	0	0	0	0	0	0	0	
371	68	25	16	10	8	5	5	4	4	4	2	1	0	0	0	0	0	0	0	0	0	0	0	
429	90	39	19	14	8	6	5	5	5	2	1	0	0	0	0	0	0	0	0	0	0	0	0	
441	107	37	23	15	7	6	5	5	2	1	0	0	0	0	0	0	0	0	0	0	0	0	0	
449	99	43	24	12	8	6	6	3	1	0	0	0	0	0	0	0	0	0	0	0	0	0	0	
422	105	42	21	14	11	9	5	1	0	0	0	0	0	0	0	0	0	0	0	0	0	0	0	
462	108	46	22	15	10	5	1	0	0	0	0	0	0	0	0	0	0	0	0	0	0	0	0	
482	126	54	30	17	8	1	0	0	0	0	0	0	0	0	0	0	0	0	0	0	0	0	0	
494	138	58	29	18	5	2	2	2	2	0	0	0	0	0	0	0	0	0	0	0	0	0	0	
588	168	60	30	9	3	2	2	2	0	0	0	0	0	0	0	0	0	0	0	0	0	0	0	
616	145	55	15	3	2	2	1	0	0	0	0	0	0	0	0	0	0	0	0	0	0	0	0	
515	127	28	7	4	2	1	0	0	0	0	0	0	0	0	0	0	0	0	0	0	0	0	0	
491	82	12	5	3	1	0	0	0	0	0	0	0	0	0	0	0	0	0	0	0	0	0	0	
387	31	12	6	3	1	1	1	1	0	0	0	0	0	0	0	0	0	0	0	0	0	0	0	
245	67	28	14	3	1	1	1	0	0	0	0	0	0	0	0	0	0	0	0	0	0	0	0	
632	181	61	16	7	3	2	1	0	0	0	0	0	0	0	0	0	0	0	0	0	0	0	0	
584	132	27	12	5	4	2	0	0	0	0	0	0	0	0	0	0	0	0	0	0	0	0	0	
577	89	36	11	6	3	1	1	1	1	1	0	0	0	0	0	0	0	0	0	0	0	0	0	
475	97	27	12	6	4	3	2	1	1	0	0	0	0	0	0	0	0	0	0	0	0	0	0	
458	67	29	15	11	6	5	3	1	0	0	0	0	0	0	0	0	0	0	0	0	0	0	0	
384	71	28	18	6	5	3	0	0	0	0	0	0	0	0	0	0	0	0	0	0	0	0	0	
528	154	70	26	13	9	4	0	0	0	0	0	0	0	0	0	0	0	0	0	0	0	0	0	
728	195	65	30	18	10	3	1	1	0	0	0	0	0	0	0	0	0	0	0	0	0	0	0	
689	173	64	24	12	3	0	0	0	0	0	0	0	0	0	0	0	0	0	0	0	0	0	0	
644	149	37	16	5	0	0	0	0	0	0	0	0	0	0	0	0	0	0	0	0	0	0	0	
589	116	38	15	7	6	3	2	1	0	0	0	0	0	0	0	0	0	0	0	0	0	0	0	
447	112	37	19	13	7	2	0	0	0	0	0	0	0	0	0	0	0	0	0	0	0	0	0	
498	114	43	27	11	3	1	1	0	0	0	0	0	0	0	0	0	0	0	0	0	0	0	0	
490	123	59	23	10	6	3	2	1	0	0	0	0	0	0	0	0	0	0	0	0	0	0	0	
479	158	54	23	9	4	3	2	1	1	1	0	0	0	0	0	0	0	0	0	0	0	0	0	
537	151	61	30	16	8	4	3	2	1	0	0	0	0	0	0	0	0	0	0	0	0	0	0	
498	132	53	26	18	9	6	4	1	0	0	0	0	0	0	0	0	0	0	0	0	0	0	0	
497	152	65	36	21	12	8	4	3	2	1	0	0	0	0	0	0	0	0	0	0	0	0	0	
511	147	55	23	13	7	4	3	2	1	0	0	0	0	0	0	0	0	0	0	0	0	0	0	
500	132	48	28	15	8	6	4	2	1	1	0	0	0	0	0	0	0	0	0	0	0	0	0	
527	134	55	24	13	10	7	4	1	1	0	0	0	0	0	0	0	0	0	0	0	0	0	0	
506	150	59	28	16	12	5	1	1	0	0	0	0	0	0	0	0	0	0	0	0	0	0	0	
526	144	57	29	16	8	1	1	0	0	0	0	0	0	0	0	0	0	0	0	0	0	0	0	
503	124	55	28	16	9	6	3	1	1	0	0	0	0	0	0	0	0	0	0	0	0	0	0	
590	167	66	34	17	11	6	2	2	1	1	0	0	0	0	0	0	0	0	0	0	0	0	0	
636	189	65	34	22	11	5	3	2	2	1	1	1	1	1	1	0	0	0	0	0	0	0	0	
573	129	53	30	16	8	5	2	2	1	1	1	1	1	1	0	0	0	0	0	0	0	0	0	
460	130	58	28	11	7	3	3	2	2	2	2	2	2	1	1	1	0	0	0	0	0	0	0	
478	142	63	25	15	8	6	3	3	3	3	2	2	1	1	1	0	0	0	0	0	0	0	0	
430	133	50	25	12	9	4	4	3	3	2	2	1	1	1	0	0	0	0	0	0	0	0	0	
501	123	55	22	16	8	5	3	3	2	2	1	1	1	0	0	0	0	0	0	0	0	0	0	
482	161	67	35	17	8	4	4	3	3	2	1	1	0	0	0	0	0	0	0	0	0	0	0	
527	152	66	29	16	9	5	3	3	2	1	1	0	0	0	0	0	0	0	0	0	0	0	0	
491	148	56	26	12	7	4	3	2	1	1	0	0	0	0	0	0	0	0	0	0	0	0	0	
481	135	58	23	13	6	3	2	1	1	0	0	0	0	0	0	0	0	0	0	0	0	0	0	
473	133	50	23	12	4	3	2	2	1	0	0	0	0	0	0	0	0	0	0	0	0	0	0	
454	127	49	24	8	6	4	3	1	0	0	0	0	0	0	0	0	0	0	0	0	0	0	0	
504	137	42	21	13	7	5	3	2	1	1	0	0	0	0	0	0	0	0	0	0	0	0	0	
490	135	57	30	17	11	5	2	1	1	0	0	0	0	0	0	0	0	0	0	0	0	0	0	
488	166	72	32	15	7	1	1	1	0	0	0	0	0	0	0	0	0	0	0	0	0	0	0	
587	188	77	37	16	7	4	3	2	2	1	1	1	0	0	0	0	0	0	0	0	0	0	0	
519	146	63	26	10	6	3	2	2	1	1	1	0	0	0	0	0	0	0	0	0	0	0	0	
452	143	57	21	11	3	2	2	1	1	1	0	0	0	0	0	0	0	0	0	0	0	0	0	
477	144	55	24	10	4	3	1	1	1	0	0	0	0	0	0	0	0	0	0	0	0	0	0	
443	137	61	24	8	4	0	0	0	0	0	0	0	0	0	0	0	0	0	0	0	0	0	0	
436	126	41	16	9	2	1	1	0	0	0	0	0	0	0	0	0	0	0	0	0	0	0	0	
425	116	47	24	10	4	4	1	1	0	0	0	0	0	0	0	0	0	0	0	0	0	0	0	
436	122	48	21	8	5	2	1	0	0	0	0	0	0	0	0	0	0	0	0	0	0	0	0	
455	129	56	23	11	2	1	0	0	0	0	0	0	0	0	0	0	0	0	0	0	0	0	0	
412	116	38	12	2	1	0	0	0	0	0	0	0	0	0	0	0	0	0	0	0	0	0	0	
456	121	39	15	7	3	2	1	0	0	0	0	0	0	0	0	0	0	0	0	0	0	0	0	
461	116	41	15	5	3	2	1	0	0	0	0	0	0	0	0	0	0	0	0	0	0	0	0	
455	115	39	16	7	4	2	0	0	0	0	0	0	0	0	0	0	0	0	0	0	0	0	0	
453	106	39	13	8	4	2	2	1	1	0	0	0	0	0	0	0	0	0	0	0	0	0	0	
418	107	33	15	5	3	3	2	2	1	0	0	0	0	0	0	0	0	0	0	0	0	0	0	
440	115	37	17	6	3	2	2	2	1	0	0	0	0	0	0	0	0	0	0	0	0	0	0	
391	98	42	17	9	5	4	2	1	0	0	0	0	0	0	0	0	0	0	0	0	0	0	0	
384	98	40	21	13	8	2	1	0	0	0	0	0	0	0	0	0	0	0	0	0	0	0	0	
381	117	45	25	17	4	1	0	0	0	0	0	0	0	0	0	0	0	0	0	0	0	0	0	
420	121	51	31	11	4	1	0	0	0	0	0	0	0	0	0	0	0	0	0	0	0	0	0	
379	101	50	15	6	1	0	0	0	0	0	0	0	0	0	0	0	0	0	0	0	0	0	0	
351	111	35	13	4	3	1	0	0	0	0	0	0	0	0	0	0	0	0	0	0	0	0	0	
392	111	42	14	6	0	0	0	0	0	0	0	0	0	0	0	0	0	0	0	0	0	0	0	
379	93	21	10	2	0	0	0	0	0	0	0	0	0	0	0	0	0	0	0	0	0	0	0	
374	102	38	16	2	0	0	0	0	0	0	0	0	0	0	0	0	0	0	0	0	0	0	0	
370	82	34	16	7	3	1	1	1	1	1	1	1	1	0	0	0	0	0	0	0	0	0	0	
377	82	33	13	6	3	2	1	1	1	1	1	1	0	0	0	0	0	0	0	0	0	0	0	
378	82	29	12	5	4	2	1	1	1	1	1	0	0	0	0	0	0	0	0	0	0	0	0	
358	77	28	14	10	5	2	1	1	1	1	0	0	0	0	0	0	0	0	0	0	0	0	0	
354	69	24	13	6	2	1	1	1	1	0	0	0	0	0	0	0	0	0	0	0	0	0	0	
318	75	31	15	8	3	2	2	1	0	0	0	0	0	0	0	0	0	0	0	0	0	0	0	
323	69	21	10	4	2	2	1	0	0	0	0	0	0	0	0	0	0	0	0	0	0	0	0	
357	97	32	12	5	4	2	0	0	0	0	0	0	0	0	0	0	0	0	0	0	0	0	0	
337	84	22	8	4	2	0	0	0	0	0	0	0	0	0	0	0	0	0	0	0	0	0	0	
376	85	20	10	6	2	0	0	0	0	0	0	0	0	0	0	0	0	0	0	0	0	0	0	
366	73	26	10	5	0	0	0	0	0	0	0	0	0	0	0	0	0	0	0	0	0	0	0	
335	80	14	10	2	0	0	0	0	0	0	0	0	0	0	0	0	0	0	0	0	0	0	0	
351	72	29	5	2	1	1	1	1	1	1	1	0	0	0	0	0	0	0	0	0	0	0	0	
326	76	26	13	9	5	2	1	1	1	1	0	0	0	0	0	0	0	0	0	0	0	0	0	
310	75	23	11	7	3	1	1	1	1	0	0	0	0	0	0	0	0	0	0	0	0	0	0	
287	65	26	14	6	3	3	2	2	0	0	0	0	0	0	0	0	0	0	0	0	0	0	0	
308	64	23	11	5	4	3	3	1	1	1	1	0	0	0	0	0	0	0	0	0	0	0	0	
288	66	22	14	8	5	3	1	1	1	1	0	0	0	0	0	0	0	0	0	0	0	0	0	
338	78	28	13	6	3	1	1	1	1	0	0	0	0	0	0	0	0	0	0	0	0	0	0	
297	75	23	11	6	2	2	1	1	0	0	0	0	0	0	0	0	0	0	0	0	0	0	0	
370	93	36	11	4	2	0	0	0	0	0	0	0	0	0	0	0	0	0	0	0	0	0	0	
356	92	27	9	5	1	1	0	0	0	0	0	0	0	0	0	0	0	0	0	0	0	0	0	
343	71	25	10	4	4	0	0	0	0	0	0	0	0	0	0	0	0	0	0	0	0	0	0	
282	66	23	5	4	0	0	0	0	0	0	0	0	0	0	0	0	0	0	0	0	0	0	0	
263	64	17	7	0	0	0	0	0	0	0	0	0	0	0	0	0	0	0	0	0	0	0	0	
287	63	24	6	1	1	0	0	0	0	0	0	0	0	0	0	0	0	0	0	0	0	0	0	
301	75	23	7	3	2	1	0	0	0	0	0	0	0	0	0	0	0	0	0	0	0	0	0	
277	55	18	7	1	0	0	0	0	0	0	0	0	0	0	0	0	0	0	0	0	0	0	0	
294	62	14	5	2	1	0	0	0	0	0	0	0	0	0	0	0	0	0	0	0	0	0	0	
275	51	13	3	2	1	0	0	0	0	0	0	0	0	0	0	0	0	0	0	0	0	0	0	
262	57	13	3	1	0	0	0	0	0	0	0	0	0	0	0	0	0	0	0	0	0	0	0	
280	53	15	8	2	0	0	0	0	0	0	0	0	0	0	0	0	0	0	0	0	0	0	0	
247	49	13	3	0	0	0	0	0	0	0	0	0	0	0	0	0	0	0	0	0	0	0	0	
215	32	8	2	1	0	0	0	0	0	0	0	0	0	0	0	0	0	0	0	0	0	0	0	
174	37	6	2	0	0	0	0	0	0	0	0	0	0	0	0	0	0	0	0	0	0	0	0	
217	39	11	6	1	1	1	1	1	1	1	1	1	0	0	0	0	0	0	0	0	0	0	0	
200	40	12	4	1	1	1	1	1	1	1	1	0	0	0	0	0	0	0	0	0	0	0	0	
197	40	13	3	2	2	1	1	1	1	1	0	0	0	0	0	0	0	0	0	0	0	0	0	
185	41	9	4	2	1	0	0	0	0	0	0	0	0	0	0	0	0	0	0	0	0	0	0	
204	39	16	3	2	1	1	1	1	0	0	0	0	0	0	0	0	0	0	0	0	0	0	0	
203	44	11	6	3	3	2	1	0	0	0	0	0	0	0	0	0	0	0	0	0	0	0	0	
231	47	12	8	4	3	1	0	0	0	0	0	0	0	0	0	0	0	0	0	0	0	0	0	
204	36	13	5	3	1	0	0	0	0	0	0	0	0	0	0	0	0	0	0	0	0	0	0	
164	36	13	4	1	0	0	0	0	0	0	0	0	0	0	0	0	0	0	0	0	0	0	0	
195	38	12	5	0	0	0	0	0	0	0	0	0	0	0	0	0	0	0	0	0	0	0	0	
189	45	15	1	1	1	0	0	0	0	0	0	0	0	0	0	0	0	0	0	0	0	0	0	
200	42	6	2	1	0	0	0	0	0	0	0	0	0	0	0	0	0	0	0	0	0	0	0	
205	35	12	2	0	0	0	0	0	0	0	0	0	0	0	0	0	0	0	0	0	0	0	0	
178	34	4	1	0	0	0	0	0	0	0	0	0	0	0	0	0	0	0	0	0	0	0	0	
188	34	9	3	2	2	2	1	1	1	0	0	0	0	0	0	0	0	0	0	0	0	0	0	
198	41	12	7	6	4	1	1	1	0	0	0	0	0	0	0	0	0	0	0	0	0	0	0	
193	41	15	11	6	2	1	1	0	0	0	0	0	0	0	0	0	0	0	0	0	0	0	0	
180	43	19	4	2	0	0	0	0	0	0	0	0	0	0	0	0	0	0	0	0	0	0	0	
234	51	14	4	1	1	0	0	0	0	0	0	0	0	0	0	0	0	0	0	0	0	0	0	
205	47	13	2	2	1	1	0	0	0	0	0	0	0	0	0	0	0	0	0	0	0	0	0	
225	46	8	4	2	1	0	0	0	0	0	0	0	0	0	0	0	0	0	0	0	0	0	0	
165	32	7	1	1	0	0	0	0	0	0	0	0	0	0	0	0	0	0	0	0	0	0	0	
183	28	8	1	0	0	0	0	0	0	0	0	0	0	0	0	0	0	0	0	0	0	0	0	
169	34	11	2	1	0	0	0	0	0	0	0	0	0	0	0	0	0	0	0	0	0	0	0	
187	41	12	4	0	0	0	0	0	0	0	0	0	0	0	0	0	0	0	0	0	0	0	0	
221	47	12	1	0	0	0	0	0	0	0	0	0	0	0	0	0	0	0	0	0	0	0	0	
196	37	11	2	0	0	0	0	0	0	0	0	0	0	0	0	0	0	0	0	0	0	0	0	
180	25	6	3	0	0	0	0	0	0	0	0	0	0	0	0	0	0	0	0	0	0	0	0	
160	21	5	0	0	0	0	0	0	0	0	0	0	0	0	0	0	0	0	0	0	0	0	0	
154	22	8	4	2	1	1	0	0	0	0	0	0	0	0	0	0	0	0	0	0	0	0	0	
140	15	4	3	1	1	0	0	0	0	0	0	0	0	0	0	0	0	0	0	0	0	0	0	
133	21	6	1	1	0	0	0	0	0	0	0	0	0	0	0	0	0	0	0	0	0	0	0	
127	31	5	4	2	0	0	0	0	0	0	0	0	0	0	0	0	0	0	0	0	0	0	0	
165	25	8	2	1	0	0	0	0	0	0	0	0	0	0	0	0	0	0	0	0	0	0	0	
116	24	8	3	1	1	0	0	0	0	0	0	0	0	0	0	0	0	0	0	0	0	0	0	
133	16	4	1	0	0	0	0	0	0	0	0	0	0	0	0	0	0	0	0	0	0	0	0	
123	23	4	1	0	0	0	0	0	0	0	0	0	0	0	0	0	0	0	0	0	0	0	0	
139	20	5	0	0	0	0	0	0	0	0	0	0	0	0	0	0	0	0	0	0	0	0	0	
99	16	3	0	0	0	0	0	0	0	0	0	0	0	0	0	0	0	0	0	0	0	0	0	
103	23	8	2	1	1	0	0	0	0	0	0	0	0	0	0	0	0	0	0	0	0	0	0	
89	23	5	1	1	0	0	0	0	0	0	0	0	0	0	0	0	0	0	0	0	0	0	0	
92	19	6	5	1	0	0	0	0	0	0	0	0	0	0	0	0	0	0	0	0	0	0	0	
108	22	8	3	0	0	0	0	0	0	0	0	0	0	0	0	0	0	0	0	0	0	0	0	
109	27	7	1	0	0	0	0	0	0	0	0	0	0	0	0	0	0	0	0	0	0	0	0	
113	28	7	1	1	0	0	0	0	0	0	0	0	0	0	0	0	0	0	0	0	0	0	0	
110	28	11	4	1	0	0	0	0	0	0	0	0	0	0	0	0	0	0	0	0	0	0	0	
120	27	8	4	1	1	1	0	0	0	0	0	0	0	0	0	0	0	0	0	0	0	0	0	
98	25	10	2	1	1	0	0	0	0	0	0	0	0	0	0	0	0	0	0	0	0	0	0	
122	29	8	3	2	0	0	0	0	0	0	0	0	0	0	0	0	0	0	0	0	0	0	0	
124	28	10	6	3	2	2	0	0	0	0	0	0	0	0	0	0	0	0	0	0	0	0	0	
127	42	15	7	2	2	0	0	0	0	0	0	0	0	0	0	0	0	0	0	0	0	0	0	
137	35	12	4	3	1	1	0	0	0	0	0	0	0	0	0	0	0	0	0	0	0	0	0	
140	33	10	7	2	1	0	0	0	0	0	0	0	0	0	0	0	0	0	0	0	0	0	0	
139	39	18	4	2	0	0	0	0	0	0	0	0	0	0	0	0	0	0	0	0	0	0	0	
142	40	12	4	0	0	0	0	0	0	0	0	0	0	0	0	0	0	0	0	0	0	0	0	
164	43	12	5	2	2	2	1	0	0	0	0	0	0	0	0	0	0	0	0	0	0	0	0	
137	41	15	8	4	2	1	0	0	0	0	0	0	0	0	0	0	0	0	0	0	0	0	0	
176	50	15	8	5	4	2	1	0	0	0	0	0	0	0	0	0	0	0	0	0	0	0	0	
164	39	13	8	6	3	2	1	0	0	0	0	0	0	0	0	0	0	0	0	0	0	0	0	
162	56	25	13	6	2	1	0	0	0	0	0	0	0	0	0	0	0	0	0	0	0	0	0	
173	56	23	11	6	1	0	0	0	0	0	0	0	0	0	0	0	0	0	0	0	0	0	0	
229	73	34	19	7	2	0	0	0	0	0	0	0	0	0	0	0	0	0	0	0	0	0	0	
192	69	31	12	5	3	0	0	0	0	0	0	0	0	0	0	0	0	0	0	0	0	0	0	
230	67	21	7	5	0	0	0	0	0	0	0	0	0	0	0	0	0	0	0	0	0	0	0	
212	63	14	6	2	0	0	0	0	0	0	0	0	0	0	0	0	0	0	0	0	0	0	0	
189	44	18	11	4	2	1	1	1	1	1	1	1	1	1	1	1	1	0	0	0	0	0	0	
183	64	33	13	7	2	1	1	1	1	1	1	1	1	1	1	1	0	0	0	0	0	0	0	
200	57	17	9	4	2	1	1	1	1	1	1	1	1	1	1	0	0	0	0	0	0	0	0	
191	64	33	17	9	4	2	2	2	1	1	1	1	1	1	0	0	0	0	0	0	0	0	0	
254	94	37	22	9	3	3	2	1	1	1	1	1	1	0	0	0	0	0	0	0	0	0	0	
285	103	52	18	8	7	4	2	2	2	1	1	1	0	0	0	0	0	0	0	0	0	0	0	
257	100	35	17	8	4	2	2	2	1	1	1	0	0	0	0	0	0	0	0	0	0	0	0	
290	85	39	21	11	6	4	4	3	1	1	0	0	0	0	0	0	0	0	0	0	0	0	0	
227	80	37	20	7	5	5	4	2	2	1	0	0	0	0	0	0	0	0	0	0	0	0	0	
228	96	38	12	9	7	4	1	1	0	0	0	0	0	0	0	0	0	0	0	0	0	0	0	
313	111	41	26	15	10	6	4	2	1	0	0	0	0	0	0	0	0	0	0	0	0	0	0	
239	76	43	18	11	7	4	2	1	0	0	0	0	0	0	0	0	0	0	0	0	0	0	0	
230	101	40	21	12	8	4	2	1	1	1	0	0	0	0	0	0	0	0	0	0	0	0	0	
309	110	49	25	14	6	3	2	1	1	0	0	0	0	0	0	0	0	0	0	0	0	0	0	
250	93	39	21	10	5	4	1	1	0	0	0	0	0	0	0	0	0	0	0	0	0	0	0	
220	73	38	17	9	6	3	2	1	1	1	0	0	0	0	0	0	0	0	0	0	0	0	0	
218	86	34	16	10	5	2	1	1	1	0	0	0	0	0	0	0	0	0	0	0	0	0	0	
221	64	30	16	9	5	4	4	3	2	0	0	0	0	0	0	0	0	0	0	0	0	0	0	
202	71	37	21	13	11	9	7	4	1	1	1	1	1	1	1	1	1	0	0	0	0	0	0	
235	88	36	19	15	12	9	5	1	1	1	1	1	1	1	1	1	0	0	0	0	0	0	0	
274	93	38	25	22	16	9	2	2	1	1	1	1	1	1	1	0	0	0	0	0	0	0	0	
249	89	49	35	24	12	4	2	1	0	0	0	0	0	0	0	0	0	0	0	0	0	0	0	
227	92	48	34	17	6	3	1	0	0	0	0	0	0	0	0	0	0	0	0	0	0	0	0	
280	128	64	33	17	9	7	1	1	1	1	1	1	0	0	0	0	0	0	0	0	0	0	0	
356	133	54	23	13	10	3	3	2	2	2	2	1	0	0	0	0	0	0	0	0	0	0	0	
281	84	30	13	9	4	4	2	2	2	2	1	0	0	0	0	0	0	0	0	0	0	0	0	
225	70	23	12	7	5	2	2	2	2	1	0	0	0	0	0	0	0	0	0	0	0	0	0	
201	57	26	11	8	2	2	2	2	1	0	0	0	0	0	0	0	0	0	0	0	0	0	0	
208	65	28	17	8	5	4	3	2	1	0	0	0	0	0	0	0	0	0	0	0	0	0	0	
239	77	42	23	14	8	5	3	2	1	1	1	1	1	0	0	0	0	0	0	0	0	0	0	
251	105	50	22	13	10	4	3	2	2	2	2	2	1	1	1	1	0	0	0	0	0	0	0	
342	105	43	27	20	8	6	3	3	3	3	3	2	2	2	2	0	0	0	0	0	0	0	0	
249	82	37	23	7	5	2	2	2	2	2	1	1	1	1	0	0	0	0	0	0	0	0	0	
247	81	40	13	7	3	2	2	2	2	1	1	1	1	0	0	0	0	0	0	0	0	0	0	
253	96	29	17	9	6	5	4	4	3	3	1	1	0	0	0	0	0	0	0	0	0	0	0	
328	106	58	33	17	13	8	5	4	4	2	1	0	0	0	0	0	0	0	0	0	0	0	0	
249	106	51	26	16	11	7	4	4	2	1	0	0	0	0	0	0	0	0	0	0	0	0	0	
263	102	47	31	18	11	7	5	3	1	0	0	0	0	0	0	0	0	0	0	0	0	0	0	
290	101	64	41	21	16	9	7	4	1	0	0	0	0	0	0	0	0	0	0	0	0	0	0	
277	145	83	39	30	18	14	8	4	2	1	0	0	0	0	0	0	0	0	0	0	0	0	0	
450	212	79	51	27	16	10	4	2	1	0	0	0	0	0	0	0	0	0	0	0	0	0	0	
435	139	77	39	24	13	6	3	1	0	0	0	0	0	0	0	0	0	0	0	0	0	0	0	
292	125	57	32	16	8	3	1	0	0	0	0	0	0	0	0	0	0	0	0	0	0	0	0	
414	136	60	28	13	7	2	1	1	1	1	1	1	1	1	1	1	1	1	1	1	1	1	0	
313	102	44	17	7	2	1	1	1	1	1	1	1	1	1	1	1	1	1	1	1	1	0	0	
263	88	39	15	5	2	2	1	1	1	1	1	1	1	1	1	1	1	1	1	1	0	0	0	
303	104	36	15	6	4	2	1	1	1	1	1	1	1	1	1	1	1	1	1	0	0	0	0	
311	80	30	11	4	3	2	2	2	2	2	1	1	1	1	1	1	1	1	0	0	0	0	0	
230	75	36	17	9	3	3	3	3	3	2	2	2	2	1	1	1	1	0	0	0	0	0	0	
241	78	33	18	9	8	5	4	4	3	2	2	2	1	1	1	1	0	0	0	0	0	0	0	
225	64	26	13	11	8	5	4	2	1	1	1	1	1	1	1	0	0	0	0	0	0	0	0	
304	98	37	22	13	8	5	3	2	2	2	1	1	1	1	0	0	0	0	0	0	0	0	0	
261	77	43	24	15	9	4	3	2	2	1	1	1	1	0	0	0	0	0	0	0	0	0	0	
241	101	52	27	14	6	4	3	2	1	1	1	1	0	0	0	0	0	0	0	0	0	0	0	
335	120	54	22	11	5	4	3	1	1	1	1	0	0	0	0	0	0	0	0	0	0	0	0	
300	110	39	19	11	4	3	1	1	1	1	0	0	0	0	0	0	0	0	0	0	0	0	0	
313	97	37	19	10	6	1	1	1	1	0	0	0	0	0	0	0	0	0	0	0	0	0	0	
264	76	29	18	7	2	2	2	2	0	0	0	0	0	0	0	0	0	0	0	0	0	0	0	
251	71	38	17	5	3	3	3	1	0	0	0	0	0	0	0	0	0	0	0	0	0	0	0	
232	74	28	9	4	4	3	1	0	0	0	0	0	0	0	0	0	0	0	0	0	0	0	0	
261	85	33	14	11	7	3	2	1	0	0	0	0	0	0	0	0	0	0	0	0	0	0	0	
244	67	26	18	12	5	2	1	0	0	0	0	0	0	0	0	0	0	0	0	0	0	0	0	
230	60	38	23	11	5	1	0	0	0	0	0	0	0	0	0	0	0	0	0	0	0	0	0	
224	99	42	15	7	3	2	2	2	2	0	0	0	0	0	0	0	0	0	0	0	0	0	0	
312	75	30	13	7	4	2	2	2	0	0	0	0	0	0	0	0	0	0	0	0	0	0	0	
196	59	28	12	5	3	2	2	0	0	0	0	0	0	0	0	0	0	0	0	0	0	0	0	
247	77	33	12	6	4	3	1	0	0	0	0	0	0	0	0	0	0	0	0	0	0	0	0	
251	87	31	19	12	8	5	3	0	0	0	0	0	0	0	0	0	0	0	0	0	0	0	0	
212	69	40	22	12	6	3	0	0	0	0	0	0	0	0	0	0	0	0	0	0	0	0	0	
223	100	43	20	11	5	1	1	0	0	0	0	0	0	0	0	0	0	0	0	0	0	0	0	
293	83	36	18	5	1	1	0	0	0	0	0	0	0	0	0	0	0	0	0	0	0	0	0	
197	66	32	8	4	3	2	1	1	1	0	0	0	0	0	0	0	0	0	0	0	0	0	0	
294	98	30	10	6	3	2	2	2	0	0	0	0	0	0	0	0	0	0	0	0	0	0	0	
255	62	23	11	6	4	3	3	0	0	0	0	0	0	0	0	0	0	0	0	0	0	0	0	
213	63	24	12	7	4	4	0	0	0	0	0	0	0	0	0	0	0	0	0	0	0	0	0	
198	60	28	16	8	4	0	0	0	0	0	0	0	0	0	0	0	0	0	0	0	0	0	0	
205	80	30	13	6	1	1	1	1	0	0	0	0	0	0	0	0	0	0	0	0	0	0	0	
330	82	37	18	6	2	2	2	0	0	0	0	0	0	0	0	0	0	0	0	0	0	0	0	
223	83	32	11	1	1	1	0	0	0	0	0	0	0	0	0	0	0	0	0	0	0	0	0	
290	89	25	6	2	2	0	0	0	0	0	0	0	0	0	0	0	0	0	0	0	0	0	0	
248	59	18	9	6	1	1	0	0	0	0	0	0	0	0	0	0	0	0	0	0	0	0	0	
207	56	24	12	2	2	1	0	0	0	0	0	0	0	0	0	0	0	0	0	0	0	0	0	
211	78	38	11	4	2	0	0	0	0	0	0	0	0	0	0	0	0	0	0	0	0	0	0	
282	95	31	14	8	4	2	1	1	0	0	0	0	0	0	0	0	0	0	0	0	0	0	0	
281	72	27	15	9	5	4	2	1	1	1	0	0	0	0	0	0	0	0	0	0	0	0	0	
215	50	24	14	7	4	2	1	1	1	0	0	0	0	0	0	0	0	0	0	0	0	0	0	
187	60	24	13	7	2	0	0	0	0	0	0	0	0	0	0	0	0	0	0	0	0	0	0	
254	85	38	19	11	4	4	4	1	1	0	0	0	0	0	0	0	0	0	0	0	0	0	0	
284	90	36	18	7	6	5	1	1	0	0	0	0	0	0	0	0	0	0	0	0	0	0	0	
217	71	32	12	7	6	1	1	0	0	0	0	0	0	0	0	0	0	0	0	0	0	0	0	
229	89	22	13	8	1	1	0	0	0	0	0	0	0	0	0	0	0	0	0	0	0	0	0	
350	70	46	24	7	4	2	1	0	0	0	0	0	0	0	0	0	0	0	0	0	0	0	0	
218	107	52	15	10	5	3	2	2	1	0	0	0	0	0	0	0	0	0	0	0	0	0	0	
405	154	41	22	11	5	1	1	0	0	0	0	0	0	0	0	0	0	0	0	0	0	0	0	
280	71	37	18	10	4	2	1	0	0	0	0	0	0	0	0	0	0	0	0	0	0	0	0	
211	72	31	18	10	4	2	1	0	0	0	0	0	0	0	0	0	0	0	0	0	0	0	0	
253	70	29	14	7	3	1	0	0	0	0	0	0	0	0	0	0	0	0	0	0	0	0	0	
260	95	40	21	7	2	1	1	1	1	1	0	0	0	0	0	0	0	0	0	0	0	0	0	
294	90	46	16	9	7	3	2	2	2	1	0	0	0	0	0	0	0	0	0	0	0	0	0	
233	92	36	19	15	10	8	5	5	3	1	1	0	0	0	0	0	0	0	0	0	0	0	0	
346	108	49	34	21	12	8	7	4	1	1	0	0	0	0	0	0	0	0	0	0	0	0	0	
302	110	64	33	20	13	11	5	1	1	0	0	0	0	0	0	0	0	0	0	0	0	0	0	
326	132	58	31	14	10	5	1	1	0	0	0	0	0	0	0	0	0	0	0	0	0	0	0	
411	143	56	27	17	9	2	2	1	1	1	0	0	0	0	0	0	0	0	0	0	0	0	0	
400	122	53	28	14	4	4	2	1	1	0	0	0	0	0	0	0	0	0	0	0	0	0	0	
338	109	52	14	4	3	1	1	1	0	0	0	0	0	0	0	0	0	0	0	0	0	0	0	
376	138	35	12	7	2	1	1	0	0	0	0	0	0	0	0	0	0	0	0	0	0	0	0	
376	92	30	14	4	1	1	0	0	0	0	0	0	0	0	0	0	0	0	0	0	0	0	0	
287	72	32	10	4	3	1	1	1	0	0	0	0	0	0	0	0	0	0	0	0	0	0	0	
286	97	35	12	4	1	1	1	0	0	0	0	0	0	0	0	0	0	0	0	0	0	0	0	
410	105	25	10	6	4	2	0	0	0	0	0	0	0	0	0	0	0	0	0	0	0	0	0	
280	62	21	9	7	4	2	1	1	0	0	0	0	0	0	0	0	0	0	0	0	0	0	0	
238	63	30	17	10	6	2	2	0	0	0	0	0	0	0	0	0	0	0	0	0	0	0	0	
278	104	33	18	9	4	3	0	0	0	0	0	0	0	0	0	0	0	0	0	0	0	0	0	
390	90	44	18	10	7	3	0	0	0	0	0	0	0	0	0	0	0	0	0	0	0	0	0	
255	94	33	19	10	3	0	0	0	0	0	0	0	0	0	0	0	0	0	0	0	0	0	0	
467	162	68	32	11	7	5	3	2	1	0	0	0	0	0	0	0	0	0	0	0	0	0	0	
386	118	51	17	9	7	4	3	2	0	0	0	0	0	0	0	0	0	0	0	0	0	0	0	
314	86	27	10	8	5	3	2	0	0	0	0	0	0	0	0	0	0	0	0	0	0	0	0	
294	75	21	14	6	3	2	0	0	0	0	0	0	0	0	0	0	0	0	0	0	0	0	0	
300	75	23	9	6	4	1	0	0	0	0	0	0	0	0	0	0	0	0	0	0	0	0	0	
289	94	28	14	8	2	0	0	0	0	0	0	0	0	0	0	0	0	0	0	0	0	0	0	
352	96	39	22	9	2	0	0	0	0	0	0	0	0	0	0	0	0	0	0	0	0	0	0	
297	93	39	16	4	1	1	1	1	1	1	1	1	1	0	0	0	0	0	0	0	0	0	0	
325	89	33	15	5	2	2	2	2	2	2	2	2	0	0	0	0	0	0	0	0	0	0	0	
306	92	36	13	5	4	2	2	2	2	2	2	0	0	0	0	0	0	0	0	0	0	0	0	
297	82	29	9	6	3	3	3	2	2	2	0	0	0	0	0	0	0	0	0	0	0	0	0	
301	80	21	11	4	3	3	2	2	2	0	0	0	0	0	0	0	0	0	0	0	0	0	0	
266	59	24	11	7	6	3	2	2	0	0	0	0	0	0	0	0	0	0	0	0	0	0	0	
240	67	29	15	11	7	3	3	0	0	0	0	0	0	0	0	0	0	0	0	0	0	0	0	
267	60	24	15	9	3	3	0	0	0	0	0	0	0	0	0	0	0	0	0	0	0	0	0	
237	75	35	19	11	7	4	2	0	0	0	0	0	0	0	0	0	0	0	0	0	0	0	0	
274	84	33	14	6	3	1	0	0	0	0	0	0	0	0	0	0	0	0	0	0	0	0	0	
338	87	36	13	10	6	1	0	0	0	0	0	0	0	0	0	0	0	0	0	0	0	0	0	
266	64	25	16	10	3	0	0	0	0	0	0	0	0	0	0	0	0	0	0	0	0	0	0	
254	75	33	21	8	2	1	1	1	0	0	0	0	0	0	0	0	0	0	0	0	0	0	0	
257	72	40	14	4	2	2	2	0	0	0	0	0	0	0	0	0	0	0	0	0	0	0	0	
348	120	49	18	11	9	4	0	0	0	0	0	0	0	0	0	0	0	0	0	0	0	0	0	
377	113	30	17	12	6	1	1	0	0	0	0	0	0	0	0	0	0	0	0	0	0	0	0	
330	70	23	11	5	1	1	0	0	0	0	0	0	0	0	0	0	0	0	0	0	0	0	0	
214	61	34	15	5	5	3	3	2	1	1	1	1	1	1	1	1	1	1	1	1	0	0	0	
274	87	30	10	7	4	4	2	1	1	1	1	1	1	1	1	1	1	1	1	0	0	0	0	
226	66	21	14	4	4	2	1	1	1	1	1	1	1	1	1	1	1	1	0	0	0	0	0	
232	59	26	11	10	4	1	1	1	1	1	1	1	1	1	1	1	1	0	0	0	0	0	0	
287	82	32	19	10	5	3	2	1	1	1	1	1	1	1	1	1	0	0	0	0	0	0	0	
260	70	38	18	11	5	2	1	1	1	1	1	1	1	1	1	0	0	0	0	0	0	0	0	
243	99	38	20	10	4	4	2	1	1	1	1	1	1	1	0	0	0	0	0	0	0	0	0	
395	112	52	19	8	7	3	1	1	1	1	1	1	1	0	0	0	0	0	0	0	0	0	0	
290	98	35	15	10	4	2	2	2	2	2	1	1	0	0	0	0	0	0	0	0	0	0	0	
381	84	34	18	9	5	3	3	2	2	1	1	0	0	0	0	0	0	0	0	0	0	0	0	
233	65	32	12	6	4	3	2	2	1	1	0	0	0	0	0	0	0	0	0	0	0	0	0	
320	121	31	13	8	6	3	2	1	1	0	0	0	0	0	0	0	0	0	0	0	0	0	0	
372	75	23	10	7	3	2	1	1	0	0	0	0	0	0	0	0	0	0	0	0	0	0	0	
248	63	29	17	6	4	2	2	1	0	0	0	0	0	0	0	0	0	0	0	0	0	0	0	
272	70	28	9	5	2	2	1	0	0	0	0	0	0	0	0	0	0	0	0	0	0	0	0	
273	81	28	12	5	2	1	0	0	0	0	0	0	0	0	0	0	0	0	0	0	0	0	0	
365	87	32	10	5	2	1	0	0	0	0	0	0	0	0	0	0	0	0	0	0	0	0	0	
269	59	23	12	6	4	1	1	1	0	0	0	0	0	0	0	0	0	0	0	0	0	0	0	
239	66	28	10	6	2	2	1	0	0	0	0	0	0	0	0	0	0	0	0	0	0	0	0	
278	85	23	12	5	5	2	1	0	0	0	0	0	0	0	0	0	0	0	0	0	0	0	0	
388	89	39	18	9	5	2	0	0	0	0	0	0	0	0	0	0	0	0	0	0	0	0	0	
251	76	32	15	7	3	1	0	0	0	0	0	0	0	0	0	0	0	0	0	0	0	0	0	
379	133	50	20	8	2	1	1	1	1	1	0	0	0	0	0	0	0	0	0	0	0	0	0	
432	113	43	18	7	2	2	1	1	1	0	0	0	0	0	0	0	0	0	0	0	0	0	0	
324	110	38	15	7	3	1	1	1	0	0	0	0	0	0	0	0	0	0	0	0	0	0	0	
377	84	29	13	4	1	1	1	0	0	0	0	0	0	0	0	0	0	0	0	0	0	0	0	
291	80	28	11	5	3	1	0	0	0	0	0	0	0	0	0	0	0	0	0	0	0	0	0	
320	71	28	11	5	2	0	0	0	0	0	0	0	0	0	0	0	0	0	0	0	0	0	0	
299	102	32	15	9	4	3	2	2	2	2	1	1	1	1	1	1	1	1	0	0	0	0	0	
449	94	43	15	9	5	3	3	2	2	1	1	1	1	1	1	1	1	0	0	0	0	0	0	
309	123	43	17	10	5	4	3	3	2	1	1	1	1	1	1	1	0	0	0	0	0	0	0	
489	117	44	21	12	7	5	4	2	1	1	1	1	1	1	1	0	0	0	0	0	0	0	0	
324	84	34	15	7	5	3	1	0	0	0	0	0	0	0	0	0	0	0	0	0	0	0	0	
330	105	45	18	12	5	1	0	0	0	0	0	0	0	0	0	0	0	0	0	0	0	0	0	
302	95	36	21	13	4	1	1	1	1	1	1	1	0	0	0	0	0	0	0	0	0	0	0	
349	100	41	20	6	2	2	1	1	1	1	1	0	0	0	0	0	0	0	0	0	0	0	0	
392	115	44	16	6	2	1	1	1	1	1	0	0	0	0	0	0	0	0	0	0	0	0	0	
417	115	47	23	13	4	2	1	1	1	0	0	0	0	0	0	0	0	0	0	0	0	0	0	
354	113	39	20	7	2	1	1	1	0	0	0	0	0	0	0	0	0	0	0	0	0	0	0	
396	110	46	17	8	6	3	2	1	1	1	1	1	0	0	0	0	0	0	0	0	0	0	0	
359	111	33	12	8	4	3	2	2	1	1	1	0	0	0	0	0	0	0	0	0	0	0	0	
397	105	36	18	6	3	2	2	1	1	1	0	0	0	0	0	0	0	0	0	0	0	0	0	
364	106	45	13	5	4	4	2	1	1	0	0	0	0	0	0	0	0	0	0	0	0	0	0	
353	95	29	10	8	5	2	1	1	0	0	0	0	0	0	0	0	0	0	0	0	0	0	0	
370	95	29	14	7	2	1	1	0	0	0	0	0	0	0	0	0	0	0	0	0	0	0	0	
332	87	37	11	4	1	1	0	0	0	0	0	0	0	0	0	0	0	0	0	0	0	0	0	
373	121	34	14	7	3	2	0	0	0	0	0	0	0	0	0	0	0	0	0	0	0	0	0	
386	86	36	19	6	4	1	0	0	0	0	0	0	0	0	0	0	0	0	0	0	0	0	0	
317	89	31	9	5	1	0	0	0	0	0	0	0	0	0	0	0	0	0	0	0	0	0	0	
417	117	28	13	4	2	0	0	0	0	0	0	0	0	0	0	0	0	0	0	0	0	0	0	
376	89	38	11	5	0	0	0	0	0	0	0	0	0	0	0	0	0	0	0	0	0	0	0	
322	106	31	16	7	7	3	3	1	1	0	0	0	0	0	0	0	0	0	0	0	0	0	0	
465	127	52	26	19	11	8	6	5	2	2	2	1	1	0	0	0	0	0	0	0	0	0	0	
397	133	58	37	21	14	8	6	3	3	3	2	2	1	1	1	1	1	1	1	0	0	0	0	
466	159	72	34	21	12	7	3	3	3	2	2	1	1	1	1	1	1	1	0	0	0	0	0	
552	199	71	38	17	11	6	5	5	4	3	2	1	1	1	1	1	1	0	0	0	0	0	0	
535	139	57	25	14	8	6	6	5	3	2	1	1	1	1	1	1	0	0	0	0	0	0	0	
385	122	47	23	13	9	8	6	4	2	1	1	1	1	1	1	0	0	0	0	0	0	0	0	
409	109	44	25	16	11	8	5	3	1	1	1	1	1	1	0	0	0	0	0	0	0	0	0	
382	110	56	28	19	12	8	4	2	1	1	1	1	1	0	0	0	0	0	0	0	0	0	0	
391	147	59	34	21	13	6	4	2	2	1	1	1	0	0	0	0	0	0	0	0	0	0	0	
505	121	59	35	17	8	4	2	2	1	1	1	0	0	0	0	0	0	0	0	0	0	0	0	
386	121	66	30	14	8	2	2	1	1	1	0	0	0	0	0	0	0	0	0	0	0	0	0	
436	164	59	25	14	6	5	3	2	2	0	0	0	0	0	0	0	0	0	0	0	0	0	0	
462	131	47	21	9	8	6	2	2	0	0	0	0	0	0	0	0	0	0	0	0	0	0	0	
326	100	41	16	11	8	3	2	0	0	0	0	0	0	0	0	0	0	0	0	0	0	0	0	
331	91	33	20	9	3	3	1	1	1	0	0	0	0	0	0	0	0	0	0	0	0	0	0	
267	73	39	18	7	3	1	1	1	0	0	0	0	0	0	0	0	0	0	0	0	0	0	0	
300	112	43	17	12	7	5	3	1	1	1	1	1	0	0	0	0	0	0	0	0	0	0	0	
351	112	43	28	13	9	7	3	2	1	1	1	0	0	0	0	0	0	0	0	0	0	0	0	
273	73	44	17	10	8	3	2	1	1	1	0	0	0	0	0	0	0	0	0	0	0	0	0	
243	81	31	16	13	6	5	3	3	2	1	1	1	1	1	1	0	0	0	0	0	0	0	0	
291	83	33	21	9	5	3	3	2	1	1	1	1	1	1	0	0	0	0	0	0	0	0	0	
302	76	38	15	10	8	5	3	1	1	1	1	1	1	0	0	0	0	0	0	0	0	0	0	
308	110	42	26	15	7	5	3	2	1	1	1	1	0	0	0	0	0	0	0	0	0	0	0	
456	143	61	34	15	8	5	3	1	1	1	1	0	0	0	0	0	0	0	0	0	0	0	0	
439	141	57	20	10	7	3	1	1	1	1	0	0	0	0	0	0	0	0	0	0	0	0	0	
443	135	37	14	8	3	2	2	2	1	0	0	0	0	0	0	0	0	0	0	0	0	0	0	
459	117	45	21	10	4	4	4	2	0	0	0	0	0	0	0	0	0	0	0	0	0	0	0	
450	124	52	23	5	5	4	1	0	0	0	0	0	0	0	0	0	0	0	0	0	0	0	0	
435	142	53	22	15	9	5	2	1	1	0	0	0	0	0	0	0	0	0	0	0	0	0	0	
536	140	60	33	18	12	4	3	2	1	1	0	0	0	0	0	0	0	0	0	0	0	0	0	
407	123	52	26	17	6	4	2	1	1	0	0	0	0	0	0	0	0	0	0	0	0	0	0	
493	157	63	32	11	7	2	1	1	0	0	0	0	0	0	0	0	0	0	0	0	0	0	0	
449	130	49	16	11	4	1	1	0	0	0	0	0	0	0	0	0	0	0	0	0	0	0	0	
438	121	35	22	9	5	3	1	0	0	0	0	0	0	0	0	0	0	0	0	0	0	0	0	
371	87	43	16	8	6	1	0	0	0	0	0	0	0	0	0	0	0	0	0	0	0	0	0	
332	99	38	18	13	7	5	2	0	0	0	0	0	0	0	0	0	0	0	0	0	0	0	0	
356	91	38	22	11	7	3	2	2	0	0	0	0	0	0	0	0	0	0	0	0	0	0	0	
305	90	38	18	11	6	3	3	1	1	1	0	0	0	0	0	0	0	0	0	0	0	0	0	
370	104	36	18	8	4	3	1	1	1	0	0	0	0	0	0	0	0	0	0	0	0	0	0	
313	85	33	15	6	4	3	3	3	2	2	1	0	0	0	0	0	0	0	0	0	0	0	0	
319	86	35	18	8	6	5	4	2	2	1	0	0	0	0	0	0	0	0	0	0	0	0	0	
385	123	53	26	17	11	8	4	3	1	0	0	0	0	0	0	0	0	0	0	0	0	0	0	
408	129	53	29	19	12	6	3	1	0	0	0	0	0	0	0	0	0	0	0	0	0	0	0	
359	100	52	32	19	10	6	3	2	2	1	1	0	0	0	0	0	0	0	0	0	0	0	0	
341	112	50	25	15	10	7	4	4	2	2	1	0	0	0	0	0	0	0	0	0	0	0	0	
330	107	50	25	17	13	10	6	3	3	2	0	0	0	0	0	0	0	0	0	0	0	0	0	
382	112	55	31	21	15	8	4	3	2	0	0	0	0	0	0	0	0	0	0	0	0	0	0	
305	100	54	29	19	9	4	3	2	0	0	0	0	0	0	0	0	0	0	0	0	0	0	0	
353	111	59	28	15	8	5	3	1	1	0	0	0	0	0	0	0	0	0	0	0	0	0	0	
342	126	49	24	12	7	4	2	2	1	1	1	1	1	1	1	1	1	1	1	1	0	0	0	
327	82	40	17	12	8	3	3	2	2	1	1	1	1	1	1	1	1	1	1	0	0	0	0	
275	96	32	20	12	6	5	4	3	1	1	1	1	1	1	1	1	1	1	0	0	0	0	0	
402	97	44	21	12	7	4	3	1	1	1	1	1	1	1	1	1	1	0	0	0	0	0	0	
263	86	36	21	11	5	3	1	1	1	1	1	1	1	1	1	1	0	0	0	0	0	0	0	
317	86	37	19	11	8	4	4	2	2	2	1	1	1	1	1	0	0	0	0	0	0	0	0	
253	81	36	18	11	5	5	3	3	3	2	1	1	1	1	0	0	0	0	0	0	0	0	0	
270	86	27	15	6	5	3	3	3	2	1	1	1	1	0	0	0	0	0	0	0	0	0	0	
235	69	29	10	7	4	4	4	2	1	1	1	1	0	0	0	0	0	0	0	0	0	0	0	
263	77	31	15	9	4	4	2	1	1	1	1	0	0	0	0	0	0	0	0	0	0	0	0	
237	85	39	20	13	12	4	1	1	1	1	0	0	0	0	0	0	0	0	0	0	0	0	0	
269	86	37	22	17	6	3	2	2	1	0	0	0	0	0	0	0	0	0	0	0	0	0	0	
286	82	43	25	9	4	4	4	3	2	1	1	1	1	1	0	0	0	0	0	0	0	0	0	
242	83	45	13	8	6	5	3	2	1	1	1	1	1	0	0	0	0	0	0	0	0	0	0	
295	83	28	12	8	6	4	2	1	1	1	1	1	0	0	0	0	0	0	0	0	0	0	0	
249	87	32	18	12	9	5	2	2	1	1	1	0	0	0	0	0	0	0	0	0	0	0	0	
249	87	35	24	14	8	4	4	2	2	1	0	0	0	0	0	0	0	0	0	0	0	0	0	
267	83	42	22	12	6	6	4	4	2	1	1	1	1	1	1	1	1	1	1	1	0	0	0	
297	90	40	18	11	9	5	5	2	1	1	1	1	1	1	1	1	1	1	1	0	0	0	0	
289	98	41	20	15	8	8	5	2	2	1	1	1	1	1	1	1	1	1	0	0	0	0	0	
291	101	34	24	14	14	7	4	3	1	1	1	1	1	1	1	1	1	0	0	0	0	0	0	
272	76	37	17	15	8	5	4	2	1	1	1	1	1	1	1	1	0	0	0	0	0	0	0	
267	82	34	21	12	7	4	2	1	1	1	1	1	1	1	1	0	0	0	0	0	0	0	0	
265	82	43	24	14	10	4	3	2	1	1	1	1	1	1	0	0	0	0	0	0	0	0	0	
290	98	40	23	13	6	5	4	3	3	3	3	2	1	0	0	0	0	0	0	0	0	0	0	
294	90	35	17	6	4	3	2	2	2	2	1	1	0	0	0	0	0	0	0	0	0	0	0	
272	95	39	15	9	5	3	3	3	3	1	1	0	0	0	0	0	0	0	0	0	0	0	0	
330	113	48	25	13	8	6	5	4	2	1	0	0	0	0	0	0	0	0	0	0	0	0	0	
309	107	46	18	10	8	6	4	2	1	0	0	0	0	0	0	0	0	0	0	0	0	0	0	
314	100	37	15	12	9	5	3	1	0	0	0	0	0	0	0	0	0	0	0	0	0	0	0	
334	88	35	20	13	7	3	1	0	0	0	0	0	0	0	0	0	0	0	0	0	0	0	0	
297	92	39	22	12	7	2	0	0	0	0	0	0	0	0	0	0	0	0	0	0	0	0	0	
313	100	39	22	15	6	1	0	0	0	0	0	0	0	0	0	0	0	0	0	0	0	0	0	
312	83	32	13	4	2	0	0	0	0	0	0	0	0	0	0	0	0	0	0	0	0	0	0	
284	73	29	10	4	0	0	0	0	0	0	0	0	0	0	0	0	0	0	0	0	0	0	0	
273	95	37	17	8	3	1	0	0	0	0	0	0	0	0	0	0	0	0	0	0	0	0	0	
302	80	38	19	11	7	1	1	1	1	0	0	0	0	0	0	0	0	0	0	0	0	0	0	
277	101	45	25	16	6	4	3	3	2	2	2	1	0	0	0	0	0	0	0	0	0	0	0	
322	102	50	30	13	10	6	6	4	4	4	3	2	2	1	1	0	0	0	0	0	0	0	0	
289	91	41	20	14	8	7	4	4	4	3	2	2	1	1	0	0	0	0	0	0	0	0	0	
372	125	45	26	15	11	6	5	5	4	3	3	2	2	0	0	0	0	0	0	0	0	0	0	
349	96	43	22	12	8	7	5	4	3	3	2	2	0	0	0	0	0	0	0	0	0	0	0	
302	119	51	24	11	10	6	3	2	2	2	2	0	0	0	0	0	0	0	0	0	0	0	0	
379	115	44	21	17	10	7	4	4	3	2	0	0	0	0	0	0	0	0	0	0	0	0	0	
353	92	39	23	12	8	5	4	3	2	0	0	0	0	0	0	0	0	0	0	0	0	0	0	
333	96	44	18	10	7	6	4	2	0	0	0	0	0	0	0	0	0	0	0	0	0	0	0	
337	110	41	19	9	7	3	2	0	0	0	0	0	0	0	0	0	0	0	0	0	0	0	0	
355	124	50	26	14	7	4	0	0	0	0	0	0	0	0	0	0	0	0	0	0	0	0	0	
373	111	48	28	13	6	2	1	0	0	0	0	0	0	0	0	0	0	0	0	0	0	0	0	
320	116	52	25	15	6	3	1	0	0	0	0	0	0	0	0	0	0	0	0	0	0	0	0	
363	119	41	22	10	6	2	0	0	0	0	0	0	0	0	0	0	0	0	0	0	0	0	0	
337	102	42	12	8	4	1	1	1	1	1	1	1	1	0	0	0	0	0	0	0	0	0	0	
331	106	36	18	9	3	3	2	2	2	2	1	1	0	0	0	0	0	0	0	0	0	0	0	
331	102	44	17	8	5	2	2	2	2	1	1	0	0	0	0	0	0	0	0	0	0	0	0	
345	108	35	16	8	5	5	4	2	1	1	0	0	0	0	0	0	0	0	0	0	0	0	0	
305	98	35	19	8	8	5	2	1	1	0	0	0	0	0	0	0	0	0	0	0	0	0	0	
328	99	45	20	14	10	7	3	2	1	1	1	1	0	0	0	0	0	0	0	0	0	0	0	
353	109	38	16	9	5	2	2	1	1	1	1	0	0	0	0	0	0	0	0	0	0	0	0	
341	108	45	24	12	6	3	2	1	1	1	0	0	0	0	0	0	0	0	0	0	0	0	0	
362	102	47	23	13	4	1	1	1	1	0	0	0	0	0	0	0	0	0	0	0	0	0	0	
329	107	41	19	7	3	2	1	1	0	0	0	0	0	0	0	0	0	0	0	0	0	0	0	
351	107	51	23	12	5	2	2	0	0	0	0	0	0	0	0	0	0	0	0	0	0	0	0	
290	100	39	16	7	3	3	1	0	0	0	0	0	0	0	0	0	0	0	0	0	0	0	0	
324	100	33	13	4	4	1	0	0	0	0	0	0	0	0	0	0	0	0	0	0	0	0	0	
272	80	41	16	11	6	4	1	0	0	0	0	0	0	0	0	0	0	0	0	0	0	0	0	
319	112	46	20	13	8	3	1	0	0	0	0	0	0	0	0	0	0	0	0	0	0	0	0	
378	121	48	20	13	6	3	0	0	0	0	0	0	0	0	0	0	0	0	0	0	0	0	0	
343	109	40	23	9	3	0	0	0	0	0	0	0	0	0	0	0	0	0	0	0	0	0	0	
344	103	55	21	7	0	0	0	0	0	0	0	0	0	0	0	0	0	0	0	0	0	0	0	
337	117	43	20	9	4	1	0	0	0	0	0	0	0	0	0	0	0	0	0	0	0	0	0	
420	127	43	19	8	3	0	0	0	0	0	0	0	0	0	0	0	0	0	0	0	0	0	0	
338	101	37	14	7	2	0	0	0	0	0	0	0	0	0	0	0	0	0	0	0	0	0	0	
277	81	33	15	6	3	1	0	0	0	0	0	0	0	0	0	0	0	0	0	0	0	0	0	
290	88	39	17	9	3	2	1	1	1	1	1	1	1	1	1	1	1	1	1	1	1	1	1	
316	85	34	18	9	6	3	1	1	1	1	1	1	1	1	1	1	1	1	1	1	1	1	1	
279	74	30	11	8	4	1	1	1	1	1	1	1	1	1	1	1	1	1	1	1	1	1	1	
293	71	32	15	7	2	1	1	1	1	1	1	1	1	1	1	1	1	1	1	1	1	1	1	
268	67	28	17	7	4	1	1	1	1	1	1	1	1	1	1	1	1	1	1	1	1	1	1	
267	73	27	11	4	1	1	1	1	1	1	1	1	1	1	1	1	1	1	1	1	1	1	1	
261	69	29	8	3	3	2	1	1	1	1	1	1	1	1	1	1	1	1	1	1	1	1	1	
232	60	18	9	8	5	1	1	1	1	1	1	1	1	1	1	1	1	1	1	1	1	1	1	
252	59	21	11	6	2	2	2	2	2	2	2	2	1	1	1	1	1	1	1	1	1	1	1	
203	53	21	9	4	2	2	2	2	2	2	2	1	1	1	1	1	1	1	1	1	1	1	1	
199	50	16	6	4	3	2	2	2	2	2	1	1	1	1	1	1	1	1	1	1	1	1	1	
179	43	13	9	6	4	4	2	2	2	1	1	1	1	1	1	1	1	1	1	1	1	1	1	
140	34	16	10	5	4	2	2	2	1	1	1	1	1	1	1	1	1	1	1	1	1	1	1	
181	48	20	9	6	3	2	2	1	1	1	1	1	1	1	1	1	1	1	1	1	1	1	1	
188	66	29	18	9	6	6	4	3	2	2	2	2	2	2	1	1	1	1	1	1	1	1	1	
197	53	26	15	10	9	6	5	2	2	2	2	2	2	1	1	1	1	1	1	1	1	1	1	
183	59	24	15	12	7	5	2	2	2	2	2	2	1	1	1	1	1	1	1	1	1	1	1	
235	63	26	14	6	4	2	2	2	2	2	2	1	1	1	1	1	1	1	1	1	1	1	1	
192	55	25	12	9	5	5	3	2	2	2	1	1	1	1	1	1	1	1	1	1	1	1	1	
164	60	23	12	7	6	3	2	2	2	1	1	1	1	1	1	1	1	1	1	1	1	1	0	
211	52	18	8	6	2	2	2	2	1	1	1	1	1	1	1	1	1	1	1	1	1	0	0	
185	53	22	16	5	3	3	2	1	1	1	1	1	1	1	1	1	1	1	1	1	0	0	0	
176	47	25	11	8	5	3	2	2	2	2	2	1	1	1	1	1	1	1	1	0	0	0	0	
154	57	21	11	5	3	2	2	2	2	2	1	1	1	1	1	1	1	1	0	0	0	0	0	
241	52	21	9	5	2	2	2	2	2	1	1	1	1	1	1	1	1	0	0	0	0	0	0	
182	52	16	8	5	5	4	4	4	3	2	2	2	2	2	1	1	0	0	0	0	0	0	0	
217	54	27	16	10	8	7	6	5	4	3	3	3	2	1	1	0	0	0	0	0	0	0	0	
168	52	23	13	9	8	7	6	4	3	3	3	2	1	1	0	0	0	0	0	0	0	0	0	
197	64	23	12	8	7	6	4	3	3	3	2	1	1	0	0	0	0	0	0	0	0	0	0	
219	57	26	14	8	7	4	3	3	3	2	1	1	0	0	0	0	0	0	0	0	0	0	0	
194	59	19	9	7	4	3	3	3	2	1	1	0	0	0	0	0	0	0	0	0	0	0	0	
220	50	23	12	6	4	4	3	2	1	1	0	0	0	0	0	0	0	0	0	0	0	0	0	
200	65	24	11	8	6	4	3	2	2	1	0	0	0	0	0	0	0	0	0	0	0	0	0	
220	64	20	11	7	5	4	3	2	1	0	0	0	0	0	0	0	0	0	0	0	0	0	0	
237	49	25	12	8	5	4	3	2	0	0	0	0	0	0	0	0	0	0	0	0	0	0	0	
213	50	18	13	7	5	3	2	1	1	0	0	0	0	0	0	0	0	0	0	0	0	0	0	
210	44	20	10	6	3	2	1	1	0	0	0	0	0	0	0	0	0	0	0	0	0	0	0	
233	59	26	12	8	7	3	2	0	0	0	0	0	0	0	0	0	0	0	0	0	0	0	0	
190	63	29	15	12	6	3	1	1	1	0	0	0	0	0	0	0	0	0	0	0	0	0	0	
214	67	28	16	8	3	1	0	0	0	0	0	0	0	0	0	0	0	0	0	0	0	0	0	
206	54	22	12	4	2	1	0	0	0	0	0	0	0	0	0	0	0	0	0	0	0	0	0	
198	63	29	11	7	3	0	0	0	0	0	0	0	0	0	0	0	0	0	0	0	0	0	0	
191	71	24	8	4	1	1	0	0	0	0	0	0	0	0	0	0	0	0	0	0	0	0	0	
247	70	26	14	6	3	1	1	0	0	0	0	0	0	0	0	0	0	0	0	0	0	0	0	
178	52	28	12	4	1	1	0	0	0	0	0	0	0	0	0	0	0	0	0	0	0	0	0	
181	53	20	6	3	2	1	1	1	1	1	0	0	0	0	0	0	0	0	0	0	0	0	0	
215	60	21	13	8	4	3	2	1	1	0	0	0	0	0	0	0	0	0	0	0	0	0	0	
185	52	26	13	4	4	2	1	1	0	0	0	0	0	0	0	0	0	0	0	0	0	0	0	
204	78	37	11	6	4	2	1	0	0	0	0	0	0	0	0	0	0	0	0	0	0	0	0	
240	67	26	10	4	2	1	0	0	0	0	0	0	0	0	0	0	0	0	0	0	0	0	0	
173	49	22	8	3	1	0	0	0	0	0	0	0	0	0	0	0	0	0	0	0	0	0	0	
169	41	16	8	5	2	0	0	0	0	0	0	0	0	0	0	0	0	0	0	0	0	0	0	
154	48	23	8	3	3	1	1	1	1	0	0	0	0	0	0	0	0	0	0	0	0	0	0	
197	66	28	10	5	1	1	1	1	0	0	0	0	0	0	0	0	0	0	0	0	0	0	0	
180	64	21	8	4	2	1	1	0	0	0	0	0	0	0	0	0	0	0	0	0	0	0	0	
187	45	13	4	2	1	1	0	0	0	0	0	0	0	0	0	0	0	0	0	0	0	0	0	
172	45	12	6	6	4	2	1	0	0	0	0	0	0	0	0	0	0	0	0	0	0	0	0	
178	34	12	8	5	2	1	0	0	0	0	0	0	0	0	0	0	0	0	0	0	0	0	0	
170	47	25	8	2	0	0	0	0	0	0	0	0	0	0	0	0	0	0	0	0	0	0	0	
175	49	18	5	1	1	1	0	0	0	0	0	0	0	0	0	0	0	0	0	0	0	0	0	
194	59	17	5	2	2	0	0	0	0	0	0	0	0	0	0	0	0	0	0	0	0	0	0	
224	74	26	11	4	3	1	1	1	1	1	1	1	1	0	0	0	0	0	0	0	0	0	0	
228	68	24	9	4	2	2	2	2	2	1	1	1	0	0	0	0	0	0	0	0	0	0	0	
191	58	16	7	4	4	4	3	3	2	1	1	0	0	0	0	0	0	0	0	0	0	0	0	
207	54	21	14	9	5	3	3	2	1	1	0	0	0	0	0	0	0	0	0	0	0	0	0	
190	58	27	14	6	3	3	2	1	1	0	0	0	0	0	0	0	0	0	0	0	0	0	0	
233	68	29	18	9	6	3	1	1	0	0	0	0	0	0	0	0	0	0	0	0	0	0	0	
201	55	29	14	10	4	3	2	1	1	1	1	0	0	0	0	0	0	0	0	0	0	0	0	
174	64	27	13	6	4	2	1	1	1	1	0	0	0	0	0	0	0	0	0	0	0	0	0	
219	67	24	12	5	3	1	1	1	1	1	0	0	0	0	0	0	0	0	0	0	0	0	0	
223	59	26	9	6	3	3	3	2	1	0	0	0	0	0	0	0	0	0	0	0	0	0	0	
201	62	27	15	7	5	5	4	1	0	0	0	0	0	0	0	0	0	0	0	0	0	0	0	
195	64	26	15	10	7	4	2	1	1	1	0	0	0	0	0	0	0	0	0	0	0	0	0	
199	61	28	16	9	5	2	1	1	1	0	0	0	0	0	0	0	0	0	0	0	0	0	0	
183	61	32	17	9	5	2	2	2	0	0	0	0	0	0	0	0	0	0	0	0	0	0	0	
183	65	33	14	8	2	2	2	0	0	0	0	0	0	0	0	0	0	0	0	0	0	0	0	
206	79	33	19	6	4	2	0	0	0	0	0	0	0	0	0	0	0	0	0	0	0	0	0	
210	64	35	11	7	4	2	0	0	0	0	0	0	0	0	0	0	0	0	0	0	0	0	0	
162	51	17	9	6	2	0	0	0	0	0	0	0	0	0	0	0	0	0	0	0	0	0	0	
192	50	17	8	3	1	1	0	0	0	0	0	0	0	0	0	0	0	0	0	0	0	0	0	
187	42	13	3	2	2	1	1	0	0	0	0	0	0	0	0	0	0	0	0	0	0	0	0	
166	41	15	8	6	2	2	1	1	1	0	0	0	0	0	0	0	0	0	0	0	0	0	0	
206	49	14	8	2	2	1	1	1	1	0	0	0	0	0	0	0	0	0	0	0	0	0	0	
221	67	25	10	5	1	1	1	1	0	0	0	0	0	0	0	0	0	0	0	0	0	0	0	
220	63	23	9	3	1	1	1	0	0	0	0	0	0	0	0	0	0	0	0	0	0	0	0	
214	57	22	8	5	1	1	0	0	0	0	0	0	0	0	0	0	0	0	0	0	0	0	0	
218	66	31	15	5	3	2	1	1	1	1	0	0	0	0	0	0	0	0	0	0	0	0	0	
221	59	27	6	3	2	1	1	1	1	0	0	0	0	0	0	0	0	0	0	0	0	0	0	
245	72	20	10	9	6	4	4	3	2	1	1	0	0	0	0	0	0	0	0	0	0	0	0	
174	42	16	10	6	5	4	3	2	1	1	0	0	0	0	0	0	0	0	0	0	0	0	0	
173	61	32	19	12	9	7	5	3	3	1	1	1	1	1	1	0	0	0	0	0	0	0	0	
259	105	45	24	16	11	7	4	4	1	1	1	1	1	1	0	0	0	0	0	0	0	0	0	
243	71	37	25	16	9	6	5	2	1	1	1	1	1	0	0	0	0	0	0	0	0	0	0	
173	66	39	24	12	6	4	2	1	1	1	1	1	0	0	0	0	0	0	0	0	0	0	0	
205	86	48	22	9	6	2	1	1	1	1	1	0	0	0	0	0	0	0	0	0	0	0	0	
245	105	38	16	10	5	2	2	1	1	1	0	0	0	0	0	0	0	0	0	0	0	0	0	
259	72	26	13	7	3	3	1	1	1	0	0	0	0	0	0	0	0	0	0	0	0	0	0	
210	50	19	10	6	4	1	1	1	0	0	0	0	0	0	0	0	0	0	0	0	0	0	0	
169	40	15	10	5	1	1	1	0	0	0	0	0	0	0	0	0	0	0	0	0	0	0	0	
169	50	27	13	6	2	2	0	0	0	0	0	0	0	0	0	0	0	0	0	0	0	0	0	
163	56	21	10	4	3	1	0	0	0	0	0	0	0	0	0	0	0	0	0	0	0	0	0	
160	45	18	5	2	0	0	0	0	0	0	0	0	0	0	0	0	0	0	0	0	0	0	0	
165	55	25	9	4	1	0	0	0	0	0	0	0	0	0	0	0	0	0	0	0	0	0	0	
181	63	18	7	5	1	1	1	1	0	0	0	0	0	0	0	0	0	0	0	0	0	0	0	
185	49	18	9	4	2	1	1	0	0	0	0	0	0	0	0	0	0	0	0	0	0	0	0	
138	40	18	9	4	2	1	0	0	0	0	0	0	0	0	0	0	0	0	0	0	0	0	0	
197	63	27	11	8	4	1	0	0	0	0	0	0	0	0	0	0	0	0	0	0	0	0	0	
193	52	20	10	4	1	0	0	0	0	0	0	0	0	0	0	0	0	0	0	0	0	0	0	
180	49	25	12	3	2	2	2	1	1	1	1	0	0	0	0	0	0	0	0	0	0	0	0	
153	52	17	5	4	2	1	0	0	0	0	0	0	0	0	0	0	0	0	0	0	0	0	0	
184	60	17	8	4	3	1	1	1	1	0	0	0	0	0	0	0	0	0	0	0	0	0	0	
171	35	19	6	4	2	2	2	1	0	0	0	0	0	0	0	0	0	0	0	0	0	0	0	
142	39	10	5	2	2	2	1	0	0	0	0	0	0	0	0	0	0	0	0	0	0	0	0	
144	39	14	6	4	3	2	0	0	0	0	0	0	0	0	0	0	0	0	0	0	0	0	0	
148	36	18	10	7	4	1	0	0	0	0	0	0	0	0	0	0	0	0	0	0	0	0	0	
170	61	18	12	5	2	0	0	0	0	0	0	0	0	0	0	0	0	0	0	0	0	0	0	
198	65	30	12	6	2	2	2	2	0	0	0	0	0	0	0	0	0	0	0	0	0	0	0	
200	68	27	13	5	2	2	2	0	0	0	0	0	0	0	0	0	0	0	0	0	0	0	0	
191	63	20	8	5	3	3	0	0	0	0	0	0	0	0	0	0	0	0	0	0	0	0	0	
203	54	22	11	7	4	0	0	0	0	0	0	0	0	0	0	0	0	0	0	0	0	0	0	
185	53	20	10	5	1	1	1	1	1	1	0	0	0	0	0	0	0	0	0	0	0	0	0	
165	53	21	9	1	1	1	0	0	0	0	0	0	0	0	0	0	0	0	0	0	0	0	0	
196	69	27	7	6	4	2	2	1	0	0	0	0	0	0	0	0	0	0	0	0	0	0	0	
224	62	25	17	13	9	5	1	0	0	0	0	0	0	0	0	0	0	0	0	0	0	0	0	
203	51	27	19	11	5	1	0	0	0	0	0	0	0	0	0	0	0	0	0	0	0	0	0	
221	79	35	19	9	4	0	0	0	0	0	0	0	0	0	0	0	0	0	0	0	0	0	0	
262	77	35	17	10	3	1	0	0	0	0	0	0	0	0	0	0	0	0	0	0	0	0	0	
238	76	27	17	6	2	1	1	1	1	0	0	0	0	0	0	0	0	0	0	0	0	0	0	
202	60	28	9	5	4	3	2	2	1	1	0	0	0	0	0	0	0	0	0	0	0	0	0	
241	82	29	11	7	4	2	2	2	2	1	1	1	1	1	0	0	0	0	0	0	0	0	0	
223	76	32	18	11	4	3	2	2	1	1	1	1	1	0	0	0	0	0	0	0	0	0	0	
237	68	34	18	8	7	4	3	2	2	1	1	1	0	0	0	0	0	0	0	0	0	0	0	
227	77	28	12	9	6	5	3	2	1	1	1	0	0	0	0	0	0	0	0	0	0	0	0	
290	76	36	23	12	8	6	4	1	1	1	0	0	0	0	0	0	0	0	0	0	0	0	0	
216	61	29	12	7	6	5	1	1	1	0	0	0	0	0	0	0	0	0	0	0	0	0	0	
213	66	29	16	10	5	1	1	1	0	0	0	0	0	0	0	0	0	0	0	0	0	0	0	
218	66	32	14	7	3	1	1	0	0	0	0	0	0	0	0	0	0	0	0	0	0	0	0	
192	70	32	17	7	2	1	0	0	0	0	0	0	0	0	0	0	0	0	0	0	0	0	0	
233	86	45	22	15	7	3	2	2	2	2	2	2	2	1	1	1	1	1	0	0	0	0	0	
265	101	45	24	12	4	3	3	3	2	2	2	2	1	1	1	1	1	0	0	0	0	0	0	
246	80	34	16	6	4	3	3	2	2	2	2	1	1	1	1	1	0	0	0	0	0	0	0	
268	69	23	7	5	5	3	2	1	1	1	0	0	0	0	0	0	0	0	0	0	0	0	0	
225	54	21	10	9	6	4	2	2	2	1	1	1	1	1	0	0	0	0	0	0	0	0	0	
186	60	20	14	10	6	5	3	2	1	1	1	1	1	0	0	0	0	0	0	0	0	0	0	
222	65	34	19	11	7	5	3	2	1	1	1	1	0	0	0	0	0	0	0	0	0	0	0	
233	83	41	27	17	13	9	5	3	3	2	2	0	0	0	0	0	0	0	0	0	0	0	0	
297	95	43	26	20	12	8	4	4	3	2	0	0	0	0	0	0	0	0	0	0	0	0	0	
309	95	51	31	16	8	5	4	3	2	0	0	0	0	0	0	0	0	0	0	0	0	0	0	
297	98	47	24	11	6	5	3	2	0	0	0	0	0	0	0	0	0	0	0	0	0	0	0	
263	86	42	17	10	7	3	2	0	0	0	0	0	0	0	0	0	0	0	0	0	0	0	0	
281	85	27	12	9	4	2	0	0	0	0	0	0	0	0	0	0	0	0	0	0	0	0	0	
295	72	20	13	7	3	1	0	0	0	0	0	0	0	0	0	0	0	0	0	0	0	0	0	
299	68	25	10	5	2	0	0	0	0	0	0	0	0	0	0	0	0	0	0	0	0	0	0	
227	65	24	11	3	1	0	0	0	0	0	0	0	0	0	0	0	0	0	0	0	0	0	0	
232	69	27	8	2	1	0	0	0	0	0	0	0	0	0	0	0	0	0	0	0	0	0	0	
250	73	26	13	6	4	2	2	1	0	0	0	0	0	0	0	0	0	0	0	0	0	0	0	
254	70	31	13	7	5	3	2	1	0	0	0	0	0	0	0	0	0	0	0	0	0	0	0	
215	77	30	15	6	4	2	1	0	0	0	0	0	0	0	0	0	0	0	0	0	0	0	0	
298	94	45	18	11	7	4	1	1	0	0	0	0	0	0	0	0	0	0	0	0	0	0	0	
260	93	39	23	13	6	2	2	1	1	1	1	1	1	0	0	0	0	0	0	0	0	0	0	
275	102	53	25	14	7	3	1	1	1	1	1	1	0	0	0	0	0	0	0	0	0	0	0	
265	104	49	20	7	4	1	1	1	1	1	1	0	0	0	0	0	0	0	0	0	0	0	0	
319	116	46	20	11	4	2	2	2	1	1	0	0	0	0	0	0	0	0	0	0	0	0	0	
265	85	36	19	10	7	5	4	3	2	0	0	0	0	0	0	0	0	0	0	0	0	0	0	
244	78	34	17	9	6	5	3	2	0	0	0	0	0	0	0	0	0	0	0	0	0	0	0	
274	103	42	18	10	8	4	2	0	0	0	0	0	0	0	0	0	0	0	0	0	0	0	0	
264	84	35	17	12	5	3	0	0	0	0	0	0	0	0	0	0	0	0	0	0	0	0	0	
278	91	47	25	10	7	2	2	1	0	0	0	0	0	0	0	0	0	0	0	0	0	0	0	
293	102	45	19	12	7	5	1	0	0	0	0	0	0	0	0	0	0	0	0	0	0	0	0	
278	97	52	25	9	6	2	1	1	1	0	0	0	0	0	0	0	0	0	0	0	0	0	0	
267	115	56	26	17	9	4	4	3	1	1	1	0	0	0	0	0	0	0	0	0	0	0	0	
305	120	51	29	14	6	4	3	1	1	1	0	0	0	0	0	0	0	0	0	0	0	0	0	
294	103	47	20	8	4	3	1	1	1	0	0	0	0	0	0	0	0	0	0	0	0	0	0	
280	102	47	24	10	8	4	3	3	2	2	2	2	2	2	1	1	1	1	1	0	0	0	0	
273	112	50	21	11	7	4	4	3	3	2	2	2	2	1	1	1	1	1	0	0	0	0	0	
342	122	51	29	12	6	5	3	3	2	2	2	2	1	1	1	1	1	0	0	0	0	0	0	
303	111	53	15	9	6	3	3	2	2	2	2	1	1	1	0	0	0	0	0	0	0	0	0	
300	125	42	26	16	10	5	4	4	4	3	2	2	2	1	1	0	0	0	0	0	0	0	0	
293	100	45	25	14	7	6	6	6	4	3	2	2	1	1	0	0	0	0	0	0	0	0	0	
282	111	58	31	17	13	7	7	5	4	3	3	1	1	0	0	0	0	0	0	0	0	0	0	
384	158	72	41	26	18	16	11	5	4	4	1	1	0	0	0	0	0	0	0	0	0	0	0	
420	149	76	49	35	26	18	9	7	6	3	2	1	1	1	1	1	0	0	0	0	0	0	0	
353	150	81	52	39	24	13	9	7	3	2	1	1	1	1	1	0	0	0	0	0	0	0	0	
433	175	102	65	39	20	15	9	4	3	1	1	1	1	1	0	0	0	0	0	0	0	0	0	
347	156	88	56	29	20	14	7	4	1	1	1	1	1	0	0	0	0	0	0	0	0	0	0	
415	177	101	50	33	19	9	6	3	3	1	1	1	0	0	0	0	0	0	0	0	0	0	0	
395	173	81	45	26	13	7	4	3	1	1	1	0	0	0	0	0	0	0	0	0	0	0	0	
434	153	65	35	18	11	7	7	4	1	1	0	0	0	0	0	0	0	0	0	0	0	0	0	
389	151	67	37	18	10	9	4	1	1	0	0	0	0	0	0	0	0	0	0	0	0	0	0	
378	135	59	28	15	12	5	2	2	1	0	0	0	0	0	0	0	0	0	0	0	0	0	0	
374	130	61	34	24	10	7	5	3	1	1	1	1	1	1	1	0	0	0	0	0	0	0	0	
371	124	55	30	15	10	8	3	2	1	1	1	1	1	1	0	0	0	0	0	0	0	0	0	
404	161	80	34	20	14	7	5	2	1	1	1	1	1	0	0	0	0	0	0	0	0	0	0	
418	166	76	36	24	11	8	3	2	2	2	2	1	0	0	0	0	0	0	0	0	0	0	0	
437	151	61	39	18	11	4	3	3	2	2	1	0	0	0	0	0	0	0	0	0	0	0	0	
358	132	70	31	16	7	6	6	4	4	3	2	2	2	2	2	1	1	1	1	1	1	1	1	
386	134	56	30	16	13	11	4	4	3	2	2	2	2	2	1	1	1	1	1	1	1	1	1	
357	124	61	35	27	22	8	8	6	4	4	3	2	2	1	1	1	1	1	1	1	1	1	1	
363	138	72	48	33	17	14	11	9	7	6	4	3	2	2	1	1	1	1	1	1	1	1	1	
418	177	108	73	36	28	22	15	12	9	6	5	2	2	1	1	1	1	1	1	1	1	1	1	
515	226	132	63	41	33	21	16	10	8	7	4	4	2	1	1	1	1	1	1	1	1	1	1	
430	216	91	57	43	25	19	12	8	7	4	4	2	1	1	1	1	1	1	1	1	1	1	0	
496	175	90	59	30	21	12	8	7	4	4	2	1	1	1	1	1	1	1	1	1	1	0	0	
365	152	87	51	36	21	13	12	8	6	4	3	3	3	2	1	1	1	1	1	1	0	0	0	
426	195	108	62	35	20	17	9	7	5	3	3	3	2	1	1	1	1	1	1	0	0	0	0	
435	192	93	52	30	23	11	8	4	2	2	2	2	1	1	1	1	1	1	0	0	0	0	0	
421	160	78	45	33	18	13	7	5	5	5	4	2	2	2	1	1	1	0	0	0	0	0	0	
371	156	72	46	24	13	9	7	6	5	4	2	2	2	1	1	1	0	0	0	0	0	0	0	
402	156	89	44	23	13	9	7	5	4	2	2	2	1	1	1	0	0	0	0	0	0	0	0	
451	191	82	40	20	12	7	3	3	2	2	2	1	1	1	0	0	0	0	0	0	0	0	0	
470	159	76	32	19	10	4	3	2	2	2	1	1	1	0	0	0	0	0	0	0	0	0	0	
389	160	66	36	19	8	6	4	2	2	1	1	1	0	0	0	0	0	0	0	0	0	0	0	
433	150	75	34	15	12	7	3	3	2	1	1	0	0	0	0	0	0	0	0	0	0	0	0	
413	163	86	41	28	20	12	11	6	2	2	0	0	0	0	0	0	0	0	0	0	0	0	0	
416	155	73	46	30	17	13	7	3	2	0	0	0	0	0	0	0	0	0	0	0	0	0	0	
411	148	84	49	33	24	12	7	5	1	0	0	0	0	0	0	0	0	0	0	0	0	0	0	
428	175	87	49	28	16	10	6	2	0	0	0	0	0	0	0	0	0	0	0	0	0	0	0	
441	164	76	41	24	14	8	4	1	1	1	1	1	1	1	1	1	1	1	1	1	1	1	1	
447	154	76	40	25	14	7	3	2	2	2	2	1	1	1	1	1	1	1	1	1	1	1	1	
439	170	81	43	23	11	4	2	1	1	1	1	1	1	1	1	1	1	1	1	1	1	1	1	
481	178	88	48	19	7	4	3	2	2	1	1	1	1	1	1	1	1	1	1	1	1	1	1	
462	180	87	38	17	10	8	4	3	2	2	1	1	1	1	1	1	1	1	1	1	1	1	1	
484	187	80	40	23	15	4	3	2	2	1	1	1	1	1	1	1	1	1	1	1	1	1	1	
491	160	71	31	23	9	6	3	3	3	2	1	1	1	1	1	1	1	1	1	1	1	1	1	
450	156	73	42	22	18	11	8	6	5	4	3	2	1	1	1	1	1	1	1	1	1	1	1	
452	176	86	38	28	18	11	7	5	4	3	2	1	1	1	1	1	1	1	1	1	1	1	1	
473	165	78	50	31	19	10	5	4	3	2	1	1	1	1	1	1	1	1	1	1	1	1	1	
482	164	88	47	26	16	7	6	4	3	2	2	1	1	1	1	1	1	1	1	1	1	1	0	
462	174	97	45	28	14	8	6	4	3	3	1	1	1	1	1	1	1	1	1	1	1	0	0	
521	195	89	50	25	14	9	6	4	3	1	1	1	1	1	1	1	1	1	1	1	0	0	0	
515	190	94	50	29	16	11	8	4	2	1	1	1	1	1	1	1	1	1	1	0	0	0	0	
494	190	82	44	25	16	10	6	5	4	4	1	1	1	1	1	1	1	1	0	0	0	0	0	
530	195	102	47	30	17	11	7	4	4	1	1	1	1	1	1	1	1	0	0	0	0	0	0	
485	198	98	56	30	21	14	9	9	5	3	2	1	1	1	1	1	0	0	0	0	0	0	0	
573	230	103	55	37	27	17	16	11	6	3	2	2	2	2	2	1	0	0	0	0	0	0	0	
566	209	105	67	48	28	22	13	7	4	3	3	2	2	2	1	0	0	0	0	0	0	0	0	
557	231	134	87	52	40	24	12	7	5	5	4	4	4	2	1	1	1	0	0	0	0	0	0	
598	277	153	85	57	33	16	11	5	5	4	4	4	2	1	1	1	0	0	0	0	0	0	0	
613	256	135	83	46	24	18	9	6	5	4	4	2	1	1	1	0	0	0	0	0	0	0	0	
568	225	126	60	30	22	12	8	7	4	4	2	1	1	1	0	0	0	0	0	0	0	0	0	
569	249	103	52	38	20	12	11	5	4	2	1	1	1	0	0	0	0	0	0	0	0	0	0	
575	187	85	52	31	16	14	7	5	3	2	2	2	1	0	0	0	0	0	0	0	0	0	0	
501	200	118	69	35	22	9	5	4	2	2	2	1	0	0	0	0	0	0	0	0	0	0	0	
529	237	118	63	38	19	14	10	6	5	4	3	0	0	0	0	0	0	0	0	0	0	0	0	
594	242	111	60	30	22	15	10	6	5	4	1	0	0	0	0	0	0	0	0	0	0	0	0	
566	204	109	51	36	24	17	11	9	6	1	0	0	0	0	0	0	0	0	0	0	0	0	0	
554	219	95	62	40	26	16	12	8	4	2	2	1	1	1	1	1	0	0	0	0	0	0	0	
533	206	118	62	38	25	15	11	6	4	3	2	2	2	1	1	0	0	0	0	0	0	0	0	
524	242	115	60	36	23	14	8	5	4	3	3	3	2	1	0	0	0	0	0	0	0	0	0	
632	249	126	61	37	23	12	10	7	6	5	4	3	1	0	0	0	0	0	0	0	0	0	0	
570	247	106	62	33	17	13	7	5	5	4	3	2	1	0	0	0	0	0	0	0	0	0	0	
624	217	102	53	31	19	10	8	6	5	4	2	1	0	0	0	0	0	0	0	0	0	0	0	
497	201	96	52	32	19	14	9	7	5	2	1	0	0	0	0	0	0	0	0	0	0	0	0	
550	221	110	64	35	24	13	6	5	2	1	0	0	0	0	0	0	0	0	0	0	0	0	0	
585	228	105	52	35	20	11	8	4	2	0	0	0	0	0	0	0	0	0	0	0	0	0	0	
585	231	105	68	36	20	14	7	4	1	1	0	0	0	0	0	0	0	0	0	0	0	0	0	
626	229	119	65	37	23	12	7	3	1	0	0	0	0	0	0	0	0	0	0	0	0	0	0	
574	226	103	56	32	15	9	4	2	1	1	1	1	1	1	1	1	1	0	0	0	0	0	0	
590	204	107	54	25	15	7	5	2	2	2	2	1	1	1	1	1	0	0	0	0	0	0	0	
545	217	114	49	26	11	7	3	3	3	3	2	2	2	2	2	1	1	1	1	0	0	0	0	
583	230	100	50	24	15	8	5	4	4	3	2	2	2	2	1	1	1	1	0	0	0	0	0	
638	238	109	57	32	20	13	8	6	3	2	2	2	2	1	1	1	1	0	0	0	0	0	0	
630	231	114	60	38	25	13	9	3	2	2	2	2	1	1	1	1	0	0	0	0	0	0	0	
591	227	102	60	38	19	12	6	4	4	3	3	2	2	2	2	1	1	1	1	1	1	1	0	
584	221	112	65	35	18	7	4	3	3	3	2	2	2	2	1	1	1	1	1	1	1	0	0	
566	215	114	58	35	19	15	7	3	3	2	2	2	2	1	1	1	1	1	1	1	0	0	0	
579	241	110	64	37	25	17	10	4	3	3	3	3	1	1	1	1	1	1	1	0	0	0	0	
577	201	110	62	37	22	12	6	5	4	3	3	1	1	1	1	1	1	1	0	0	0	0	0	
541	229	107	64	36	21	10	8	5	4	4	2	1	1	1	1	1	1	0	0	0	0	0	0	
599	201	97	50	30	13	11	6	5	5	2	1	1	1	1	0	0	0	0	0	0	0	0	0	
520	193	88	47	21	15	5	4	4	2	1	1	1	1	0	0	0	0	0	0	0	0	0	0	
536	198	98	49	36	17	11	9	5	3	2	2	2	1	1	0	0	0	0	0	0	0	0	0	
563	206	87	53	26	15	12	7	3	2	2	2	1	1	0	0	0	0	0	0	0	0	0	0	
552	199	89	47	24	18	12	7	4	4	3	1	1	0	0	0	0	0	0	0	0	0	0	0	
505	190	95	48	32	18	11	6	4	3	1	1	0	0	0	0	0	0	0	0	0	0	0	0	
518	203	93	56	29	13	7	5	3	1	1	0	0	0	0	0	0	0	0	0	0	0	0	0	
552	180	86	44	23	14	11	7	5	3	1	0	0	0	0	0	0	0	0	0	0	0	0	0	
490	189	84	42	25	14	9	5	2	0	0	0	0	0	0	0	0	0	0	0	0	0	0	0	
534	192	82	42	24	12	7	6	3	2	1	1	1	0	0	0	0	0	0	0	0	0	0	0	
518	187	89	49	30	18	10	5	3	2	2	1	0	0	0	0	0	0	0	0	0	0	0	0	
537	206	91	51	32	16	10	5	3	3	2	1	1	1	1	1	1	1	0	0	0	0	0	0	
536	190	85	48	21	13	7	4	4	3	2	2	2	2	2	2	2	0	0	0	0	0	0	0	
519	202	94	49	27	16	8	6	5	3	3	2	2	2	2	2	0	0	0	0	0	0	0	0	
485	169	80	40	23	12	10	7	4	4	2	2	2	2	2	0	0	0	0	0	0	0	0	0	
456	172	71	35	19	14	8	5	5	3	3	3	3	3	1	0	0	0	0	0	0	0	0	0	
516	203	86	43	25	13	8	7	4	3	3	3	3	1	0	0	0	0	0	0	0	0	0	0	
556	219	84	46	23	14	9	6	5	3	3	3	1	0	0	0	0	0	0	0	0	0	0	0	
521	162	74	32	19	13	8	6	4	3	3	1	0	0	0	0	0	0	0	0	0	0	0	0	
434	157	62	35	23	10	8	6	5	4	2	1	0	0	0	0	0	0	0	0	0	0	0	0	
510	172	84	42	22	14	10	6	5	3	2	0	0	0	0	0	0	0	0	0	0	0	0	0	
441	175	80	42	25	19	12	8	5	2	0	0	0	0	0	0	0	0	0	0	0	0	0	0	
503	182	92	52	34	21	15	8	3	1	0	0	0	0	0	0	0	0	0	0	0	0	0	0	
463	169	93	55	32	19	8	3	1	0	0	0	0	0	0	0	0	0	0	0	0	0	0	0	
483	196	95	47	24	10	3	1	0	0	0	0	0	0	0	0	0	0	0	0	0	0	0	0	
467	171	77	39	15	6	1	1	0	0	0	0	0	0	0	0	0	0	0	0	0	0	0	0	
425	149	77	32	15	7	5	2	2	0	0	0	0	0	0	0	0	0	0	0	0	0	0	0	
398	150	59	26	11	6	2	2	0	0	0	0	0	0	0	0	0	0	0	0	0	0	0	0	
422	135	63	24	11	6	3	1	0	0	0	0	0	0	0	0	0	0	0	0	0	0	0	0	
383	130	45	22	13	6	3	0	0	0	0	0	0	0	0	0	0	0	0	0	0	0	0	0	
428	119	51	23	10	6	1	1	1	1	0	0	0	0	0	0	0	0	0	0	0	0	0	0	
395	132	55	22	13	3	1	1	1	0	0	0	0	0	0	0	0	0	0	0	0	0	0	0	
415	131	55	21	6	3	2	2	1	0	0	0	0	0	0	0	0	0	0	0	0	0	0	0	
403	126	51	22	10	6	4	1	0	0	0	0	0	0	0	0	0	0	0	0	0	0	0	0	
453	130	45	20	10	6	1	0	0	0	0	0	0	0	0	0	0	0	0	0	0	0	0	0	
360	99	43	25	12	2	1	1	1	1	1	0	0	0	0	0	0	0	0	0	0	0	0	0	
380	111	49	21	6	4	3	1	1	1	0	0	0	0	0	0	0	0	0	0	0	0	0	0	
385	130	53	15	9	3	1	1	1	0	0	0	0	0	0	0	0	0	0	0	0	0	0	0	
437	134	43	20	12	6	1	1	0	0	0	0	0	0	0	0	0	0	0	0	0	0	0	0	
404	115	43	21	9	2	2	0	0	0	0	0	0	0	0	0	0	0	0	0	0	0	0	0	
433	115	49	19	8	6	2	2	2	1	1	0	0	0	0	0	0	0	0	0	0	0	0	0	
455	137	51	19	13	7	5	4	3	2	1	1	0	0	0	0	0	0	0	0	0	0	0	0	
486	160	64	31	17	12	8	6	5	1	1	0	0	0	0	0	0	0	0	0	0	0	0	0	
465	122	49	20	10	7	5	4	1	1	0	0	0	0	0	0	0	0	0	0	0	0	0	0	
506	149	48	21	14	8	6	1	1	0	0	0	0	0	0	0	0	0	0	0	0	0	0	0	
520	148	52	26	12	9	3	2	0	0	0	0	0	0	0	0	0	0	0	0	0	0	0	0	
523	125	48	20	13	5	4	2	2	2	0	0	0	0	0	0	0	0	0	0	0	0	0	0	
444	126	48	24	13	8	3	3	3	1	1	1	0	0	0	0	0	0	0	0	0	0	0	0	
459	137	55	22	11	4	4	3	1	1	1	0	0	0	0	0	0	0	0	0	0	0	0	0	
498	143	57	27	12	10	8	5	5	3	1	0	0	0	0	0	0	0	0	0	0	0	0	0	
496	134	56	25	18	13	9	5	3	1	0	0	0	0	0	0	0	0	0	0	0	0	0	0	
517	145	56	35	24	11	6	5	3	1	1	0	0	0	0	0	0	0	0	0	0	0	0	0	
535	168	76	42	19	12	9	5	2	1	0	0	0	0	0	0	0	0	0	0	0	0	0	0	
668	214	104	46	25	18	11	7	5	3	2	2	2	2	0	0	0	0	0	0	0	0	0	0	
633	213	86	44	30	17	10	6	4	2	2	2	2	0	0	0	0	0	0	0	0	0	0	0	
635	198	97	58	33	20	10	8	6	4	3	2	0	0	0	0	0	0	0	0	0	0	0	0	
673	224	106	54	28	14	10	7	5	4	2	0	0	0	0	0	0	0	0	0	0	0	0	0	
640	205	92	43	22	14	10	7	5	2	0	0	0	0	0	0	0	0	0	0	0	0	0	0	
642	219	98	41	23	14	10	7	3	1	0	0	0	0	0	0	0	0	0	0	0	0	0	0	
645	214	89	50	28	22	14	7	4	2	0	0	0	0	0	0	0	0	0	0	0	0	0	0	
625	200	91	44	33	21	11	6	4	2	2	2	2	2	1	1	1	1	1	0	0	0	0	0	
631	196	81	56	35	19	12	8	4	3	2	2	2	1	1	1	1	1	0	0	0	0	0	0	
582	192	98	57	34	19	13	6	4	3	3	3	2	2	2	2	2	0	0	0	0	0	0	0	
654	222	108	58	29	18	7	4	3	3	3	2	2	2	2	2	0	0	0	0	0	0	0	0	
730	260	103	49	25	11	5	2	2	2	1	1	1	1	1	0	0	0	0	0	0	0	0	0	
777	210	97	46	23	13	6	4	3	2	2	2	2	2	0	0	0	0	0	0	0	0	0	0	
609	206	91	49	30	16	8	4	2	2	2	2	2	0	0	0	0	0	0	0	0	0	0	0	
638	198	86	46	20	11	3	1	1	1	1	1	0	0	0	0	0	0	0	0	0	0	0	0	
632	200	92	39	21	9	5	4	3	3	2	0	0	0	0	0	0	0	0	0	0	0	0	0	
630	206	77	38	15	11	9	6	3	2	0	0	0	0	0	0	0	0	0	0	0	0	0	0	
733	183	80	29	20	15	11	5	4	2	1	1	0	0	0	0	0	0	0	0	0	0	0	0	
594	202	69	37	22	13	7	5	2	1	1	0	0	0	0	0	0	0	0	0	0	0	0	0	
656	189	87	43	23	12	9	5	2	2	1	1	1	1	0	0	0	0	0	0	0	0	0	0	
622	195	85	41	17	10	6	2	1	0	0	0	0	0	0	0	0	0	0	0	0	0	0	0	
663	197	75	33	14	10	5	2	1	1	1	1	0	0	0	0	0	0	0	0	0	0	0	0	
684	187	73	39	24	11	6	6	2	2	2	0	0	0	0	0	0	0	0	0	0	0	0	0	
599	193	86	41	19	10	7	3	3	3	0	0	0	0	0	0	0	0	0	0	0	0	0	0	
619	200	81	39	21	11	4	4	4	0	0	0	0	0	0	0	0	0	0	0	0	0	0	0	
663	197	85	38	17	9	7	5	1	0	0	0	0	0	0	0	0	0	0	0	0	0	0	0	
645	198	75	35	17	14	8	1	0	0	0	0	0	0	0	0	0	0	0	0	0	0	0	0	
706	187	78	36	25	13	5	1	0	0	0	0	0	0	0	0	0	0	0	0	0	0	0	0	
633	184	72	40	19	9	3	1	1	0	0	0	0	0	0	0	0	0	0	0	0	0	0	0	
643	212	92	44	17	7	4	1	0	0	0	0	0	0	0	0	0	0	0	0	0	0	0	0	
735	233	93	41	19	9	3	1	1	0	0	0	0	0	0	0	0	0	0	0	0	0	0	0	
693	219	72	30	15	6	3	2	1	1	0	0	0	0	0	0	0	0	0	0	0	0	0	0	
667	168	57	27	10	6	3	3	3	0	0	0	0	0	0	0	0	0	0	0	0	0	0	0	
536	146	65	24	11	8	6	3	1	1	0	0	0	0	0	0	0	0	0	0	0	0	0	0	
516	164	59	27	19	11	5	1	1	0	0	0	0	0	0	0	0	0	0	0	0	0	0	0	
558	175	67	42	19	8	4	3	2	2	1	0	0	0	0	0	0	0	0	0	0	0	0	0	
522	164	85	40	17	7	4	2	2	1	0	0	0	0	0	0	0	0	0	0	0	0	0	0	
556	201	73	35	16	8	5	5	3	2	1	1	1	1	1	0	0	0	0	0	0	0	0	0	
593	162	61	25	14	9	8	4	3	2	1	1	1	1	0	0	0	0	0	0	0	0	0	0	
503	147	52	28	16	11	6	4	3	2	1	1	1	0	0	0	0	0	0	0	0	0	0	0	
548	140	66	30	17	8	4	3	2	1	1	1	0	0	0	0	0	0	0	0	0	0	0	0	
534	160	69	33	13	5	3	2	1	1	1	0	0	0	0	0	0	0	0	0	0	0	0	0	
546	155	61	24	8	6	3	1	1	1	0	0	0	0	0	0	0	0	0	0	0	0	0	0	
497	144	55	17	10	6	2	2	2	0	0	0	0	0	0	0	0	0	0	0	0	0	0	0	
527	135	39	21	10	6	4	3	0	0	0	0	0	0	0	0	0	0	0	0	0	0	0	0	
489	118	46	20	10	8	6	0	0	0	0	0	0	0	0	0	0	0	0	0	0	0	0	0	
476	127	46	20	13	8	1	1	0	0	0	0	0	0	0	0	0	0	0	0	0	0	0	0	
431	115	43	21	12	3	2	0	0	0	0	0	0	0	0	0	0	0	0	0	0	0	0	0	
441	114	41	20	6	3	1	0	0	0	0	0	0	0	0	0	0	0	0	0	0	0	0	0	
435	114	40	18	9	3	0	0	0	0	0	0	0	0	0	0	0	0	0	0	0	0	0	0	
441	114	44	19	10	4	3	3	3	0	0	0	0	0	0	0	0	0	0	0	0	0	0	0	
461	136	50	20	11	8	6	5	1	1	1	1	1	1	1	1	0	0	0	0	0	0	0	0	
483	129	45	18	13	7	6	1	1	1	1	1	1	1	1	0	0	0	0	0	0	0	0	0	
426	123	47	24	10	7	1	1	1	1	1	1	1	1	0	0	0	0	0	0	0	0	0	0	
481	128	57	27	14	4	2	1	1	1	1	1	1	0	0	0	0	0	0	0	0	0	0	0	
462	136	50	24	8	3	2	2	2	2	1	1	0	0	0	0	0	0	0	0	0	0	0	0	
455	128	60	20	7	3	3	3	3	1	1	0	0	0	0	0	0	0	0	0	0	0	0	0	
421	120	40	16	10	8	5	5	2	2	0	0	0	0	0	0	0	0	0	0	0	0	0	0	
438	137	49	26	16	8	6	2	2	0	0	0	0	0	0	0	0	0	0	0	0	0	0	0	
406	108	50	31	14	10	5	4	0	0	0	0	0	0	0	0	0	0	0	0	0	0	0	0	
407	117	54	19	13	7	6	1	0	0	0	0	0	0	0	0	0	0	0	0	0	0	0	0	
429	141	48	24	13	8	1	0	0	0	0	0	0	0	0	0	0	0	0	0	0	0	0	0	
407	94	38	22	13	2	1	1	0	0	0	0	0	0	0	0	0	0	0	0	0	0	0	0	
395	136	56	26	5	1	0	0	0	0	0	0	0	0	0	0	0	0	0	0	0	0	0	0	
438	140	63	19	7	3	2	2	1	1	1	0	0	0	0	0	0	0	0	0	0	0	0	0	
367	118	42	17	8	3	3	1	1	1	0	0	0	0	0	0	0	0	0	0	0	0	0	0	
405	109	34	14	11	8	4	2	1	0	0	0	0	0	0	0	0	0	0	0	0	0	0	0	
341	81	27	16	14	7	2	1	0	0	0	0	0	0	0	0	0	0	0	0	0	0	0	0	
326	90	46	32	18	7	4	1	1	0	0	0	0	0	0	0	0	0	0	0	0	0	0	0	
332	105	59	34	14	8	4	2	1	0	0	0	0	0	0	0	0	0	0	0	0	0	0	0	
388	122	60	27	16	7	3	1	1	1	1	1	1	1	1	0	0	0	0	0	0	0	0	0	
356	128	49	26	11	4	2	1	1	1	1	1	1	1	0	0	0	0	0	0	0	0	0	0	
436	109	42	18	8	4	1	1	1	1	1	1	1	0	0	0	0	0	0	0	0	0	0	0	
365	112	44	19	9	4	3	2	2	1	1	1	0	0	0	0	0	0	0	0	0	0	0	0	
405	116	40	19	9	6	5	4	2	2	2	1	0	0	0	0	0	0	0	0	0	0	0	0	
334	92	41	17	9	8	6	2	2	2	1	0	0	0	0	0	0	0	0	0	0	0	0	0	
356	113	37	18	13	7	3	2	2	1	0	0	0	0	0	0	0	0	0	0	0	0	0	0	
352	97	47	29	15	8	5	2	1	0	0	0	0	0	0	0	0	0	0	0	0	0	0	0	
344	96	51	30	19	12	6	4	2	1	1	1	0	0	0	0	0	0	0	0	0	0	0	0	
381	130	57	29	16	7	4	2	1	0	0	0	0	0	0	0	0	0	0	0	0	0	0	0	
469	145	70	35	20	15	8	5	3	1	0	0	0	0	0	0	0	0	0	0	0	0	0	0	
413	135	65	34	21	12	6	4	2	1	1	1	1	1	1	1	1	1	0	0	0	0	0	0	
392	146	71	38	20	12	8	4	1	1	1	1	1	1	1	1	1	0	0	0	0	0	0	0	
534	174	85	48	26	16	10	6	5	4	3	2	2	2	2	2	0	0	0	0	0	0	0	0	
431	159	74	38	26	14	7	5	4	3	2	2	2	2	2	0	0	0	0	0	0	0	0	0	
497	185	75	47	19	10	6	4	3	2	2	2	2	2	0	0	0	0	0	0	0	0	0	0	
510	170	88	39	18	9	7	6	4	3	3	3	3	1	1	1	1	0	0	0	0	0	0	0	
465	172	67	31	12	9	8	5	4	4	4	3	1	1	1	1	0	0	0	0	0	0	0	0	
535	160	68	33	17	11	7	6	4	4	3	1	1	1	1	0	0	0	0	0	0	0	0	0	
415	140	68	30	17	10	6	4	4	3	1	1	1	1	0	0	0	0	0	0	0	0	0	0	
425	144	56	32	17	13	6	5	3	1	1	1	1	0	0	0	0	0	0	0	0	0	0	0	
377	108	47	24	14	7	4	3	1	1	1	1	0	0	0	0	0	0	0	0	0	0	0	0	
371	133	61	32	15	6	4	2	1	1	1	0	0	0	0	0	0	0	0	0	0	0	0	0	
462	156	70	33	12	8	5	3	1	1	0	0	0	0	0	0	0	0	0	0	0	0	0	0	
408	164	59	23	15	11	7	2	2	0	0	0	0	0	0	0	0	0	0	0	0	0	0	0	
488	135	41	27	17	8	4	4	1	0	0	0	0	0	0	0	0	0	0	0	0	0	0	0	
