0	0.89091	0.78571	0.85714	0.8	1	1	1	1	0	0	0	0	0	0	0	0	0	0	0	0	0	0	0	
0	0.91667	0.875	0.88889	0.83333	0.5	0.5	0	0	0	0	0	0	0	0	0	0	0	0	0	0	0	0	0	
0	0.96296	0.96774	1	1	1	1	1	0	0	0	0	0	0	0	0	0	0	0	0	0	0	0	0	
0	0.92453	0.93182	1	1	1	1	0	0	0	0	0	0	0	0	0	0	0	0	0	0	0	0	0	
0	0.90909	0.97059	1	1	1	0	0	0	0	0	0	0	0	0	0	0	0	0	0	0	0	0	0	
0	0.94681	0.91176	1	1	1	1	1	1	1	1	1	1	1	1	1	0	0	0	0	0	0	0	0	
0	0.95726	0.91489	0.85714	1	1	1	1	1	1	1	1	1	1	1	0	0	0	0	0	0	0	0	0	
0	0.94215	0.86047	0.9375	1	1	1	1	1	1	1	1	1	1	0	0	0	0	0	0	0	0	0	0	
0	0.96923	0.93478	1	0.9	1	1	1	1	1	1	1	1	0	0	0	0	0	0	0	0	0	0	0	
0	0.93662	0.94118	0.94444	1	1	1	1	1	1	1	1	0	0	0	0	0	0	0	0	0	0	0	0	
0	0.95513	0.93651	1	1	1	1	1	1	1	1	0	0	0	0	0	0	0	0	0	0	0	0	0	
0	0.95946	0.94521	0.97059	1	1	1	1	1	1	1	0	0	0	0	0	0	0	0	0	0	0	0	0	
0	0.9359	0.88235	0.85185	0.77778	0.77778	1	1	1	1	0	0	0	0	0	0	0	0	0	0	0	0	0	0	
0	0.94375	0.84483	0.78571	0.83333	0.66667	0.66667	0.5	0	0	0	0	0	0	0	0	0	0	0	0	0	0	0	0	
0	0.97297	0.85185	0.79167	0.81818	0.8	0.75	0.5	0	0	0	0	0	0	0	0	0	0	0	0	0	0	0	0	
0	0.94737	0.87234	0.80952	0.77778	1	1	0	0	0	0	0	0	0	0	0	0	0	0	0	0	0	0	0	
0	0.97414	0.92683	0.88889	0.71429	1	0	0	0	0	0	0	0	0	0	0	0	0	0	0	0	0	0	0	
0	0.94355	0.88372	0.86667	0.85714	1	0	0	0	0	0	0	0	0	0	0	0	0	0	0	0	0	0	0	
0	0.93443	0.89796	0.91667	0.88889	0.75	0.5	0	0	0	0	0	0	0	0	0	0	0	0	0	0	0	0	0	
0	0.92913	0.89286	0.90909	0.81818	1	1	1	1	0	0	0	0	0	0	0	0	0	0	0	0	0	0	0	
0	0.95652	0.89362	0.94118	1	1	1	1	0	0	0	0	0	0	0	0	0	0	0	0	0	0	0	0	
0	0.94964	0.82353	0.91304	0.81818	0.83333	0.75	1	1	0	0	0	0	0	0	0	0	0	0	0	0	0	0	0	
0	0.96639	0.91489	0.88235	0.81818	0.83333	0.66667	0.66667	1	1	1	1	1	1	0	0	0	0	0	0	0	0	0	0	
0	0.9542	0.92157	0.88462	0.91667	1	1	1	0.5	1	1	1	1	0	0	0	0	0	0	0	0	0	0	0	
0	0.94203	0.89062	0.9	0.83333	0.77778	0.75	0.5	0.5	0.5	0.5	1	0	0	0	0	0	0	0	0	0	0	0	0	
0	0.93506	0.92537	0.81481	0.76471	1	0.83333	1	1	1	1	1	1	1	1	1	0	0	0	0	0	0	0	0	
0	0.98113	0.78261	0.72973	0.72222	0.64286	0.625	0.8	1	1	1	1	1	1	1	0	0	0	0	0	0	0	0	0	
0	0.95862	0.90909	0.90909	0.86364	0.81818	0.71429	1	1	0	0	0	0	0	0	0	0	0	0	0	0	0	0	0	
0	0.95	0.91667	0.8913	0.82353	0.75	0.88889	0.83333	1	1	1	1	1	0	0	0	0	0	0	0	0	0	0	0	
0	0.96575	0.88608	0.81818	0.8	0.83333	0.875	1	1	1	1	1	1	0	0	0	0	0	0	0	0	0	0	0	
0	0.96552	0.85897	0.76923	0.77778	0.81818	0.875	0.85714	0.75	1	1	1	0	0	0	0	0	0	0	0	0	0	0	0	
0	0.96023	0.825	0.84211	0.95238	0.92857	0.90909	1	1	1	1	1	1	0	0	0	0	0	0	0	0	0	0	0	
0	0.97159	0.88462	0.90909	0.91304	0.93333	1	1	1	1	1	1	0	0	0	0	0	0	0	0	0	0	0	0	
0	0.96791	0.87912	0.92	0.90323	0.875	0.88889	0.85714	0.8	1	1	0	0	0	0	0	0	0	0	0	0	0	0	0	
0	0.96491	0.93458	0.90625	0.93548	0.94118	0.91667	0.85714	1	1	1	0	0	0	0	0	0	0	0	0	0	0	0	0	
0	0.98131	0.72115	0.75	0.84615	0.78571	0.8	0.875	1	1	0	0	0	0	0	0	0	0	0	0	0	0	0	0	
0	0.9779	0.68493	0.625	0.64706	0.75	0.75	1	1	0	0	0	0	0	0	0	0	0	0	0	0	0	0	0	
0	0.98266	0.85714	0.79412	0.82353	0.9	1	1	0	0	0	0	0	0	0	0	0	0	0	0	0	0	0	0	
0	0.97006	0.70769	0.65625	0.44444	0.45455	0.75	1	1	1	0	0	0	0	0	0	0	0	0	0	0	0	0	0	
0	0.96532	0.71429	0.76316	0.76	0.8	1	1	1	0	0	0	0	0	0	0	0	0	0	0	0	0	0	0	
0	0.96795	0.89474	0.82927	0.76471	1	0.85714	0.8	1	1	1	0	0	0	0	0	0	0	0	0	0	0	0	0	
0	0.9881	0.6625	0.69231	0.70588	0.75	0.7	0.6	0.66667	0.66667	1	1	1	1	1	1	1	1	1	0	0	0	0	0	
0	0.98352	0.73684	0.69444	0.7619	0.73684	0.7	0.66667	0.66667	1	1	1	1	1	1	1	1	1	0	0	0	0	0	0	
0	0.97093	0.60345	0.56667	0.58333	0.54545	0.57143	0.5	0.5	0.5	0.5	0	0	0	0	0	0	0	0	0	0	0	0	0	
0	0.9726	0.84848	0.78049	0.72222	0.7	0.6	0.5	0.5	0.5	0	0	0	0	0	0	0	0	0	0	0	0	0	0	
0	0.9893	0.92857	0.90244	0.90476	0.8	0.83333	1	1	1	1	1	1	1	1	0	0	0	0	0	0	0	0	0	
0	0.9418	0.74684	0.73333	0.7037	0.70588	0.875	0.875	0.66667	1	1	1	1	1	0	0	0	0	0	0	0	0	0	0	
0	0.96891	0.85417	0.82143	0.82759	0.8125	0.84615	1	1	1	1	1	1	0	0	0	0	0	0	0	0	0	0	0	
0	0.96789	0.83158	0.78261	0.80952	0.8125	0.77778	0.8	0.75	0.75	0.66667	1	0	0	0	0	0	0	0	0	0	0	0	0	
0	0.95722	0.84706	0.775	0.82609	0.76923	0.77778	0.83333	0.83333	0.8	0.75	0	0	0	0	0	0	0	0	0	0	0	0	0	
0	0.94475	0.88158	0.91892	1	1	1	1	1	1	0	0	0	0	0	0	0	0	0	0	0	0	0	0	
0	0.95876	0.92771	0.925	0.95652	1	1	1	1	1	1	1	0	0	0	0	0	0	0	0	0	0	0	0	
0	0.93617	0.94872	0.94231	0.92	1	1	0.85714	0.66667	0.5	0.5	0	0	0	0	0	0	0	0	0	0	0	0	0	
0	0.97927	0.9375	0.93478	0.96552	0.86667	0.81818	0.71429	0.5	0.5	0	0	0	0	0	0	0	0	0	0	0	0	0	0	
0	0.95238	0.93407	0.94	0.81818	0.83333	0.76923	0.66667	0.66667	1	0	0	0	0	0	0	0	0	0	0	0	0	0	0	
0	0.95	0.89474	0.79167	0.8	0.7	0.69231	0.625	1	0	0	0	0	0	0	0	0	0	0	0	0	0	0	0	
0	0.96226	0.92135	0.88679	0.85714	0.76471	0.72727	1	0	0	0	0	0	0	0	0	0	0	0	0	0	0	0	0	
0	0.90909	0.90179	0.7963	0.72414	0.73684	0.75	0.5	0.5	0.5	0.5	0	0	0	0	0	0	0	0	0	0	0	0	0	
0	0.95217	0.89362	0.78571	0.74074	0.84615	0.75	0.75	0.5	0.5	0	0	0	0	0	0	0	0	0	0	0	0	0	0	
0	0.975	0.93258	0.86667	0.82609	0.75	0.83333	0.66667	0.66667	0	0	0	0	0	0	0	0	0	0	0	0	0	0	0	
0	0.94536	0.94118	0.91111	0.88	0.875	0.875	0.85714	1	1	1	1	1	0	0	0	0	0	0	0	0	0	0	0	
0	0.99471	0.9375	0.89796	0.85714	0.8	0.72727	0.75	0.75	1	1	1	0	0	0	0	0	0	0	0	0	0	0	0	
0	0.91342	0.90291	0.86792	0.89286	0.77778	0.8	0.875	1	1	1	1	0	0	0	0	0	0	0	0	0	0	0	0	
0	0.9372	0.91304	0.89796	0.83871	0.77778	0.85714	1	1	1	1	0	0	0	0	0	0	0	0	0	0	0	0	0	
0	0.93237	0.90526	0.90698	0.91667	0.94444	1	1	1	1	1	0	0	0	0	0	0	0	0	0	0	0	0	0	
0	0.9214	0.94059	0.96429	0.91892	0.94118	1	1	1	1	0	0	0	0	0	0	0	0	0	0	0	0	0	0	
0	0.94762	0.94624	0.90323	0.93333	0.94444	1	1	1	1	1	0	0	0	0	0	0	0	0	0	0	0	0	0	
0	0.94175	0.95413	0.90909	0.92	0.93333	1	1	1	1	0	0	0	0	0	0	0	0	0	0	0	0	0	0	
0	0.94538	0.92857	0.92308	0.95455	0.91667	0.875	0.75	0.66667	0	0	0	0	0	0	0	0	0	0	0	0	0	0	0	
0	0.95283	0.9125	0.97297	1	1	1	1	0	0	0	0	0	0	0	0	0	0	0	0	0	0	0	0	
0	0.94709	0.92771	0.87879	0.86667	0.83333	0.75	0	0	0	0	0	0	0	0	0	0	0	0	0	0	0	0	0	
0	0.94581	0.93506	0.92308	0.93333	0.875	0	0	0	0	0	0	0	0	0	0	0	0	0	0	0	0	0	0	
0	0.93085	0.94203	1	1	1	1	1	1	0	0	0	0	0	0	0	0	0	0	0	0	0	0	0	
0	0.93642	0.92593	0.96	1	1	1	1	0	0	0	0	0	0	0	0	0	0	0	0	0	0	0	0	
0	0.95152	0.94915	0.95238	1	1	1	0	0	0	0	0	0	0	0	0	0	0	0	0	0	0	0	0	
0	0.91667	0.92593	0.77273	0.88889	1	0	0	0	0	0	0	0	0	0	0	0	0	0	0	0	0	0	0	
0	0.93548	0.8913	0.94444	1	1	0	0	0	0	0	0	0	0	0	0	0	0	0	0	0	0	0	0	
0	0.94512	0.9434	0.95	0.88889	1	1	0	0	0	0	0	0	0	0	0	0	0	0	0	0	0	0	0	
0	0.92258	0.86	0.78947	0.85714	1	1	1	0	0	0	0	0	0	0	0	0	0	0	0	0	0	0	0	
0	0.92188	0.85366	0.94118	1	1	1	0	0	0	0	0	0	0	0	0	0	0	0	0	0	0	0	0	
0	0.86066	0.90698	0.9375	1	1	0	0	0	0	0	0	0	0	0	0	0	0	0	0	0	0	0	0	
0	0.89231	0.93182	1	0.83333	0	0	0	0	0	0	0	0	0	0	0	0	0	0	0	0	0	0	0	
0	0.91818	0.87097	0.72727	1	1	0	0	0	0	0	0	0	0	0	0	0	0	0	0	0	0	0	0	
0	0.8972	0.83333	0.8	0.8	0.5	1	1	1	1	1	1	1	1	1	1	1	0	0	0	0	0	0	0	
0	0.9011	0.78571	0.88889	0.75	1	1	1	1	1	1	1	1	1	1	1	0	0	0	0	0	0	0	0	
0	0.74648	0.875	0.66667	1	1	1	1	1	1	1	1	1	1	1	0	0	0	0	0	0	0	0	0	
0	0.75676	0.75	0.71429	0.5	0.66667	0.66667	0.66667	0.66667	0.66667	0.66667	1	1	1	0	0	0	0	0	0	0	0	0	0	
0	0.81818	0.85	0.83333	1	1	1	1	1	1	1	1	1	0	0	0	0	0	0	0	0	0	0	0	
0	0.84615	0.85714	0.6	0.33333	0.5	0.5	0.5	0.5	1	1	1	1	1	0	0	0	0	0	0	0	0	0	0	
0	0.91176	0.96	1	1	1	1	1	1	1	1	1	1	0	0	0	0	0	0	0	0	0	0	0	
0	0.88889	0.84615	0.84211	0.85714	0.875	0.83333	0.8	0.8	0.8	0.5	1	0	0	0	0	0	0	0	0	0	0	0	0	
0	0.93458	0.81081	0.73913	0.73333	0.71429	0.66667	0.6	0.6	1	1	0	0	0	0	0	0	0	0	0	0	0	0	0	
0	0.93939	0.62791	0.75	0.83333	0.875	0.83333	0.83333	0.66667	1	0	0	0	0	0	0	0	0	0	0	0	0	0	0	
0	0.90476	0.92857	0.90476	0.85714	0.81818	0.77778	0.8	1	0	0	0	0	0	0	0	0	0	0	0	0	0	0	0	
0	0.88889	0.76087	0.86364	0.86667	0.8	0.8	1	0	0	0	0	0	0	0	0	0	0	0	0	0	0	0	0	
0	0.96032	0.88889	0.9	0.88235	0.875	1	0	0	0	0	0	0	0	0	0	0	0	0	0	0	0	0	0	
0	0.95652	0.89655	0.89655	0.88889	0.8	0.5	0.5	0.5	0.5	0	0	0	0	0	0	0	0	0	0	0	0	0	0	
0	0.91071	0.93333	0.9	0.88889	0.66667	0.5	0.5	0.5	0	0	0	0	0	0	0	0	0	0	0	0	0	0	0	
0	0.94483	0.90909	0.73333	0.66667	0.5	0.5	1	0	0	0	0	0	0	0	0	0	0	0	0	0	0	0	0	
0	0.93701	0.92857	0.85714	1	1	1	0	0	0	0	0	0	0	0	0	0	0	0	0	0	0	0	0	
0	0.90244	0.75	1	1	1	0	0	0	0	0	0	0	0	0	0	0	0	0	0	0	0	0	0	
0	0.74194	0.83333	0.66667	0.33333	0	0	0	0	0	0	0	0	0	0	0	0	0	0	0	0	0	0	0	
0	0.92537	0.75	0.64286	0.33333	0	0	0	0	0	0	0	0	0	0	0	0	0	0	0	0	0	0	0	
0	0.95028	0.72131	0.375	0.42857	0.33333	0.5	1	0	0	0	0	0	0	0	0	0	0	0	0	0	0	0	0	
0	0.93182	0.88889	0.66667	0.6	0.5	1	0	0	0	0	0	0	0	0	0	0	0	0	0	0	0	0	0	
0	0.97753	0.97222	0.90909	0.66667	1	1	1	1	1	1	0	0	0	0	0	0	0	0	0	0	0	0	0	
0	0.8866	0.85185	0.83333	1	1	1	1	1	1	0	0	0	0	0	0	0	0	0	0	0	0	0	0	
0	0.8806	0.72414	0.73333	0.63636	0.83333	0.8	1	1	0	0	0	0	0	0	0	0	0	0	0	0	0	0	0	
0	0.91549	0.96429	0.94444	1	0.8	0.66667	0	0	0	0	0	0	0	0	0	0	0	0	0	0	0	0	0	
0	0.93506	0.61429	0.65385	0.69231	0.77778	1	0	0	0	0	0	0	0	0	0	0	0	0	0	0	0	0	0	
0	0.94872	0.89231	0.83333	0.88889	1	0.66667	1	1	0	0	0	0	0	0	0	0	0	0	0	0	0	0	0	
0	0.95376	0.79688	0.79167	0.83333	0.33333	0	0	0	0	0	0	0	0	0	0	0	0	0	0	0	0	0	0	
0	0.94631	0.62162	0.625	0.4	0	0	0	0	0	0	0	0	0	0	0	0	0	0	0	0	0	0	0	
0	0.92241	0.84211	0.66667	0.42857	0.5	0.33333	0	0	0	0	0	0	0	0	0	0	0	0	0	0	0	0	0	
0	0.94643	0.83784	0.78947	0.92308	0.57143	0.5	0	0	0	0	0	0	0	0	0	0	0	0	0	0	0	0	0	
0	0.92982	0.90698	0.88889	0.54545	0.66667	1	1	0	0	0	0	0	0	0	0	0	0	0	0	0	0	0	0	
0	0.95935	0.84746	0.78261	0.8	0.83333	1	0.5	0	0	0	0	0	0	0	0	0	0	0	0	0	0	0	0	
0	0.94937	0.85185	0.86957	0.77778	1	0.66667	0.5	0	0	0	0	0	0	0	0	0	0	0	0	0	0	0	0	
0	0.94702	0.78689	0.73333	0.6875	0.5	0.5	0.66667	0	0	0	0	0	0	0	0	0	0	0	0	0	0	0	0	
0	0.94697	0.83019	0.84615	0.72222	0.66667	0.66667	0.5	0	0	0	0	0	0	0	0	0	0	0	0	0	0	0	0	
0	0.94737	0.81538	0.75	0.66667	0.66667	0.5	0.25	0.33333	0.5	1	0	0	0	0	0	0	0	0	0	0	0	0	0	
0	0.91837	0.94545	0.91304	0.92308	0.85714	0.5	0.66667	0.5	1	0	0	0	0	0	0	0	0	0	0	0	0	0	0	
0	0.96212	0.6875	0.60714	0.6	0.625	0.66667	0.5	0.5	0	0	0	0	0	0	0	0	0	0	0	0	0	0	0	
0	0.96269	0.83636	0.875	0.69231	0.5	0.42857	0.5	0	0	0	0	0	0	0	0	0	0	0	0	0	0	0	0	
0	0.92667	0.86441	0.75	0.875	0.83333	0.6	0	0	0	0	0	0	0	0	0	0	0	0	0	0	0	0	0	
0	0.94444	0.5614	0.51724	0.4375	0.5	0	0	0	0	0	0	0	0	0	0	0	0	0	0	0	0	0	0	
0	0.95161	0.98182	0.92857	0.75	0.77778	0.66667	0.33333	0	0	0	0	0	0	0	0	0	0	0	0	0	0	0	0	
0	0.87425	0.89394	0.79412	0.88235	0.72727	0.66667	0.5	0.5	1	1	0	0	0	0	0	0	0	0	0	0	0	0	0	
0	0.92063	0.67692	0.55882	0.54545	0.45455	0.4	0	0	0	0	0	0	0	0	0	0	0	0	0	0	0	0	0	
0	0.93023	0.79245	0.76667	0.75	0.75	0.6	0.5	0.5	0	0	0	0	0	0	0	0	0	0	0	0	0	0	0	
0	0.96154	0.93103	0.89286	0.90909	0.85714	1	1	1	1	1	1	1	1	1	1	1	0	0	0	0	0	0	0	
0	0.95775	0.88889	0.84	0.66667	0.625	0.5	0.33333	0.33333	0.33333	0.33333	0.5	0.5	0	0	0	0	0	0	0	0	0	0	0	
0	0.96241	0.82	0.88	0.83333	0.77778	0.5	0.5	0.33333	0.33333	0	0	0	0	0	0	0	0	0	0	0	0	0	0	
0	0.94309	0.87273	0.86364	0.875	0.625	0.8	0.66667	0.66667	0.5	0.5	0	0	0	0	0	0	0	0	0	0	0	0	0	
0	0.96273	0.76119	0.8	0.70588	0.625	0.75	0.75	0.66667	0.66667	1	1	1	0	0	0	0	0	0	0	0	0	0	0	
0	0.94737	0.68182	0.51724	0.5	0.55556	0.4	0.33333	0.33333	0.5	0	0	0	0	0	0	0	0	0	0	0	0	0	0	
0	0.97297	0.71429	0.76923	0.91667	0.85714	0.75	0.66667	1	1	1	0	0	0	0	0	0	0	0	0	0	0	0	0	
0	0.8963	0.87931	0.95652	0.92308	1	1	1	1	1	0	0	0	0	0	0	0	0	0	0	0	0	0	0	
0	0.94737	0.98	0.95652	0.91667	1	1	0.5	0.5	0	0	0	0	0	0	0	0	0	0	0	0	0	0	0	
0	0.93701	0.95918	0.875	0.875	0.66667	0.75	0.66667	1	0	0	0	0	0	0	0	0	0	0	0	0	0	0	0	
0	0.9708	0.90476	0.85714	0.84615	0.71429	0.6	0.66667	0.5	1	1	0	0	0	0	0	0	0	0	0	0	0	0	0	
0	0.91111	0.89474	0.83333	0.76471	0.63636	0.8	0	0	0	0	0	0	0	0	0	0	0	0	0	0	0	0	0	
0	0.95181	0.79167	0.71875	0.53333	0.57143	1	1	1	0	0	0	0	0	0	0	0	0	0	0	0	0	0	0	
0	0.96277	0.96104	0.97297	0.9375	0.85714	0.75	0.66667	1	1	1	1	1	0	0	0	0	0	0	0	0	0	0	0	
0	0.96575	0.93651	0.96154	1	1	0.66667	1	1	1	1	1	0	0	0	0	0	0	0	0	0	0	0	0	
0	0.95804	0.89474	0.90476	0.81818	0.66667	1	1	1	1	1	0	0	0	0	0	0	0	0	0	0	0	0	0	
0	0.96528	0.94545	0.95833	0.8	1	1	1	1	1	0	0	0	0	0	0	0	0	0	0	0	0	0	0	
0	0.94161	0.96721	0.91667	0.875	0.75	0	0	0	0	0	0	0	0	0	0	0	0	0	0	0	0	0	0	
0	0.96825	0.95122	0.875	0.88889	1	1	1	0	0	0	0	0	0	0	0	0	0	0	0	0	0	0	0	
0	0.89655	0.80851	0.79167	0.8	1	1	1	1	0	0	0	0	0	0	0	0	0	0	0	0	0	0	0	
0	0.90164	0.91667	0.85714	0.875	0.8	1	1	0	0	0	0	0	0	0	0	0	0	0	0	0	0	0	0	
0	0.93798	0.875	0.86957	0.72727	0.5	0	0	0	0	0	0	0	0	0	0	0	0	0	0	0	0	0	0	
0	0.94828	0.86842	0.91667	1	1	0	0	0	0	0	0	0	0	0	0	0	0	0	0	0	0	0	0	
0	0.96694	0.84615	0.73333	0.57143	0.66667	1	1	0	0	0	0	0	0	0	0	0	0	0	0	0	0	0	0	
0	0.89655	0.82927	0.66667	0.8	0.66667	0.5	0	0	0	0	0	0	0	0	0	0	0	0	0	0	0	0	0	
0	0.88696	0.82051	0.9375	0.85714	0.75	1	0	0	0	0	0	0	0	0	0	0	0	0	0	0	0	0	0	
0	0.89623	0.84615	0.84615	0.75	0.75	1	1	1	0	0	0	0	0	0	0	0	0	0	0	0	0	0	0	
0	0.94393	0.90909	0.93333	0.8	0.66667	0.66667	0.5	0.5	0	0	0	0	0	0	0	0	0	0	0	0	0	0	0	
0	0.93913	0.86486	0.94118	0.83333	1	1	0.5	0.5	1	0	0	0	0	0	0	0	0	0	0	0	0	0	0	
0	0.92857	0.90476	0.88235	1	1	0.75	0.5	1	0	0	0	0	0	0	0	0	0	0	0	0	0	0	0	
0	0.90816	0.825	0.85714	0.76923	0.5	0.5	1	0	0	0	0	0	0	0	0	0	0	0	0	0	0	0	0	
0	0.90598	0.84444	0.76	0.64706	0.5	1	0	0	0	0	0	0	0	0	0	0	0	0	0	0	0	0	0	
0	0.93388	0.92157	0.80645	0.90909	1	1	0	0	0	0	0	0	0	0	0	0	0	0	0	0	0	0	0	
0	0.89109	0.82	0.6	0.83333	1	0	0	0	0	0	0	0	0	0	0	0	0	0	0	0	0	0	0	
0	0.95495	0.88571	1	1	1	1	0	0	0	0	0	0	0	0	0	0	0	0	0	0	0	0	0	
0	0.92793	0.88095	0.78571	0.83333	0	0	0	0	0	0	0	0	0	0	0	0	0	0	0	0	0	0	0	
0	0.95699	0.90476	0.9	1	0	0	0	0	0	0	0	0	0	0	0	0	0	0	0	0	0	0	0	
0	0.97059	0.94737	0.875	1	0	0	0	0	0	0	0	0	0	0	0	0	0	0	0	0	0	0	0	
0	0.95122	0.91176	0.75	1	1	1	0	0	0	0	0	0	0	0	0	0	0	0	0	0	0	0	0	
0	0.93902	0.81818	0.76923	0.83333	0.66667	0.5	1	0	0	0	0	0	0	0	0	0	0	0	0	0	0	0	0	
0	0.91463	0.89655	0.83333	0.8	0.75	0.5	1	1	1	1	1	0	0	0	0	0	0	0	0	0	0	0	0	
0	0.88312	0.92857	0.85714	0.6	0.4	0.5	0	0	0	0	0	0	0	0	0	0	0	0	0	0	0	0	0	
0	0.94203	0.66667	0.69231	0.5	0.5	0	0	0	0	0	0	0	0	0	0	0	0	0	0	0	0	0	0	
0	0.96	0.90323	0.93333	0.875	0.66667	0.5	0.5	1	0	0	0	0	0	0	0	0	0	0	0	0	0	0	0	
0	0.92754	0.95238	0.7	0.5	0.5	0.5	1	0	0	0	0	0	0	0	0	0	0	0	0	0	0	0	0	
0	0.93814	0.875	0.66667	0.4	0.25	0.5	0	0	0	0	0	0	0	0	0	0	0	0	0	0	0	0	0	
0	0.95238	0.90909	0.875	0.75	1	0	0	0	0	0	0	0	0	0	0	0	0	0	0	0	0	0	0	
0	0.92941	0.9	0.8	0.66667	0.5	0	0	0	0	0	0	0	0	0	0	0	0	0	0	0	0	0	0	
0	0.89041	0.80769	0.7	0.2	0	0	0	0	0	0	0	0	0	0	0	0	0	0	0	0	0	0	0	
0	0.9125	1	0.8	0.5	0	0	0	0	0	0	0	0	0	0	0	0	0	0	0	0	0	0	0	
0	0.88889	0.7931	1	1	1	1	1	1	1	1	1	0	0	0	0	0	0	0	0	0	0	0	0	
0	0.86842	0.61538	0.61538	0.55556	0.8	0.5	0	0	0	0	0	0	0	0	0	0	0	0	0	0	0	0	0	
0	0.78667	0.86957	0.72727	0.85714	0.66667	1	1	1	1	0	0	0	0	0	0	0	0	0	0	0	0	0	0	
0	0.90769	0.61538	0.5	0.66667	0.66667	0.66667	0.5	0.5	0	0	0	0	0	0	0	0	0	0	0	0	0	0	0	
0	0.90625	0.65217	0.81818	1	0.75	0.66667	0.66667	0	0	0	0	0	0	0	0	0	0	0	0	0	0	0	0	
0	0.87879	0.77273	0.85714	0.875	0.8	0.33333	0	0	0	0	0	0	0	0	0	0	0	0	0	0	0	0	0	
0	0.80769	0.78571	0.61538	0.5	0.66667	0	0	0	0	0	0	0	0	0	0	0	0	0	0	0	0	0	0	
0	0.77333	0.73913	0.72727	0.66667	0	0	0	0	0	0	0	0	0	0	0	0	0	0	0	0	0	0	0	
0	0.92473	0.69444	0.72727	0.75	0.5	0	0	0	0	0	0	0	0	0	0	0	0	0	0	0	0	0	0	
0	0.8913	0.88889	0.77778	0.8	1	1	0	0	0	0	0	0	0	0	0	0	0	0	0	0	0	0	0	
0	0.94366	0.72	0.7	0.75	0.75	0	0	0	0	0	0	0	0	0	0	0	0	0	0	0	0	0	0	
0	0.92424	0.86957	0.8	0.75	0	0	0	0	0	0	0	0	0	0	0	0	0	0	0	0	0	0	0	
0	0.9375	0.82353	0.85714	0	0	0	0	0	0	0	0	0	0	0	0	0	0	0	0	0	0	0	0	
0	0.92063	0.83333	0.66667	0	0	0	0	0	0	0	0	0	0	0	0	0	0	0	0	0	0	0	0	
0	0.90667	0.73913	0.57143	0.66667	1	0	0	0	0	0	0	0	0	0	0	0	0	0	0	0	0	0	0	
0	0.92727	0.94444	1	1	0	0	0	0	0	0	0	0	0	0	0	0	0	0	0	0	0	0	0	
0	0.85484	0.92857	0.8	0	0	0	0	0	0	0	0	0	0	0	0	0	0	0	0	0	0	0	0	
0	0.94118	0.92308	0.33333	0.5	0	0	0	0	0	0	0	0	0	0	0	0	0	0	0	0	0	0	0	
0	0.96491	0.92308	0.66667	1	0	0	0	0	0	0	0	0	0	0	0	0	0	0	0	0	0	0	0	
0	0.90566	0.66667	0.5	0.5	0	0	0	0	0	0	0	0	0	0	0	0	0	0	0	0	0	0	0	
0	0.79592	0.46154	0.33333	0	0	0	0	0	0	0	0	0	0	0	0	0	0	0	0	0	0	0	0	
0	0.75	0.625	1	1	0	0	0	0	0	0	0	0	0	0	0	0	0	0	0	0	0	0	0	
0	0.78378	1	1	0	0	0	0	0	0	0	0	0	0	0	0	0	0	0	0	0	0	0	0	
0	0.89744	0.72727	0.5	0	0	0	0	0	0	0	0	0	0	0	0	0	0	0	0	0	0	0	0	
0	0.875	0.83333	0.75	0	0	0	0	0	0	0	0	0	0	0	0	0	0	0	0	0	0	0	0	
0	0.725	0.53846	0.33333	0.5	0.5	1	1	1	1	1	0	0	0	0	0	0	0	0	0	0	0	0	0	
0	0.82927	0.88889	0.5	0.5	1	0	0	0	0	0	0	0	0	0	0	0	0	0	0	0	0	0	0	
0	0.94872	0.875	0.66667	1	1	1	1	1	0	0	0	0	0	0	0	0	0	0	0	0	0	0	0	
0	0.84091	1	0.66667	0.33333	0.33333	0.5	0	0	0	0	0	0	0	0	0	0	0	0	0	0	0	0	0	
0	0.70213	0.83333	0.625	0.5	0.33333	0	0	0	0	0	0	0	0	0	0	0	0	0	0	0	0	0	0	
0	0.91667	0.69231	0.8	1	0	0	0	0	0	0	0	0	0	0	0	0	0	0	0	0	0	0	0	
0	0.80556	0.46154	0.75	0	0	0	0	0	0	0	0	0	0	0	0	0	0	0	0	0	0	0	0	
0	0.81579	0.91667	1	0	0	0	0	0	0	0	0	0	0	0	0	0	0	0	0	0	0	0	0	
0	0.82222	0.73333	0	0	0	0	0	0	0	0	0	0	0	0	0	0	0	0	0	0	0	0	0	
0	0.80952	0.66667	0.5	0	0	0	0	0	0	0	0	0	0	0	0	0	0	0	0	0	0	0	0	
0	0.68571	0.58333	1	0	0	0	0	0	0	0	0	0	0	0	0	0	0	0	0	0	0	0	0	
0	0.67647	0.75	1	0	0	0	0	0	0	0	0	0	0	0	0	0	0	0	0	0	0	0	0	
0	0.67647	0.55556	0.33333	0	0	0	0	0	0	0	0	0	0	0	0	0	0	0	0	0	0	0	0	
0	0.7561	0.66667	0.42857	0.33333	0.5	0	0	0	0	0	0	0	0	0	0	0	0	0	0	0	0	0	0	
0	0.82927	0.8	0.63636	0.83333	0.5	0	0	0	0	0	0	0	0	0	0	0	0	0	0	0	0	0	0	
0	0.81395	0.78947	1	1	0	0	0	0	0	0	0	0	0	0	0	0	0	0	0	0	0	0	0	
0	0.82353	0.78571	0.75	0	0	0	0	0	0	0	0	0	0	0	0	0	0	0	0	0	0	0	0	
0	0.68085	0.61538	0	0	0	0	0	0	0	0	0	0	0	0	0	0	0	0	0	0	0	0	0	
0	0.65217	0.5	0	0	0	0	0	0	0	0	0	0	0	0	0	0	0	0	0	0	0	0	0	
0	0.78125	0.71429	1	1	0	0	0	0	0	0	0	0	0	0	0	0	0	0	0	0	0	0	0	
0	0.71429	0.75	1	0	0	0	0	0	0	0	0	0	0	0	0	0	0	0	0	0	0	0	0	
0	0.73529	0.63636	0	0	0	0	0	0	0	0	0	0	0	0	0	0	0	0	0	0	0	0	0	
0	0.68293	0.66667	0.75	0	0	0	0	0	0	0	0	0	0	0	0	0	0	0	0	0	0	0	0	
0	0.85106	0.91667	1	0	0	0	0	0	0	0	0	0	0	0	0	0	0	0	0	0	0	0	0	
0	0.78378	0.81818	0.5	0	0	0	0	0	0	0	0	0	0	0	0	0	0	0	0	0	0	0	0	
0	0.56	0.66667	0.33333	0	0	0	0	0	0	0	0	0	0	0	0	0	0	0	0	0	0	0	0	
0	0.66667	0.2	0	0	0	0	0	0	0	0	0	0	0	0	0	0	0	0	0	0	0	0	0	
0	0.77273	0.875	0.25	0.5	0	0	0	0	0	0	0	0	0	0	0	0	0	0	0	0	0	0	0	
0	0.6	1	1	1	0	0	0	0	0	0	0	0	0	0	0	0	0	0	0	0	0	0	0	
0	0.7619	0.66667	0	0	0	0	0	0	0	0	0	0	0	0	0	0	0	0	0	0	0	0	0	
0	0.70968	0.8	0.75	0	0	0	0	0	0	0	0	0	0	0	0	0	0	0	0	0	0	0	0	
0	0.68	0.875	0.5	1	0	0	0	0	0	0	0	0	0	0	0	0	0	0	0	0	0	0	0	
0	0.70833	0.5	0.66667	0	0	0	0	0	0	0	0	0	0	0	0	0	0	0	0	0	0	0	0	
0	0.6875	0.25	0	0	0	0	0	0	0	0	0	0	0	0	0	0	0	0	0	0	0	0	0	
0	0.73913	0.5	0	0	0	0	0	0	0	0	0	0	0	0	0	0	0	0	0	0	0	0	0	
0	0.65	0.8	0	0	0	0	0	0	0	0	0	0	0	0	0	0	0	0	0	0	0	0	0	
0	0.75	0.66667	0	0	0	0	0	0	0	0	0	0	0	0	0	0	0	0	0	0	0	0	0	
0	0.78261	0.625	0	0	0	0	0	0	0	0	0	0	0	0	0	0	0	0	0	0	0	0	0	
0	0.82609	0.6	0	0	0	0	0	0	0	0	0	0	0	0	0	0	0	0	0	0	0	0	0	
0	0.63158	0.83333	0.8	1	0	0	0	0	0	0	0	0	0	0	0	0	0	0	0	0	0	0	0	
0	0.81818	0.875	0.66667	0	0	0	0	0	0	0	0	0	0	0	0	0	0	0	0	0	0	0	0	
0	0.88889	0.85714	1	0	0	0	0	0	0	0	0	0	0	0	0	0	0	0	0	0	0	0	0	
0	0.89286	0.42857	0	0	0	0	0	0	0	0	0	0	0	0	0	0	0	0	0	0	0	0	0	
0	0.85714	0.90909	0.75	1	0	0	0	0	0	0	0	0	0	0	0	0	0	0	0	0	0	0	0	
0	0.85185	0.625	0.5	1	1	1	0	0	0	0	0	0	0	0	0	0	0	0	0	0	0	0	0	
0	0.84	0.8	1	1	1	0	0	0	0	0	0	0	0	0	0	0	0	0	0	0	0	0	0	
0	0.86207	1	1	1	0	0	0	0	0	0	0	0	0	0	0	0	0	0	0	0	0	0	0	
0	0.85714	0.8	1	0.66667	1	1	0	0	0	0	0	0	0	0	0	0	0	0	0	0	0	0	0	
0	0.95238	0.93333	0.85714	1	0.5	0	0	0	0	0	0	0	0	0	0	0	0	0	0	0	0	0	0	
0	1	0.83333	0.75	0.33333	0	0	0	0	0	0	0	0	0	0	0	0	0	0	0	0	0	0	0	
0	0.9697	1	0.71429	0	0	0	0	0	0	0	0	0	0	0	0	0	0	0	0	0	0	0	0	
0	1	0.88889	0.75	0.5	0	0	0	0	0	0	0	0	0	0	0	0	0	0	0	0	0	0	0	
0	0.925	0.75	0.5	0	0	0	0	0	0	0	0	0	0	0	0	0	0	0	0	0	0	0	0	
0	0.86047	0.75	1	1	1	1	1	0	0	0	0	0	0	0	0	0	0	0	0	0	0	0	0	
0	0.90244	0.86667	0.875	0.5	0.5	0	0	0	0	0	0	0	0	0	0	0	0	0	0	0	0	0	0	
0	0.92	0.86667	0.75	0.8	0.75	0.5	1	0	0	0	0	0	0	0	0	0	0	0	0	0	0	0	0	
0	0.97436	0.92308	0.875	0.66667	0.33333	0.5	0	0	0	0	0	0	0	0	0	0	0	0	0	0	0	0	0	
0	0.91071	0.68	0.38462	0.16667	0.5	0	0	0	0	0	0	0	0	0	0	0	0	0	0	0	0	0	0	
0	0.875	0.69565	0.45455	0.5	0	0	0	0	0	0	0	0	0	0	0	0	0	0	0	0	0	0	0	
0	0.87671	0.82353	0.68421	0.42857	1	0	0	0	0	0	0	0	0	0	0	0	0	0	0	0	0	0	0	
0	0.86957	0.70968	0.66667	0.8	0.66667	0	0	0	0	0	0	0	0	0	0	0	0	0	0	0	0	0	0	
0	0.9403	1	0.71429	0.4	0	0	0	0	0	0	0	0	0	0	0	0	0	0	0	0	0	0	0	
0	1	0.92857	0.83333	1	0	0	0	0	0	0	0	0	0	0	0	0	0	0	0	0	0	0	0	
0	0.97727	0.94444	0.72727	0.25	0.5	0	0	0	0	0	0	0	0	0	0	0	0	0	0	0	0	0	0	
0	0.9375	0.90909	0.84615	0.71429	1	1	1	1	1	1	1	1	1	1	1	1	0	0	0	0	0	0	0	
0	0.94737	0.88235	0.88889	1	1	1	1	1	1	1	1	1	1	1	1	0	0	0	0	0	0	0	0	
0	0.95312	0.87879	0.88235	0.88889	0.5	0.5	0.5	0.5	0	0	0	0	0	0	0	0	0	0	0	0	0	0	0	
0	0.96809	0.91892	1	0.77778	1	1	1	1	1	1	1	1	1	0	0	0	0	0	0	0	0	0	0	
0	0.94175	0.94231	0.72222	0.5	0.57143	0.5	0	0	0	0	0	0	0	0	0	0	0	0	0	0	0	0	0	
0	0.97	0.88571	0.82353	0.75	0.5	0	0	0	0	0	0	0	0	0	0	0	0	0	0	0	0	0	0	
0	0.97647	0.92308	0.7619	0.63636	0.33333	0.5	0.5	0.66667	0	0	0	0	0	0	0	0	0	0	0	0	0	0	0	
0	0.9375	0.91892	0.75	0.71429	1	1	1	1	1	1	0	0	0	0	0	0	0	0	0	0	0	0	0	
0	0.9375	0.94737	0.91667	1	1	0.75	1	1	0	0	0	0	0	0	0	0	0	0	0	0	0	0	0	
0	0.97297	0.97561	1	1	0.9	0.83333	1	1	1	0	0	0	0	0	0	0	0	0	0	0	0	0	0	
0	0.94737	0.97674	1	0.90909	1	1	1	1	0	0	0	0	0	0	0	0	0	0	0	0	0	0	0	
0	0.9604	0.9	0.7619	0.75	0.625	0.75	0.5	0	0	0	0	0	0	0	0	0	0	0	0	0	0	0	0	
0	0.93636	0.93878	1	1	0.66667	0.66667	0.5	0	0	0	0	0	0	0	0	0	0	0	0	0	0	0	0	
0	0.92473	0.94872	0.95238	0.8	0.6	0.5	0	0	0	0	0	0	0	0	0	0	0	0	0	0	0	0	0	
0	0.9589	0.94737	0.88235	0.88889	0.83333	1	1	1	1	1	0	0	0	0	0	0	0	0	0	0	0	0	0	
0	0.98837	0.94118	0.875	0.8	0.6	0.5	1	1	1	0	0	0	0	0	0	0	0	0	0	0	0	0	0	
0	0.85938	0.76667	0.5625	0.44444	0.4	0.5	0.5	0.33333	0	0	0	0	0	0	0	0	0	0	0	0	0	0	0	
0	0.90141	0.7027	0.71429	0.53846	0.63636	0.55556	0.57143	0.5	0	0	0	0	0	0	0	0	0	0	0	0	0	0	0	
0	0.94318	0.91667	0.78947	0.8	0.66667	0.77778	0.8	0	0	0	0	0	0	0	0	0	0	0	0	0	0	0	0	
0	0.94624	0.86842	0.84	0.72727	0.8125	0.77778	0	0	0	0	0	0	0	0	0	0	0	0	0	0	0	0	0	
0	0.91011	0.81633	0.65714	0.70833	0.75	0.5	0.5	1	0	0	0	0	0	0	0	0	0	0	0	0	0	0	0	
0	0.94565	0.875	0.85294	0.82353	0.66667	0.66667	1	0	0	0	0	0	0	0	0	0	0	0	0	0	0	0	0	
0	0.96875	0.9375	0.87879	0.64706	0.66667	0.71429	0	0	0	0	0	0	0	0	0	0	0	0	0	0	0	0	0	
0	0.93985	0.94444	0.82609	0.84615	0.9	0.66667	0.66667	0.5	0.5	0.5	0.5	1	0	0	0	0	0	0	0	0	0	0	0	
0	0.92857	0.8	0.69231	0.66667	0.25	0.25	0.5	0.5	0.5	0.5	1	0	0	0	0	0	0	0	0	0	0	0	0	
0	0.92857	0.78261	0.75	0.57143	0.4	0	0	0	0	0	0	0	0	0	0	0	0	0	0	0	0	0	0	
0	0.89474	0.76923	0.54545	0.375	0.5	0.5	0.5	0.5	1	0	0	0	0	0	0	0	0	0	0	0	0	0	0	
0	0.90769	0.75	0.52941	0.5	0.6	0.75	0.66667	1	1	0	0	0	0	0	0	0	0	0	0	0	0	0	0	
0	0.88312	0.66667	0.73913	0.71429	0.75	0.8	1	1	1	1	1	1	1	0	0	0	0	0	0	0	0	0	0	
0	0.86667	0.86	0.77273	0.69231	0.7	0.75	0.66667	0.5	0.5	0.5	0.5	0.5	1	1	1	1	0	0	0	0	0	0	0	
0	0.88571	0.83721	0.88889	0.9	0.875	0.66667	0.66667	0.66667	0.66667	0.66667	0.66667	0.5	0.5	0.5	0.5	0	0	0	0	0	0	0	0	
0	0.82927	0.89189	0.86957	0.85714	0.8	1	1	1	1	1	1	1	1	1	0	0	0	0	0	0	0	0	0	
0	0.92593	0.925	1	0.85714	0.66667	1	1	1	1	1	1	1	1	0	0	0	0	0	0	0	0	0	0	
0	0.89583	0.89655	0.88235	0.66667	0.66667	0.6	0.75	0.75	0.66667	0.66667	1	1	0	0	0	0	0	0	0	0	0	0	0	
0	0.93396	0.82759	0.69697	0.58824	0.69231	0.5	0.8	0.75	0.75	0.5	1	0	0	0	0	0	0	0	0	0	0	0	0	
0	0.92453	0.84314	0.76923	0.75	0.72727	0.85714	0.75	0.75	0.5	1	0	0	0	0	0	0	0	0	0	0	0	0	0	
0	0.82353	0.80851	0.83871	0.72222	0.90909	0.57143	0.6	0.33333	1	0	0	0	0	0	0	0	0	0	0	0	0	0	0	
0	0.86139	0.84375	0.80488	0.7619	0.6875	0.55556	0.42857	0.75	0	0	0	0	0	0	0	0	0	0	0	0	0	0	0	
0	0.97241	0.9759	0.84615	0.63333	0.61111	0.5	0.625	0.5	0.5	0	0	0	0	0	0	0	0	0	0	0	0	0	0	
0	0.9717	0.94937	0.92157	0.81481	0.75	0.9	0.5	0.5	0	0	0	0	0	0	0	0	0	0	0	0	0	0	0	
0	0.95683	0.92208	0.84615	0.70833	0.76923	0.5	0.33333	0	0	0	0	0	0	0	0	0	0	0	0	0	0	0	0	
0	0.936	0.85965	0.8125	0.8125	0.375	0.33333	0	0	0	0	0	0	0	0	0	0	0	0	0	0	0	0	0	
0	0.92647	0.85	0.75	0.53846	0.28571	0	0	0	0	0	0	0	0	0	0	0	0	0	0	0	0	0	0	
0	0.87255	0.88636	0.70588	0.42857	0	0	0	0	0	0	0	0	0	0	0	0	0	0	0	0	0	0	0	
0	0.93182	0.82051	0.73333	0.6	0.5	0.5	0	0	0	0	0	0	0	0	0	0	0	0	0	0	0	0	0	
0	0.90385	0.91667	0.8	0.5	0.5	0	0	0	0	0	0	0	0	0	0	0	0	0	0	0	0	0	0	
0	0.9125	0.83333	0.54545	0.25	0	0	0	0	0	0	0	0	0	0	0	0	0	0	0	0	0	0	0	
0	0.88	0.75	0.76471	0.55556	0.33333	0.33333	0.33333	0.33333	0	0	0	0	0	0	0	0	0	0	0	0	0	0	0	
0	0.85897	0.84848	0.72222	0.77778	0.625	0.4	0.25	0	0	0	0	0	0	0	0	0	0	0	0	0	0	0	0	
0	0.90625	0.84615	0.84615	0.81818	0.5	0.4	0.25	0	0	0	0	0	0	0	0	0	0	0	0	0	0	0	0	
0	0.95918	0.91892	0.81818	0.69231	0.75	0.4	0	0	0	0	0	0	0	0	0	0	0	0	0	0	0	0	0	
0	0.94805	0.93023	0.75	0.73333	0.55556	0.25	0.33333	0	0	0	0	0	0	0	0	0	0	0	0	0	0	0	0	
0	0.94059	0.86538	0.85185	0.71429	0.5	0.5	0	0	0	0	0	0	0	0	0	0	0	0	0	0	0	0	0	
0	0.94167	0.98148	0.81818	0.63636	0.6	0.25	0.33333	0	0	0	0	0	0	0	0	0	0	0	0	0	0	0	0	
0	0.96364	0.84615	0.78947	0.63636	0.25	0.33333	0	0	0	0	0	0	0	0	0	0	0	0	0	0	0	0	0	
0	0.86598	0.78378	0.57895	0.4	0.66667	0	0	0	0	0	0	0	0	0	0	0	0	0	0	0	0	0	0	
0	0.90789	0.75862	0.55556	0.71429	0.5	0.5	0.5	0.5	0	0	0	0	0	0	0	0	0	0	0	0	0	0	0	
0	0.84507	0.68421	0.64706	0.4	0.66667	0.66667	0.66667	1	0	0	0	0	0	0	0	0	0	0	0	0	0	0	0	
0	0.83784	0.82143	0.66667	0.75	0.75	0.66667	1	0	0	0	0	0	0	0	0	0	0	0	0	0	0	0	0	
0	0.94118	0.90909	1	0.81818	0.71429	0.66667	0.5	0	0	0	0	0	0	0	0	0	0	0	0	0	0	0	0	
0	0.97015	0.92308	0.66667	0.66667	0.6	0.5	0	0	0	0	0	0	0	0	0	0	0	0	0	0	0	0	0	
0	0.9	0.81579	0.86957	0.81818	0.8	1	0	0	0	0	0	0	0	0	0	0	0	0	0	0	0	0	0	
0	0.94949	0.97619	0.93333	0.85714	0.66667	0.5	0.5	0.5	0.5	0	0	0	0	0	0	0	0	0	0	0	0	0	0	
0	0.98667	0.9	0.76923	0.57143	0.25	0.5	0.5	0.5	0	0	0	0	0	0	0	0	0	0	0	0	0	0	0	
0	0.91525	0.75	0.58333	0.4	0.66667	0.5	0.5	0	0	0	0	0	0	0	0	0	0	0	0	0	0	0	0	
0	0.84416	0.78788	0.91667	0.83333	0.75	0.66667	1	0	0	0	0	0	0	0	0	0	0	0	0	0	0	0	0	
0	0.97701	0.87097	0.94737	0.91667	0.75	0.8	0.66667	0	0	0	0	0	0	0	0	0	0	0	0	0	0	0	0	
0	0.84058	0.925	0.95455	0.75	0.66667	0.66667	0	0	0	0	0	0	0	0	0	0	0	0	0	0	0	0	0	
0	0.97	0.93023	0.85	0.72727	0.6	0	0	0	0	0	0	0	0	0	0	0	0	0	0	0	0	0	0	
0	0.96386	0.94444	0.83333	0.6	0	0	0	0	0	0	0	0	0	0	0	0	0	0	0	0	0	0	0	
0	0.95455	0.9375	0.875	1	1	1	1	1	1	0	0	0	0	0	0	0	0	0	0	0	0	0	0	
0	0.97959	0.96667	0.9	0.83333	1	1	1	1	0	0	0	0	0	0	0	0	0	0	0	0	0	0	0	
0	0.98387	1	0.90909	1	1	1	1	0	0	0	0	0	0	0	0	0	0	0	0	0	0	0	0	
0	0.92063	0.95833	0.91667	0.85714	1	1	0	0	0	0	0	0	0	0	0	0	0	0	0	0	0	0	0	
0	0.95	0.96429	0.875	0.75	0.75	0	0	0	0	0	0	0	0	0	0	0	0	0	0	0	0	0	0	
0	0.975	1	0.84615	1	1	0	0	0	0	0	0	0	0	0	0	0	0	0	0	0	0	0	0	
0	0.97561	0.97297	0.88889	0.66667	0.5	0	0	0	0	0	0	0	0	0	0	0	0	0	0	0	0	0	0	
0	0.95181	0.8125	0.54545	0	0	0	0	0	0	0	0	0	0	0	0	0	0	0	0	0	0	0	0	
0	0.91011	0.88	0.66667	0	0	0	0	0	0	0	0	0	0	0	0	0	0	0	0	0	0	0	0	
0	0.91525	0.77778	0.88889	0.83333	1	1	0	0	0	0	0	0	0	0	0	0	0	0	0	0	0	0	0	
0	0.91071	0.91667	0.91667	1	0.5	0	0	0	0	0	0	0	0	0	0	0	0	0	0	0	0	0	0	
0	0.9359	0.84211	0.81818	0.5	0.5	0	0	0	0	0	0	0	0	0	0	0	0	0	0	0	0	0	0	
0	0.96842	0.96774	0.78571	0.75	0.75	1	1	1	0	0	0	0	0	0	0	0	0	0	0	0	0	0	0	
0	0.95833	0.85185	0.8	0.77778	0.8	0.75	1	1	1	1	0	0	0	0	0	0	0	0	0	0	0	0	0	
0	0.94	0.875	0.85714	0.85714	0.75	1	1	1	1	0	0	0	0	0	0	0	0	0	0	0	0	0	0	
0	0.95	0.75	0.92308	1	1	0	0	0	0	0	0	0	0	0	0	0	0	0	0	0	0	0	0	
0	0.95294	0.94737	0.89474	0.90909	0.75	0.5	0.25	0	0	0	0	0	0	0	0	0	0	0	0	0	0	0	0	
0	0.91111	0.97222	0.94444	0.85714	0.83333	0.8	1	0	0	0	0	0	0	0	0	0	0	0	0	0	0	0	0	
0	0.94366	0.96875	0.75	0.85714	0.83333	0	0	0	0	0	0	0	0	0	0	0	0	0	0	0	0	0	0	
0	0.94382	0.86364	0.92308	0.875	1	0	0	0	0	0	0	0	0	0	0	0	0	0	0	0	0	0	0	
0	0.97143	0.97826	0.91667	0.85714	0.5	0.5	0	0	0	0	0	0	0	0	0	0	0	0	0	0	0	0	0	
0	0.95327	0.98077	0.86667	0.7	0.8	0.66667	1	1	1	0	0	0	0	0	0	0	0	0	0	0	0	0	0	
0	0.98701	0.97561	0.86364	0.72727	1	1	1	0	0	0	0	0	0	0	0	0	0	0	0	0	0	0	0	
0	0.98592	0.91892	0.88889	0.9	0.75	0.5	0	0	0	0	0	0	0	0	0	0	0	0	0	0	0	0	0	
0	0.91667	0.80645	0.77778	0.7	0.75	0.5	1	0	0	0	0	0	0	0	0	0	0	0	0	0	0	0	0	
0	0.92857	0.86207	0.78571	0.85714	0.66667	1	0	0	0	0	0	0	0	0	0	0	0	0	0	0	0	0	0	
0	0.89474	0.8	0.7619	0.71429	1	1	1	1	1	1	0	0	0	0	0	0	0	0	0	0	0	0	0	
0	0.92222	0.8913	0.75	0.77778	0.71429	0.33333	0.5	0.5	0.5	0	0	0	0	0	0	0	0	0	0	0	0	0	0	
0	0.93478	0.88889	0.78947	0.73333	0.6	0.5	0.6	0.6	0.66667	1	1	0	0	0	0	0	0	0	0	0	0	0	0	
0	0.93519	1	0.94118	0.80952	0.75	0.625	0.71429	0.75	1	1	0	0	0	0	0	0	0	0	0	0	0	0	0	
0	0.97273	0.98438	0.87879	0.85	0.76923	0.72727	0.8	1	1	0	0	0	0	0	0	0	0	0	0	0	0	0	0	
0	0.99242	1	0.93548	0.85714	0.9	0.6	1	1	0	0	0	0	0	0	0	0	0	0	0	0	0	0	0	
0	1	0.98214	0.92593	0.94118	0.88889	0.5	0.5	0	0	0	0	0	0	0	0	0	0	0	0	0	0	0	0	
0	0.93443	0.88679	0.92857	0.92857	0.5	0.5	0	0	0	0	0	0	0	0	0	0	0	0	0	0	0	0	0	
0	0.93578	0.88462	0.78571	0.5	0.66667	0	0	0	0	0	0	0	0	0	0	0	0	0	0	0	0	0	0	
0	0.97101	0.97143	0.91667	0.85714	0.5	1	1	0	0	0	0	0	0	0	0	0	0	0	0	0	0	0	0	
0	0.96739	0.93333	0.78571	0.75	1	1	0	0	0	0	0	0	0	0	0	0	0	0	0	0	0	0	0	
0	0.91667	0.90625	0.8	0.5	0.33333	1	1	1	0	0	0	0	0	0	0	0	0	0	0	0	0	0	0	
0	0.91753	0.68571	0.58333	0.25	0	0	0	0	0	0	0	0	0	0	0	0	0	0	0	0	0	0	0	
0	0.94286	0.84	0.8	0.83333	0.75	1	0	0	0	0	0	0	0	0	0	0	0	0	0	0	0	0	0	
0	0.90323	0.80952	0.88889	0.85714	1	1	0	0	0	0	0	0	0	0	0	0	0	0	0	0	0	0	0	
0	0.92063	0.9	0.76471	0.9	0.83333	0.5	0.5	0	0	0	0	0	0	0	0	0	0	0	0	0	0	0	0	
0	0.95192	0.87879	0.94444	0.88889	0.75	0.66667	0	0	0	0	0	0	0	0	0	0	0	0	0	0	0	0	0	
0	0.9	0.86364	0.77778	0.8	0.85714	1	0	0	0	0	0	0	0	0	0	0	0	0	0	0	0	0	0	
0	0.92553	0.84848	0.78947	0.7	1	0	0	0	0	0	0	0	0	0	0	0	0	0	0	0	0	0	0	
0	0.96914	0.91176	0.84375	0.72727	0.57143	0.2	0.33333	0	0	0	0	0	0	0	0	0	0	0	0	0	0	0	0	
0	0.9322	0.82353	0.76471	0.55556	0.42857	0.5	0	0	0	0	0	0	0	0	0	0	0	0	0	0	0	0	0	
0	0.90698	0.85185	0.6	0.375	0.4	0	0	0	0	0	0	0	0	0	0	0	0	0	0	0	0	0	0	
0	0.86667	0.7619	0.42857	0.33333	0	0	0	0	0	0	0	0	0	0	0	0	0	0	0	0	0	0	0	
0	0.92	0.82609	0.66667	0.66667	0.25	0	0	0	0	0	0	0	0	0	0	0	0	0	0	0	0	0	0	
0	0.94681	0.78571	0.71429	0.625	0.5	0	0	0	0	0	0	0	0	0	0	0	0	0	0	0	0	0	0	
0	0.91667	0.92308	0.86364	0.77778	1	0	0	0	0	0	0	0	0	0	0	0	0	0	0	0	0	0	0	
0	0.93548	0.87179	0.625	0.75	0	0	0	0	0	0	0	0	0	0	0	0	0	0	0	0	0	0	0	
0	0.91011	0.90909	0.86667	1	1	1	1	1	1	1	1	1	0	0	0	0	0	0	0	0	0	0	0	
0	0.95652	0.91667	0.84615	0.8	0.75	1	1	1	1	1	1	0	0	0	0	0	0	0	0	0	0	0	0	
0	0.96341	0.96552	0.88889	0.83333	0.66667	0.66667	0.66667	1	1	1	0	0	0	0	0	0	0	0	0	0	0	0	0	
0	0.95	0.90476	0.81818	1	1	1	1	1	1	0	0	0	0	0	0	0	0	0	0	0	0	0	0	
0	0.94915	0.95833	0.72727	0.85714	0.83333	1	1	1	0	0	0	0	0	0	0	0	0	0	0	0	0	0	0	
0	0.92537	0.86207	0.8	0.81818	0.85714	1	1	0	0	0	0	0	0	0	0	0	0	0	0	0	0	0	0	
0	0.95	0.95833	0.93333	0.88889	1	1	0	0	0	0	0	0	0	0	0	0	0	0	0	0	0	0	0	
0	0.93333	0.97143	0.73684	0.81818	0.71429	0.5	0.5	0	0	0	0	0	0	0	0	0	0	0	0	0	0	0	0	
0	0.9881	0.9697	0.92857	0.83333	1	1	0	0	0	0	0	0	0	0	0	0	0	0	0	0	0	0	0	
0	0.94253	0.80556	0.61538	0.6	0.33333	0	0	0	0	0	0	0	0	0	0	0	0	0	0	0	0	0	0	
0	0.89062	0.84	0.8125	0.6	0.66667	0	0	0	0	0	0	0	0	0	0	0	0	0	0	0	0	0	0	
0	0.94667	0.87879	0.80952	0.75	1	1	1	1	0	0	0	0	0	0	0	0	0	0	0	0	0	0	0	
0	0.97222	0.95	0.85714	1	1	1	0.5	0	0	0	0	0	0	0	0	0	0	0	0	0	0	0	0	
0	0.975	0.97959	0.94444	0.81818	0.77778	0.75	0	0	0	0	0	0	0	0	0	0	0	0	0	0	0	0	0	
0	0.9823	1	0.88235	0.75	0.66667	0	0	0	0	0	0	0	0	0	0	0	0	0	0	0	0	0	0	
0	0.95714	0.82609	0.90909	0.6	0	0	0	0	0	0	0	0	0	0	0	0	0	0	0	0	0	0	0	
0	0.93443	0.94118	0.86667	0.8	0.4	0.33333	0.33333	0.5	1	1	1	1	1	1	1	1	1	1	1	1	0	0	0	
0	0.97701	1	0.5	0.71429	0.5	0.5	0.5	1	1	1	1	1	1	1	1	1	1	1	1	0	0	0	0	
0	0.92424	0.71429	0.57143	0.25	0.25	0.5	1	1	1	1	1	1	1	1	1	1	1	1	0	0	0	0	0	
0	0.98305	0.96154	0.72727	0.6	0.25	1	1	1	1	1	1	1	1	1	1	1	1	0	0	0	0	0	0	
0	0.9878	0.90625	0.84211	0.7	0.8	0.66667	1	1	1	1	1	1	1	1	1	1	0	0	0	0	0	0	0	
0	0.95714	0.97368	0.88889	0.90909	0.8	1	1	1	1	1	1	1	1	1	1	0	0	0	0	0	0	0	0	
0	0.9798	0.94737	0.95	0.9	1	1	1	1	1	1	1	1	1	1	0	0	0	0	0	0	0	0	0	
0	0.96429	0.98077	0.89474	0.875	0.71429	1	1	1	1	1	1	1	1	0	0	0	0	0	0	0	0	0	0	
0	0.96939	0.88571	0.86667	0.7	1	1	1	1	1	1	1	1	0	0	0	0	0	0	0	0	0	0	0	
0	0.96429	1	0.77778	0.66667	0.4	0.33333	0.33333	0.5	0.5	1	1	0	0	0	0	0	0	0	0	0	0	0	0	
0	0.93846	0.875	0.66667	0.5	0.5	0.33333	0.5	0.5	1	1	0	0	0	0	0	0	0	0	0	0	0	0	0	
0	0.97521	0.96774	0.84615	0.625	0.5	0.33333	0.5	1	1	0	0	0	0	0	0	0	0	0	0	0	0	0	0	
0	0.92	0.86957	0.7	0.71429	0.66667	0.5	1	1	0	0	0	0	0	0	0	0	0	0	0	0	0	0	0	
0	0.98413	0.86207	0.70588	0.66667	0.75	1	0.5	0	0	0	0	0	0	0	0	0	0	0	0	0	0	0	0	
0	1	0.89286	0.88889	0.8	0.5	0.5	0	0	0	0	0	0	0	0	0	0	0	0	0	0	0	0	0	
0	0.97531	0.96429	0.91667	0.8	1	1	0	0	0	0	0	0	0	0	0	0	0	0	0	0	0	0	0	
0	0.94253	0.90625	0.8	0.8	0.5	0	0	0	0	0	0	0	0	0	0	0	0	0	0	0	0	0	0	
0	0.94915	0.82609	0.83333	0.5	0.5	1	1	1	0	0	0	0	0	0	0	0	0	0	0	0	0	0	0	
0	0.98485	0.96429	0.8	0.66667	1	0.5	1	0	0	0	0	0	0	0	0	0	0	0	0	0	0	0	0	
0	0.97647	0.86957	0.83333	1	0.6	0.5	0	0	0	0	0	0	0	0	0	0	0	0	0	0	0	0	0	
0	0.91011	0.94872	0.83333	0.66667	0.8	0	0	0	0	0	0	0	0	0	0	0	0	0	0	0	0	0	0	
0	0.98684	0.9375	0.73333	0.85714	0.33333	1	0	0	0	0	0	0	0	0	0	0	0	0	0	0	0	0	0	
0	0.98496	0.9	0.85	0.75	1	1	1	1	1	1	0	0	0	0	0	0	0	0	0	0	0	0	0	
0	0.9292	0.93023	0.88889	1	1	1	1	1	1	0	0	0	0	0	0	0	0	0	0	0	0	0	0	
0	0.90909	0.81579	0.8	0.71429	1	1	1	1	0	0	0	0	0	0	0	0	0	0	0	0	0	0	0	
0	0.95238	0.93103	0.76923	1	1	1	1	0	0	0	0	0	0	0	0	0	0	0	0	0	0	0	0	
0	0.975	0.89286	0.90909	0.8	1	1	0	0	0	0	0	0	0	0	0	0	0	0	0	0	0	0	0	
0	0.92958	0.92857	0.90909	1	0.5	0	0	0	0	0	0	0	0	0	0	0	0	0	0	0	0	0	0	
0	0.96078	0.90625	0.93333	0.88889	1	1	1	1	1	1	1	1	1	1	1	1	1	1	0	0	0	0	0	
0	0.92553	0.86047	0.86667	0.88889	0.8	0.66667	0.66667	1	1	1	1	1	1	1	1	1	1	0	0	0	0	0	0	
0	0.92683	0.90698	0.82353	0.7	0.6	0.5	0.66667	0.66667	0.5	1	1	1	1	1	1	1	0	0	0	0	0	0	0	
0	0.94017	0.95455	0.90476	0.83333	0.71429	0.4	0.5	0.5	0	0	0	0	0	0	0	0	0	0	0	0	0	0	0	
0	0.94048	0.85294	0.86667	0.71429	0.6	0.33333	0	0	0	0	0	0	0	0	0	0	0	0	0	0	0	0	0	
0	0.97143	0.97778	0.83333	0.75	0.8	0	0	0	0	0	0	0	0	0	0	0	0	0	0	0	0	0	0	
0	0.94737	0.83333	0.71429	0.53846	0.25	0	0	0	0	0	0	0	0	0	0	0	0	0	0	0	0	0	0	
0	0.96	0.92683	0.8	0.66667	1	1	1	1	1	1	1	0	0	0	0	0	0	0	0	0	0	0	0	
0	0.95652	0.95455	0.8125	0.83333	1	1	0	0	0	0	0	0	0	0	0	0	0	0	0	0	0	0	0	
0	0.98261	0.93617	0.82609	0.69231	0.25	0	0	0	0	0	0	0	0	0	0	0	0	0	0	0	0	0	0	
0	0.9646	0.92308	0.9	0.85714	0.5	0	0	0	0	0	0	0	0	0	0	0	0	0	0	0	0	0	0	
0	0.96364	0.91304	0.88235	0.75	0.83333	0.66667	0.5	1	1	1	1	1	0	0	0	0	0	0	0	0	0	0	0	
0	0.98198	0.90909	0.83333	0.875	1	1	1	1	1	1	1	0	0	0	0	0	0	0	0	0	0	0	0	
0	0.99048	1	0.94444	1	1	1	1	1	1	1	0	0	0	0	0	0	0	0	0	0	0	0	0	
0	0.96226	0.91111	0.84615	0.8	0.75	0.75	0.5	1	1	0	0	0	0	0	0	0	0	0	0	0	0	0	0	
0	0.96842	0.96552	0.9	0.75	0.6	0.5	1	1	0	0	0	0	0	0	0	0	0	0	0	0	0	0	0	
0	0.94737	0.75862	0.64286	0.71429	0.5	1	1	0	0	0	0	0	0	0	0	0	0	0	0	0	0	0	0	
0	0.98851	1	0.90909	0.5	1	1	0	0	0	0	0	0	0	0	0	0	0	0	0	0	0	0	0	
0	0.95868	0.91176	0.78571	1	1	1	0	0	0	0	0	0	0	0	0	0	0	0	0	0	0	0	0	
0	0.9186	0.91667	0.89474	0.83333	1	1	0	0	0	0	0	0	0	0	0	0	0	0	0	0	0	0	0	
0	0.95506	0.90323	0.77778	0.6	0	0	0	0	0	0	0	0	0	0	0	0	0	0	0	0	0	0	0	
0	0.94872	0.89286	0.92308	0.5	0.5	0	0	0	0	0	0	0	0	0	0	0	0	0	0	0	0	0	0	
0	0.91011	0.84211	0.63636	0.8	0	0	0	0	0	0	0	0	0	0	0	0	0	0	0	0	0	0	0	
0	0.95283	0.93548	0.875	0.85714	0.85714	1	1	1	1	0	0	0	0	0	0	0	0	0	0	0	0	0	0	
0	0.96063	0.96154	0.84615	0.78947	0.90909	0.875	0.83333	0.6	0.5	0.5	0.5	0	0	0	0	0	0	0	0	0	0	0	0	
0	0.96241	0.98276	0.97297	0.90476	0.78571	0.75	0.66667	0.66667	0.66667	0.66667	0.5	0.5	1	1	1	1	1	1	1	0	0	0	0	
0	0.99371	0.97222	0.82353	0.71429	0.66667	0.71429	0.66667	0.66667	0.66667	0.5	0.5	1	1	1	1	1	1	1	0	0	0	0	0	
0	0.9799	0.88732	0.81579	0.70588	0.72727	0.66667	0.6	0.6	0.5	0.33333	0.5	1	1	1	1	1	1	0	0	0	0	0	0	
0	0.95683	0.92982	0.92	0.71429	0.75	0.66667	0.5	0.4	0.33333	0.5	1	1	1	1	1	1	0	0	0	0	0	0	0	
0	0.92623	0.95745	0.73913	0.61538	0.44444	0.375	0.33333	0.5	0.5	1	1	1	1	1	1	0	0	0	0	0	0	0	0	
0	0.92661	0.84091	0.72	0.75	0.63636	0.25	0.2	0.33333	1	1	1	1	1	1	0	0	0	0	0	0	0	0	0	
0	0.98182	0.92857	0.92857	0.78947	0.66667	0.625	0.5	0.5	1	1	1	1	1	0	0	0	0	0	0	0	0	0	0	
0	0.97279	0.9322	0.76471	0.66667	0.61538	0.33333	0.25	0.5	0.5	1	1	1	0	0	0	0	0	0	0	0	0	0	0	
0	0.95868	0.83051	0.74286	0.58824	0.375	0.25	0.5	0.5	1	1	1	0	0	0	0	0	0	0	0	0	0	0	0	
0	0.94215	0.95455	0.86667	0.64286	0.625	0.5	0.5	1	1	1	0	0	0	0	0	0	0	0	0	0	0	0	0	
0	0.93293	0.91525	0.92	0.64286	0.66667	0.6	0.66667	1	1	0	0	0	0	0	0	0	0	0	0	0	0	0	0	
0	0.94656	0.89362	0.71429	0.55556	0.5	0.33333	1	1	0	0	0	0	0	0	0	0	0	0	0	0	0	0	0	
0	0.94	0.87805	0.6875	0.54545	0.5	0.66667	1	0	0	0	0	0	0	0	0	0	0	0	0	0	0	0	0	
0	0.97802	1	1	0.88889	1	1	1	1	1	0	0	0	0	0	0	0	0	0	0	0	0	0	0	
0	0.93151	0.94872	0.94444	1	1	1	1	1	0	0	0	0	0	0	0	0	0	0	0	0	0	0	0	
0	0.91964	0.90698	0.76471	0.58333	0.57143	0.6	1	1	1	1	1	1	0	0	0	0	0	0	0	0	0	0	0	
0	0.92857	0.88372	0.82143	0.61538	0.44444	0.57143	0.33333	0.5	0	0	0	0	0	0	0	0	0	0	0	0	0	0	0	
0	0.89041	0.84091	0.76471	0.6	0.625	0.33333	0.5	0	0	0	0	0	0	0	0	0	0	0	0	0	0	0	0	
0	0.85185	0.83871	0.6875	0.76923	0.66667	0.6	0.33333	0.33333	0	0	0	0	0	0	0	0	0	0	0	0	0	0	0	
0	0.73494	0.72727	0.80952	0.66667	0.6	0.33333	0.33333	0	0	0	0	0	0	0	0	0	0	0	0	0	0	0	0	
0	0.78947	0.76316	0.73333	0.7	0.625	0.2	0	0	0	0	0	0	0	0	0	0	0	0	0	0	0	0	0	
0	0.94545	0.92857	0.96154	0.86667	0.71429	0.6	0.66667	0.5	1	1	1	1	0	0	0	0	0	0	0	0	0	0	0	
0	0.93706	0.95082	0.91176	0.6	0.5	0.4	0.33333	0	0	0	0	0	0	0	0	0	0	0	0	0	0	0	0	
0	0.92908	0.94737	0.8	0.7	0.57143	0.33333	0	0	0	0	0	0	0	0	0	0	0	0	0	0	0	0	0	
0	0.92593	0.94595	0.85714	0.625	0.33333	0.5	0.5	0.5	1	0	0	0	0	0	0	0	0	0	0	0	0	0	0	
0	0.94017	0.95556	0.7619	0.6	0.5	0.5	0.5	0.5	0	0	0	0	0	0	0	0	0	0	0	0	0	0	0	
0	0.92742	0.86538	0.78261	0.8	0.6	0.5	1	0	0	0	0	0	0	0	0	0	0	0	0	0	0	0	0	
0	0.92958	0.88679	0.95455	0.8	0.55556	0.6	0.5	1	1	0	0	0	0	0	0	0	0	0	0	0	0	0	0	
0	0.92143	0.96667	0.87879	0.72222	0.66667	0.75	1	1	1	1	0	0	0	0	0	0	0	0	0	0	0	0	0	
0	0.92683	0.92308	0.88462	0.64706	0.66667	0.75	1	1	1	0	0	0	0	0	0	0	0	0	0	0	0	0	0	
0	0.93631	0.90476	0.78125	0.81818	0.85714	1	1	1	0	0	0	0	0	0	0	0	0	0	0	0	0	0	0	
0	0.88462	0.79592	0.6875	0.72727	0.75	1	1	0	0	0	0	0	0	0	0	0	0	0	0	0	0	0	0	
0	0.92562	0.88571	0.81818	0.55556	0.4	0.33333	0	0	0	0	0	0	0	0	0	0	0	0	0	0	0	0	0	
0	0.95402	0.95349	0.875	0.75	0.66667	0	0	0	0	0	0	0	0	0	0	0	0	0	0	0	0	0	0	
0	0.9596	0.89474	0.88889	0.69231	0.71429	1	1	0	0	0	0	0	0	0	0	0	0	0	0	0	0	0	0	
0	0.94505	0.68421	0.54545	0.63636	0.71429	0.66667	1	1	0	0	0	0	0	0	0	0	0	0	0	0	0	0	0	
0	0.94444	0.73684	0.72222	0.63636	0.5	0.66667	0.66667	1	1	1	0	0	0	0	0	0	0	0	0	0	0	0	0	
0	0.82692	0.94444	0.88889	0.75	1	1	1	1	1	0	0	0	0	0	0	0	0	0	0	0	0	0	0	
0	0.91765	0.69697	0.6	0.66667	0.5	0.33333	0.33333	0.33333	0.5	0.5	1	0	0	0	0	0	0	0	0	0	0	0	0	
0	0.9186	0.91429	0.72222	0.75	0.66667	0.8	0.75	1	1	1	0	0	0	0	0	0	0	0	0	0	0	0	0	
0	0.95122	0.88679	0.92308	0.76471	0.72727	0.75	1	1	1	0	0	0	0	0	0	0	0	0	0	0	0	0	0	
0	0.95349	0.96226	0.93103	0.94737	0.83333	0.83333	1	1	0	0	0	0	0	0	0	0	0	0	0	0	0	0	0	
0	0.95	0.94231	0.90625	0.84211	0.8	0.83333	1	0.5	0.5	0	0	0	0	0	0	0	0	0	0	0	0	0	0	
0	0.92857	0.96	0.96	0.93333	1	1	0.75	0.5	0	0	0	0	0	0	0	0	0	0	0	0	0	0	0	
0	0.94393	0.94	0.92	0.94118	0.92308	0.7	0.83333	0.66667	0.66667	1	0	0	0	0	0	0	0	0	0	0	0	0	0	
0	0.91071	0.87273	0.87097	0.85714	0.8	0.75	0.5	0.33333	0.5	0	0	0	0	0	0	0	0	0	0	0	0	0	0	
0	0.93	0.90741	0.93103	0.84211	0.77778	0.5	0.33333	0.5	0	0	0	0	0	0	0	0	0	0	0	0	0	0	0	
0	0.93694	0.91525	0.92857	0.93333	0.875	0.8	1	1	1	0	0	0	0	0	0	0	0	0	0	0	0	0	0	
0	0.95238	0.97959	0.95833	0.91667	0.85714	1	0.5	0.5	0	0	0	0	0	0	0	0	0	0	0	0	0	0	0	
0	0.93902	0.925	0.88235	0.66667	0.75	0.66667	0.66667	0	0	0	0	0	0	0	0	0	0	0	0	0	0	0	0	
0	0.96875	0.96875	0.85	0.91667	0.66667	0.6	0.5	0.33333	0	0	0	0	0	0	0	0	0	0	0	0	0	0	0	
0	0.98969	0.95455	0.85714	0.83333	0.85714	0.5	0.33333	0	0	0	0	0	0	0	0	0	0	0	0	0	0	0	0	
0	0.97674	0.94444	0.90476	1	0.8	0.33333	0	0	0	0	0	0	0	0	0	0	0	0	0	0	0	0	0	
0	0.97674	0.94595	1	1	0.875	1	1	1	1	1	1	1	1	1	1	0	0	0	0	0	0	0	0	
0	0.95062	0.88889	0.94444	0.90909	1	1	1	1	1	1	1	1	1	1	0	0	0	0	0	0	0	0	0	
0	0.95349	0.81481	0.66667	0.83333	0.6	0.66667	0.66667	0.66667	0.5	0	0	0	0	0	0	0	0	0	0	0	0	0	0	
0	0.94203	0.93103	0.8	0.85714	0.75	0.75	0.75	1	1	1	1	1	0	0	0	0	0	0	0	0	0	0	0	
0	0.96104	0.87097	0.8	0.77778	1	1	1	1	1	1	1	0	0	0	0	0	0	0	0	0	0	0	0	
0	0.95294	0.92308	0.9	0.92308	0.91667	1	1	1	1	1	0	0	0	0	0	0	0	0	0	0	0	0	0	
0	0.95349	0.91892	0.90909	0.88235	1	1	1	1	1	0	0	0	0	0	0	0	0	0	0	0	0	0	0	
0	0.91463	0.90698	0.84	0.77778	0.75	0.75	0.5	0.33333	0.5	1	1	1	1	1	0	0	0	0	0	0	0	0	0	
0	0.93976	0.91111	1	0.875	1	0.8	0.66667	0.5	1	1	1	1	1	0	0	0	0	0	0	0	0	0	0	
0	0.91566	0.92857	0.75	0.875	0.83333	0.75	0.5	1	1	1	1	1	0	0	0	0	0	0	0	0	0	0	0	
0	0.94253	0.9375	1	1	1	1	1	1	1	1	1	0	0	0	0	0	0	0	0	0	0	0	0	
0	0.94253	0.97143	0.95833	1	1	1	1	1	1	1	0	0	0	0	0	0	0	0	0	0	0	0	0	
0	0.93976	0.83333	0.86364	0.83333	1	1	1	1	1	1	1	1	1	1	1	1	1	1	0	0	0	0	0	
0	0.91111	0.8	0.77778	0.72727	0.77778	0.6	0.6	1	1	1	1	1	1	1	1	1	1	0	0	0	0	0	0	
0	0.88776	0.7561	0.7	0.73333	0.625	0.625	1	1	1	1	1	1	1	1	1	1	0	0	0	0	0	0	0	
0	0.9505	0.88235	0.91667	0.85714	0.78571	0.85714	0.75	0.66667	1	1	1	1	1	1	1	0	0	0	0	0	0	0	0	
0	0.94737	1	0.82353	0.86667	0.75	0.6	0.75	1	1	1	1	1	1	1	0	0	0	0	0	0	0	0	0	
0	0.96341	0.94118	0.95238	0.91667	0.85714	0.75	1	1	1	1	1	1	1	0	0	0	0	0	0	0	0	0	0	
0	0.96341	0.95349	0.875	0.78571	0.7	0.75	0.66667	1	1	1	1	1	0	0	0	0	0	0	0	0	0	0	0	
0	0.91837	0.9	0.82609	0.76923	0.66667	0.6	0.75	0.66667	0.66667	0.66667	0.66667	0.5	0	0	0	0	0	0	0	0	0	0	0	
0	0.93333	0.88571	0.76471	0.66667	0.75	1	1	1	1	1	0	0	0	0	0	0	0	0	0	0	0	0	0	
0	0.93684	0.94872	0.8	0.77778	0.8	1	1	1	1	0	0	0	0	0	0	0	0	0	0	0	0	0	0	
0	0.9292	0.91667	0.92	0.92308	0.875	1	1	1	0.5	0	0	0	0	0	0	0	0	0	0	0	0	0	0	
0	0.94393	0.84783	0.83333	0.7	0.875	1	1	0.5	0	0	0	0	0	0	0	0	0	0	0	0	0	0	0	
0	0.96	0.86486	0.86667	0.91667	1	1	0.66667	0	0	0	0	0	0	0	0	0	0	0	0	0	0	0	0	
0	0.93182	0.88571	0.9	0.92308	1	0.66667	0	0	0	0	0	0	0	0	0	0	0	0	0	0	0	0	0	
0	0.8913	0.87179	0.68182	0.75	0.57143	0.5	0	0	0	0	0	0	0	0	0	0	0	0	0	0	0	0	0	
0	0.94	0.87179	0.86364	0.8	0.66667	1	0	0	0	0	0	0	0	0	0	0	0	0	0	0	0	0	0	
0	0.92771	0.9375	1	1	1	0	0	0	0	0	0	0	0	0	0	0	0	0	0	0	0	0	0	
0	0.9589	0.89655	0.9	1	0	0	0	0	0	0	0	0	0	0	0	0	0	0	0	0	0	0	0	
0	0.91579	0.91892	0.94118	1	1	1	0	0	0	0	0	0	0	0	0	0	0	0	0	0	0	0	0	
0	0.95	0.92105	0.89474	0.72727	0.57143	0	0	0	0	0	0	0	0	0	0	0	0	0	0	0	0	0	0	
0	0.94059	0.86667	0.8	0.75	0.66667	0.75	0.66667	0.66667	1	1	1	1	0	0	0	0	0	0	0	0	0	0	0	
0	0.94118	0.88	0.83333	0.69231	0.7	0.66667	0.5	0.75	0.75	0.75	0.66667	0.5	0.5	1	1	0	0	0	0	0	0	0	0	
0	0.95604	0.95122	0.9	0.85714	0.875	0.71429	0.75	0.75	0.75	1	1	1	1	1	0	0	0	0	0	0	0	0	0	
0	0.984	0.93333	0.96154	0.86667	0.81818	0.83333	1	1	1	1	1	1	1	0	0	0	0	0	0	0	0	0	0	
0	0.9375	0.93023	0.86364	0.91667	0.875	1	1	1	1	1	1	1	0	0	0	0	0	0	0	0	0	0	0	
0	0.94958	0.94118	0.95833	0.90909	1	1	1	1	1	1	1	0	0	0	0	0	0	0	0	0	0	0	0	
0	0.97391	0.93182	1	1	0.8	0.71429	0.5	0.5	0.33333	0.5	0	0	0	0	0	0	0	0	0	0	0	0	0	
0	0.90217	0.87179	0.91304	0.83333	0.75	0.6	0.5	0.33333	0.5	0	0	0	0	0	0	0	0	0	0	0	0	0	0	
0	0.90625	0.90909	0.94444	0.9	0.85714	0.66667	0.5	1	0	0	0	0	0	0	0	0	0	0	0	0	0	0	0	
0	0.91818	0.90244	0.89474	0.77778	0.71429	0.66667	1	0	0	0	0	0	0	0	0	0	0	0	0	0	0	0	0	
0	0.93548	0.88	0.80769	0.57143	0.28571	0.25	0	0	0	0	0	0	0	0	0	0	0	0	0	0	0	0	0	
0	0.96396	0.89583	0.78571	0.76923	0.83333	1	1	0	0	0	0	0	0	0	0	0	0	0	0	0	0	0	0	
0	0.90517	0.82692	0.76	0.86667	1	1	1	0	0	0	0	0	0	0	0	0	0	0	0	0	0	0	0	
0	0.90756	0.87805	0.90909	1	1	1	0	0	0	0	0	0	0	0	0	0	0	0	0	0	0	0	0	
0	0.84314	0.85714	0.91667	1	1	1	1	1	1	1	1	1	0	0	0	0	0	0	0	0	0	0	0	
0	0.93396	0.86111	0.88889	0.77778	1	1	1	1	1	1	1	0	0	0	0	0	0	0	0	0	0	0	0	
0	0.93137	0.84091	0.58824	0.75	0.8	1	1	1	1	1	0	0	0	0	0	0	0	0	0	0	0	0	0	
0	0.93519	0.8	0.75	0.75	1	0.6	0.5	1	1	0	0	0	0	0	0	0	0	0	0	0	0	0	0	
0	0.92857	0.94286	0.89474	0.875	0.875	0.8	1	1	0	0	0	0	0	0	0	0	0	0	0	0	0	0	0	
0	0.94949	0.93333	0.9	0.85714	0.8	0.71429	1	0.5	1	1	1	1	0	0	0	0	0	0	0	0	0	0	0	
0	0.9633	1	0.9375	0.77778	0.4	0.5	0	0	0	0	0	0	0	0	0	0	0	0	0	0	0	0	0	
0	0.97222	0.95556	0.875	0.75	0.66667	0.33333	0.5	0	0	0	0	0	0	0	0	0	0	0	0	0	0	0	0	
0	0.88235	0.87234	0.82609	0.84615	0.5	0	0	0	0	0	0	0	0	0	0	0	0	0	0	0	0	0	0	
0	0.95327	0.92683	0.94737	0.85714	1	0.5	0	0	0	0	0	0	0	0	0	0	0	0	0	0	0	0	0	
0	0.94393	0.92157	0.91304	0.91667	0.8	0.5	0.5	0	0	0	0	0	0	0	0	0	0	0	0	0	0	0	0	
0	0.91	0.79487	0.8125	0.85714	0.33333	0.33333	0	0	0	0	0	0	0	0	0	0	0	0	0	0	0	0	0	
0	0.91	0.90909	0.84615	0.25	0	0	0	0	0	0	0	0	0	0	0	0	0	0	0	0	0	0	0	
0	0.925	0.90244	0.875	0.72727	0.66667	0.75	1	0	0	0	0	0	0	0	0	0	0	0	0	0	0	0	0	
0	0.95536	0.95652	0.85	0.69231	0.5	0.66667	0	0	0	0	0	0	0	0	0	0	0	0	0	0	0	0	0	
0	0.95868	0.9375	0.9	0.84615	0.83333	0.66667	0	0	0	0	0	0	0	0	0	0	0	0	0	0	0	0	0	
0	0.95413	1	0.91304	0.66667	0.66667	0	0	0	0	0	0	0	0	0	0	0	0	0	0	0	0	0	0	
0	0.93204	0.92727	0.85714	0.71429	0	0	0	0	0	0	0	0	0	0	0	0	0	0	0	0	0	0	0	
0	0.94872	0.97674	0.85	0.77778	0.5	0	0	0	0	0	0	0	0	0	0	0	0	0	0	0	0	0	0	
0	0.94488	0.88372	0.84211	0.375	0.33333	0	0	0	0	0	0	0	0	0	0	0	0	0	0	0	0	0	0	
0	0.92079	0.89189	0.64286	0.85714	1	0	0	0	0	0	0	0	0	0	0	0	0	0	0	0	0	0	0	
0	0.93827	0.90909	0.86667	0.83333	0.66667	0	0	0	0	0	0	0	0	0	0	0	0	0	0	0	0	0	0	
0	0.93182	0.94872	0.88235	0.77778	1	1	1	1	1	1	1	1	1	1	1	1	1	1	1	1	1	1	1	
0	0.95294	0.91176	0.83333	0.88889	1	1	1	1	1	1	1	1	1	1	1	1	1	1	1	1	1	1	1	
0	0.90541	0.86667	0.90909	1	1	1	1	1	1	1	1	1	1	1	1	1	1	1	1	1	1	1	1	
0	0.90141	0.96875	1	0.85714	0.5	0	0	0	0	0	0	0	0	0	0	0	0	0	0	0	0	0	0	
0	0.9403	0.96429	0.94118	0.71429	0.5	0	0	0	0	0	0	0	0	0	0	0	0	0	0	0	0	0	0	
0	0.93151	0.92593	0.90909	0.5	0	0	0	0	0	0	0	0	0	0	0	0	0	0	0	0	0	0	0	
0	0.91304	0.93103	0.625	0.66667	0.33333	0	0	0	0	0	0	0	0	0	0	0	0	0	0	0	0	0	0	
0	1	1	1	1	0.8	1	1	1	1	1	1	1	1	1	1	1	1	1	1	1	1	1	1	
0	0.88136	0.90476	1	0.83333	0	0	0	0	0	0	0	0	0	0	0	0	0	0	0	0	0	0	0	
0	0.88679	0.95238	0.88889	0.75	0.5	0.5	0.5	0.5	0.5	0.5	0.5	0	0	0	0	0	0	0	0	0	0	0	0	
0	1	0.9375	0.5	0.25	0.33333	0.5	0.5	0.5	0.5	0.5	0	0	0	0	0	0	0	0	0	0	0	0	0	
0	0.7907	0.61538	0.66667	0.5	0.75	0.75	1	1	0.5	1	1	1	1	1	1	1	1	1	1	1	1	1	1	
0	0.85294	0.8125	0.3	0.4	0.25	0	0	0	0	0	0	0	0	0	0	0	0	0	0	0	0	0	0	
0	0.875	0.75	0.88889	0.66667	1	1	1	1	1	1	1	1	1	1	1	1	1	1	1	1	1	1	1	
0	0.87879	0.86207	0.77778	0.88889	0.83333	0.83333	0.75	0.66667	1	1	1	1	1	1	1	1	1	1	1	1	1	1	1	
0	0.90566	0.84615	0.86667	0.7	0.44444	0.16667	0	0	0	0	0	0	0	0	0	0	0	0	0	0	0	0	0	
0	0.89831	0.91667	0.86667	0.91667	0.85714	0.8	1	1	1	1	1	1	1	1	1	1	1	1	1	1	1	1	1	
0	0.90476	0.80769	0.78571	0.66667	0.5	1	1	1	1	1	1	1	1	1	1	1	1	1	1	1	1	1	1	
0	0.81818	0.76	0.58333	0.44444	0.2	0.2	0.33333	0.5	0.5	0.5	0	0	0	0	0	0	0	0	0	0	0	0	0	
0	0.91667	0.95652	0.83333	0.42857	0.33333	0	0	0	0	0	0	0	0	0	0	0	0	0	0	0	0	0	0	
0	0.90385	0.88889	0.75	0.5	0	0	0	0	0	0	0	0	0	0	0	0	0	0	0	0	0	0	0	
0	0.88679	0.86364	1	0.6	0.66667	0.66667	0.5	1	1	1	1	1	1	1	1	1	1	1	1	1	0	0	0	
0	0.95745	1	0.90909	1	1	1	1	1	1	1	1	1	1	1	1	1	1	1	1	0	0	0	0	
0	0.94737	0.90476	0.81818	0.8	0.66667	1	1	1	1	1	1	1	1	1	1	1	1	1	0	0	0	0	0	
0	0.90385	0.85714	0.77778	0.6	0.5	0.5	0.5	0.5	0.5	1	1	1	1	1	1	1	1	0	0	0	0	0	0	
0	0.84615	0.8125	0.625	0.8	0.6	0.5	0.5	0.5	0.66667	0.5	0.5	0.5	0.5	0.5	1	1	0	0	0	0	0	0	0	
0	0.87037	0.7037	0.8125	0.8	0.625	0.57143	0.66667	0.8	0.75	0.66667	0.66667	0.66667	1	1	1	0	0	0	0	0	0	0	0	
0	0.88462	0.82609	0.69231	0.66667	0.75	0.71429	0.83333	1	1	1	1	1	1	1	0	0	0	0	0	0	0	0	0	
0	0.90625	0.86957	0.75	0.75	0.71429	0.66667	0.75	1	1	0.66667	0.5	1	1	0	0	0	0	0	0	0	0	0	0	
0	0.94737	0.92308	0.78571	0.875	0.85714	0.75	1	0.66667	0.66667	0.5	1	1	0	0	0	0	0	0	0	0	0	0	0	
0	0.94915	0.89474	0.88889	0.71429	0.5	0.66667	0.33333	0.33333	0	0	0	0	0	0	0	0	0	0	0	0	0	0	0	
0	0.92	0.91304	0.91667	0.66667	0.75	0.5	0.33333	0	0	0	0	0	0	0	0	0	0	0	0	0	0	0	0	
0	0.95385	0.95833	0.90909	0.875	1	0.5	0.66667	0.5	0.5	1	0	0	0	0	0	0	0	0	0	0	0	0	0	
0	0.92188	0.85	1	0.85714	0.8	0.75	0.66667	0.5	1	0	0	0	0	0	0	0	0	0	0	0	0	0	0	
0	0.95918	0.92	0.75	0.625	0.6	0.5	0.33333	0.5	0	0	0	0	0	0	0	0	0	0	0	0	0	0	0	
0	0.84	0.83333	0.84615	0.85714	0.8	0.66667	1	1	1	0	0	0	0	0	0	0	0	0	0	0	0	0	0	
0	0.90909	0.8	0.8	0.83333	0.66667	1	1	1	0	0	0	0	0	0	0	0	0	0	0	0	0	0	0	
0	0.9322	0.92308	0.91667	0.875	0.85714	1	1	0	0	0	0	0	0	0	0	0	0	0	0	0	0	0	0	
0	0.87302	0.86207	0.8	0.66667	0.66667	0.66667	0	0	0	0	0	0	0	0	0	0	0	0	0	0	0	0	0	
0	0.97015	0.92857	0.875	0.875	0.66667	0	0	0	0	0	0	0	0	0	0	0	0	0	0	0	0	0	0	
0	0.98148	0.86364	0.75	1	0.5	1	0	0	0	0	0	0	0	0	0	0	0	0	0	0	0	0	0	
0	0.92063	0.89655	0.81818	0.57143	0.66667	0	0	0	0	0	0	0	0	0	0	0	0	0	0	0	0	0	0	
0	0.94366	0.875	0.875	1	1	1	0	0	0	0	0	0	0	0	0	0	0	0	0	0	0	0	0	
0	0.94286	0.96154	0.85714	0.66667	0.66667	0	0	0	0	0	0	0	0	0	0	0	0	0	0	0	0	0	0	
0	0.96154	0.85714	0.66667	0.5	0	0	0	0	0	0	0	0	0	0	0	0	0	0	0	0	0	0	0	
0	0.92453	0.85	0.66667	0.33333	0.5	1	1	1	1	1	0	0	0	0	0	0	0	0	0	0	0	0	0	
0	0.9	0.71429	0.76923	0.875	1	1	1	1	1	0	0	0	0	0	0	0	0	0	0	0	0	0	0	
0	0.88462	0.88462	0.92308	1	1	1	1	1	0	0	0	0	0	0	0	0	0	0	0	0	0	0	0	
0	0.94872	0.94595	0.81818	0.83333	1	1	1	0	0	0	0	0	0	0	0	0	0	0	0	0	0	0	0	
0	0.97015	0.96154	0.9	1	1	1	0	0	0	0	0	0	0	0	0	0	0	0	0	0	0	0	0	
0	0.93878	0.90909	0.875	1	1	0	0	0	0	0	0	0	0	0	0	0	0	0	0	0	0	0	0	
0	0.97561	0.625	0.5	0.4	0.5	0	0	0	0	0	0	0	0	0	0	0	0	0	0	0	0	0	0	
0	0.85417	0.86957	0.875	1	1	1	1	1	1	0	0	0	0	0	0	0	0	0	0	0	0	0	0	
0	0.95455	0.96429	0.8	0.6	0	0	0	0	0	0	0	0	0	0	0	0	0	0	0	0	0	0	0	
0	0.96875	0.7619	0.625	0.5	0.5	1	1	0	0	0	0	0	0	0	0	0	0	0	0	0	0	0	0	
0	0.95556	0.92308	1	0.5	0	0	0	0	0	0	0	0	0	0	0	0	0	0	0	0	0	0	0	
0	0.91111	0.91667	0.66667	0.5	0.5	0.5	1	0	0	0	0	0	0	0	0	0	0	0	0	0	0	0	0	
0	0.88235	0.83333	0.5	0.6	1	1	0	0	0	0	0	0	0	0	0	0	0	0	0	0	0	0	0	
0	0.87234	0.8	0.875	1	0	0	0	0	0	0	0	0	0	0	0	0	0	0	0	0	0	0	0	
0	0.89796	0.88889	0.8	0	0	0	0	0	0	0	0	0	0	0	0	0	0	0	0	0	0	0	0	
0	0.89831	0.76471	0.6	1	1	0	0	0	0	0	0	0	0	0	0	0	0	0	0	0	0	0	0	
0	0.90541	0.73077	0.63636	0.75	0.66667	1	1	1	1	1	1	1	1	0	0	0	0	0	0	0	0	0	0	
0	0.91176	0.79167	0.55556	0.25	0	0	0	0	0	0	0	0	0	0	0	0	0	0	0	0	0	0	0	
0	0.87931	0.6875	0.42857	0.5	0.5	0.5	0.66667	0.33333	0.5	1	1	0	0	0	0	0	0	0	0	0	0	0	0	
0	0.7963	0.80952	0.78571	0.66667	0.8	0.66667	0.66667	0.5	1	1	0	0	0	0	0	0	0	0	0	0	0	0	0	
0	0.87931	0.85185	0.71429	0.83333	0.33333	0.33333	0.5	1	1	0	0	0	0	0	0	0	0	0	0	0	0	0	0	
0	0.95588	0.82759	0.77778	0.77778	0.66667	0.66667	1	1	0	0	0	0	0	0	0	0	0	0	0	0	0	0	0	
0	1	0.93103	0.85714	0.8	0.75	0.66667	1	1	1	1	1	0	0	0	0	0	0	0	0	0	0	0	0	
0	0.90625	0.81481	0.61538	0.5	0.5	1	1	1	1	1	0	0	0	0	0	0	0	0	0	0	0	0	0	
0	0.9403	0.70833	0.58333	0.4	0.33333	0	0	0	0	0	0	0	0	0	0	0	0	0	0	0	0	0	0	
0	0.88136	0.80769	0.66667	0.66667	0.66667	0.66667	0.66667	0.5	0	0	0	0	0	0	0	0	0	0	0	0	0	0	0	
0	0.95161	0.88889	0.73333	0.42857	0.4	0.4	0.25	0	0	0	0	0	0	0	0	0	0	0	0	0	0	0	0	
0	0.95312	0.92308	0.86667	0.8	0.71429	0.5	0.5	1	1	1	0	0	0	0	0	0	0	0	0	0	0	0	0	
0	0.90164	0.82143	0.75	0.55556	0.4	0.5	1	1	1	0	0	0	0	0	0	0	0	0	0	0	0	0	0	
0	0.90164	0.875	0.76471	0.66667	0.6	1	1	1	0	0	0	0	0	0	0	0	0	0	0	0	0	0	0	
0	0.93846	0.87879	0.71429	0.75	1	1	1	0	0	0	0	0	0	0	0	0	0	0	0	0	0	0	0	
0	0.92405	0.81818	0.78947	0.66667	0.75	1	0	0	0	0	0	0	0	0	0	0	0	0	0	0	0	0	0	
0	0.84375	0.82857	0.72727	0.71429	0.75	0.5	0	0	0	0	0	0	0	0	0	0	0	0	0	0	0	0	0	
0	0.90196	0.94118	0.55556	0.33333	0	0	0	0	0	0	0	0	0	0	0	0	0	0	0	0	0	0	0	
0	0.92	0.76471	0.625	0.33333	1	1	0	0	0	0	0	0	0	0	0	0	0	0	0	0	0	0	0	
0	0.90476	0.84615	1	1	1	1	1	0	0	0	0	0	0	0	0	0	0	0	0	0	0	0	0	
0	0.85366	0.8	0.875	0.83333	1	1	1	1	1	0	0	0	0	0	0	0	0	0	0	0	0	0	0	
0	0.91837	0.85714	0.875	1	1	1	1	1	1	0	0	0	0	0	0	0	0	0	0	0	0	0	0	
0	0.9403	0.92	0.9	0.8	1	1	1	1	0	0	0	0	0	0	0	0	0	0	0	0	0	0	0	
0	0.92063	0.86957	0.66667	0.66667	1	1	1	0	0	0	0	0	0	0	0	0	0	0	0	0	0	0	0	
0	0.91228	0.81818	0.75	1	1	1	0	0	0	0	0	0	0	0	0	0	0	0	0	0	0	0	0	
0	0.93939	0.74194	0.46667	0.8	0.66667	0.5	1	1	1	1	0	0	0	0	0	0	0	0	0	0	0	0	0	
0	0.9661	1	1	1	1	1	1	1	1	0	0	0	0	0	0	0	0	0	0	0	0	0	0	
0	0.98611	0.85	1	1	1	1	1	1	1	1	1	0	0	0	0	0	0	0	0	0	0	0	0	
0	0.95238	1	0.9	0.66667	0.6	0.75	1	1	1	1	0	0	0	0	0	0	0	0	0	0	0	0	0	
0	0.98361	0.9375	0.94737	0.83333	0.77778	0.85714	0.6	0.33333	0	0	0	0	0	0	0	0	0	0	0	0	0	0	0	
0	0.98095	0.97778	0.83333	0.8125	0.81818	0.71429	0.75	0.75	0	0	0	0	0	0	0	0	0	0	0	0	0	0	0	
0	0.98592	0.94595	0.88	0.875	0.66667	0.66667	0.8	0	0	0	0	0	0	0	0	0	0	0	0	0	0	0	0	
0	0.9697	0.92308	0.83333	0.75	0.66667	0.25	0	0	0	0	0	0	0	0	0	0	0	0	0	0	0	0	0	
0	0.97674	1	0.90909	0.55556	0.33333	0	0	0	0	0	0	0	0	0	0	0	0	0	0	0	0	0	0	
0	0.98095	0.94737	0.8125	0.6	0.4	0	0	0	0	0	0	0	0	0	0	0	0	0	0	0	0	0	0	
0	0.94444	0.88462	0.92308	0.57143	0.33333	0.33333	0	0	0	0	0	0	0	0	0	0	0	0	0	0	0	0	0	
0	0.86	0.73684	0.6	0.33333	0.25	0	0	0	0	0	0	0	0	0	0	0	0	0	0	0	0	0	0	
0	0.875	0.6	0.3	0.2	0	0	0	0	0	0	0	0	0	0	0	0	0	0	0	0	0	0	0	
0	0.9	0.74074	0.69231	0.83333	0.5	0.5	0	0	0	0	0	0	0	0	0	0	0	0	0	0	0	0	0	
0	0.91071	0.71429	0.9	0.75	0.66667	1	0	0	0	0	0	0	0	0	0	0	0	0	0	0	0	0	0	
0	0.91111	0.94444	0.8	0.5	0	0	0	0	0	0	0	0	0	0	0	0	0	0	0	0	0	0	0	
0	0.92727	0.92	0.88889	0.75	0	0	0	0	0	0	0	0	0	0	0	0	0	0	0	0	0	0	0	
0	0.96825	0.88889	0.85714	0.4	0	0	0	0	0	0	0	0	0	0	0	0	0	0	0	0	0	0	0	
0	0.87755	0.88889	0.77778	0.75	0.5	0	0	0	0	0	0	0	0	0	0	0	0	0	0	0	0	0	0	
0	0.95	0.88889	0.88889	0.75	0.5	0	0	0	0	0	0	0	0	0	0	0	0	0	0	0	0	0	0	
0	0.90476	0.85185	0.81818	0.5	0.25	0	0	0	0	0	0	0	0	0	0	0	0	0	0	0	0	0	0	
0	0.90385	1	0.7	0.75	0	0	0	0	0	0	0	0	0	0	0	0	0	0	0	0	0	0	0	
0	0.95918	0.96	0.91667	0.33333	0.5	0.5	0.5	1	1	1	1	0	0	0	0	0	0	0	0	0	0	0	0	
0	0.88462	1	1	0.75	0.5	0	0	0	0	0	0	0	0	0	0	0	0	0	0	0	0	0	0	
0	0.95	0.88235	0.75	1	0.33333	0	0	0	0	0	0	0	0	0	0	0	0	0	0	0	0	0	0	
0	0.94286	0.94737	0.83333	0.75	0.5	0.5	0.5	0	0	0	0	0	0	0	0	0	0	0	0	0	0	0	0	
0	0.92308	0.7	0.8	1	1	1	1	0	0	0	0	0	0	0	0	0	0	0	0	0	0	0	0	
0	0.84615	0.85714	0.83333	0.75	0.33333	0	0	0	0	0	0	0	0	0	0	0	0	0	0	0	0	0	0	
0	1	0.88889	0.7	0.71429	0.75	1	0	0	0	0	0	0	0	0	0	0	0	0	0	0	0	0	0	
0	0.91803	0.88889	0.75	0.6	1	0	0	0	0	0	0	0	0	0	0	0	0	0	0	0	0	0	0	
0	0.93846	0.9	0.66667	0.83333	1	1	0.5	0.5	0	0	0	0	0	0	0	0	0	0	0	0	0	0	0	
0	0.94118	0.85185	0.84615	0.6	0.5	0.5	0.5	0	0	0	0	0	0	0	0	0	0	0	0	0	0	0	0	
0	0.90476	1	0.75	0.6	0.66667	0.66667	0	0	0	0	0	0	0	0	0	0	0	0	0	0	0	0	0	
0	1	1	0.90909	0.85714	0.75	0	0	0	0	0	0	0	0	0	0	0	0	0	0	0	0	0	0	
0	0.9434	0.9	0.9	0.2	0	0	0	0	0	0	0	0	0	0	0	0	0	0	0	0	0	0	0	
0	0.96226	0.95238	0.77778	1	1	1	0	0	0	0	0	0	0	0	0	0	0	0	0	0	0	0	0	
0	0.94203	0.92593	0.57143	0.5	0.75	0.5	0.5	1	0	0	0	0	0	0	0	0	0	0	0	0	0	0	0	
0	0.93548	0.92	0.64706	0.76923	0.66667	0.6	1	0	0	0	0	0	0	0	0	0	0	0	0	0	0	0	0	
0	0.96078	0.92593	0.94737	1	1	1	0	0	0	0	0	0	0	0	0	0	0	0	0	0	0	0	0	
0	0.91139	1	0.94737	0.88889	0.75	0	0	0	0	0	0	0	0	0	0	0	0	0	0	0	0	0	0	
0	0.93506	0.94286	0.94118	0.9	1	0	0	0	0	0	0	0	0	0	0	0	0	0	0	0	0	0	0	
0	0.96053	0.96296	0.94118	0.83333	0.5	1	1	1	1	0	0	0	0	0	0	0	0	0	0	0	0	0	0	
0	0.95	0.92857	0.88889	0.8	0.75	0.66667	1	1	1	1	0	0	0	0	0	0	0	0	0	0	0	0	0	
0	0.96341	0.89655	0.81818	0.85714	0.5	1	1	1	1	1	1	1	1	1	0	0	0	0	0	0	0	0	0	
0	0.97368	0.9375	1	0.81818	1	1	1	1	1	1	1	1	1	0	0	0	0	0	0	0	0	0	0	
0	0.98529	0.97059	0.88889	0.875	0.85714	1	1	1	1	1	1	1	0	0	0	0	0	0	0	0	0	0	0	
0	0.93506	0.92857	0.91667	0.88889	0.83333	0.8	0.66667	1	1	1	1	0	0	0	0	0	0	0	0	0	0	0	0	
0	0.96053	0.94444	0.82609	0.83333	0.625	0.66667	0.75	1	1	1	0	0	0	0	0	0	0	0	0	0	0	0	0	
0	0.91803	0.96552	0.91667	0.85714	0.66667	0.6	1	1	1	0	0	0	0	0	0	0	0	0	0	0	0	0	0	
0	0.9697	0.96552	0.875	0.8	0.6	1	1	1	0	0	0	0	0	0	0	0	0	0	0	0	0	0	0	
0	0.9697	1	1	1	1	1	1	0	0	0	0	0	0	0	0	0	0	0	0	0	0	0	0	
0	0.97143	1	0.94118	0.85714	1	1	0	0	0	0	0	0	0	0	0	0	0	0	0	0	0	0	0	
0	0.96512	0.93333	0.86364	0.8	0.57143	0.33333	0.5	0.5	0.5	0.5	0.5	0.5	0.5	1	1	1	0	0	0	0	0	0	0	
0	0.9703	0.95556	1	0.91667	1	1	1	0.66667	0.5	0.5	0	0	0	0	0	0	0	0	0	0	0	0	0	
0	0.9125	1	0.875	0.66667	0.75	0.66667	0.66667	0.5	0.5	0.5	0.5	0	0	0	0	0	0	0	0	0	0	0	0	
0	0.95652	0.91304	0.85714	0.4	0.4	0	0	0	0	0	0	0	0	0	0	0	0	0	0	0	0	0	0	
0	0.92593	0.80952	0.8	0.66667	0.5	0.25	0.5	0.5	0.5	0	0	0	0	0	0	0	0	0	0	0	0	0	0	
0	0.91667	0.95	0.78571	0.6	0.33333	0.4	0.33333	0.5	0	0	0	0	0	0	0	0	0	0	0	0	0	0	0	
0	0.95385	0.91176	0.63158	0.36364	0.28571	0.4	0.33333	0	0	0	0	0	0	0	0	0	0	0	0	0	0	0	0	
0	0.91566	0.85366	0.74074	0.76471	0.61538	0.55556	0.4	0.33333	0.33333	0	0	0	0	0	0	0	0	0	0	0	0	0	0	
0	0.92632	0.90698	0.92308	0.85	0.83333	0.75	0.5	0.5	0.33333	0	0	0	0	0	0	0	0	0	0	0	0	0	0	
0	0.90526	0.88235	0.77419	0.75	0.875	0.6	0.5	0.33333	0	0	0	0	0	0	0	0	0	0	0	0	0	0	0	
0	0.93878	0.87234	0.79167	0.81818	0.66667	0.6	0.33333	0	0	0	0	0	0	0	0	0	0	0	0	0	0	0	0	
0	0.88372	0.7381	0.64706	0.6	0.42857	0.33333	0	0	0	0	0	0	0	0	0	0	0	0	0	0	0	0	0	
0	0.88235	0.74074	0.75	0.66667	0.5	0	0	0	0	0	0	0	0	0	0	0	0	0	0	0	0	0	0	
0	0.94444	0.95	0.92308	0.71429	0	0	0	0	0	0	0	0	0	0	0	0	0	0	0	0	0	0	0	
0	0.91176	0.84	0.9	0.6	0.5	0	0	0	0	0	0	0	0	0	0	0	0	0	0	0	0	0	0	
0	0.92308	0.79167	0.63636	0.66667	1	0	0	0	0	0	0	0	0	0	0	0	0	0	0	0	0	0	0	
0	0.92754	0.85185	0.75	1	1	0	0	0	0	0	0	0	0	0	0	0	0	0	0	0	0	0	0	
0	0.93151	0.84615	0.84615	0.66667	0.5	0.5	0.5	0	0	0	0	0	0	0	0	0	0	0	0	0	0	0	0	
0	0.88571	0.90323	0.76923	0.71429	0.6	0.33333	0	0	0	0	0	0	0	0	0	0	0	0	0	0	0	0	0	
0	0.97403	0.9	0.73333	0.66667	0.5	0	0	0	0	0	0	0	0	0	0	0	0	0	0	0	0	0	0	
0	0.94681	0.88889	0.72222	0.72727	0.57143	0.25	0	0	0	0	0	0	0	0	0	0	0	0	0	0	0	0	0	
0	0.94624	0.92308	0.86957	0.76923	0.5	0.5	0.5	1	1	1	1	1	1	0	0	0	0	0	0	0	0	0	0	
0	0.92157	0.90566	0.76	0.64286	0.42857	0.33333	1	1	1	1	1	1	0	0	0	0	0	0	0	0	0	0	0	
0	0.98077	0.87755	0.8	0.71429	0.5	1	1	1	1	1	1	0	0	0	0	0	0	0	0	0	0	0	0	
0	0.94828	0.80435	0.9	0.81818	0.75	0.5	0.5	0.5	1	1	0	0	0	0	0	0	0	0	0	0	0	0	0	
0	0.95294	0.88889	0.73684	0.7	0.71429	0.8	0.75	1	1	0	0	0	0	0	0	0	0	0	0	0	0	0	0	
0	0.97436	0.91176	0.82353	0.66667	0.66667	0.6	1	1	0	0	0	0	0	0	0	0	0	0	0	0	0	0	0	
0	0.93204	0.83333	0.77778	0.7	0.75	1	1	0	0	0	0	0	0	0	0	0	0	0	0	0	0	0	0	
0	0.92857	0.77143	0.76471	0.75	1	1	0	0	0	0	0	0	0	0	0	0	0	0	0	0	0	0	0	
0	0.95604	0.93617	0.92	1	1	1	1	1	0	0	0	0	0	0	0	0	0	0	0	0	0	0	0	
0	0.96078	0.91111	0.89474	1	1	1	1	0	0	0	0	0	0	0	0	0	0	0	0	0	0	0	0	
0	0.94845	0.92308	0.96	1	0.83333	0.5	0	0	0	0	0	0	0	0	0	0	0	0	0	0	0	0	0	
0	0.95652	0.94643	0.80769	0.76471	0.66667	0.5	0.5	0.33333	0	0	0	0	0	0	0	0	0	0	0	0	0	0	0	
0	0.975	0.96078	0.86207	0.71429	0.5	0.5	0.33333	0	0	0	0	0	0	0	0	0	0	0	0	0	0	0	0	
0	0.96117	0.91489	0.75	0.625	0.5	0.33333	0	0	0	0	0	0	0	0	0	0	0	0	0	0	0	0	0	
0	0.95098	0.91489	0.91667	0.8	0.75	1	1	1	1	1	1	1	1	1	1	1	1	1	1	0	0	0	0	
0	0.95536	0.92	0.80952	0.81818	0.71429	0.75	0.75	1	1	1	1	1	1	1	1	1	1	1	0	0	0	0	0	
0	0.95082	0.88235	0.82759	0.66667	0.83333	0.8	1	1	1	1	1	1	1	1	1	1	1	0	0	0	0	0	0	
0	0.9009	0.9434	0.66667	0.77778	0.83333	1	1	1	1	1	1	1	1	1	0	0	0	0	0	0	0	0	0	
0	0.952	0.97619	0.96154	0.875	1	1	1	1	1	1	1	1	1	1	1	0	0	0	0	0	0	0	0	
0	0.94	0.97778	1	1	0.85714	0.83333	0.83333	0.83333	0.75	0.66667	1	1	1	1	0	0	0	0	0	0	0	0	0	
0	0.96396	1	0.96774	0.94118	0.92308	0.85714	0.85714	0.8	0.75	1	1	1	1	0	0	0	0	0	0	0	0	0	0	
0	0.97468	0.94444	0.92683	0.84615	0.77778	0.8125	0.81818	0.6	0.75	0.75	1	1	0	0	0	0	0	0	0	0	0	0	0	
0	0.98658	0.98684	0.91837	0.91429	0.84615	0.77778	0.55556	0.57143	0.66667	0.66667	0.5	0	0	0	0	0	0	0	0	0	0	0	0	
0	0.98	0.97531	0.96154	0.87179	0.83333	0.61538	0.66667	0.71429	0.66667	0.5	0	0	0	0	0	0	0	0	0	0	0	0	0	
0	0.99429	0.98039	0.98462	0.97436	0.85	0.86667	0.77778	0.75	0.66667	0	0	0	0	0	0	0	0	0	0	0	0	0	0	
0	0.97436	0.95455	0.94643	0.82759	0.85	0.71429	0.71429	0.75	0	0	0	0	0	0	0	0	0	0	0	0	0	0	0	
0	0.9774	0.9901	0.9	0.78788	0.89474	0.88889	0.66667	0.33333	0.33333	0	0	0	0	0	0	0	0	0	0	0	0	0	0	
0	0.97688	0.95062	0.93333	0.84615	0.76923	0.71429	0.5	0.33333	0	0	0	0	0	0	0	0	0	0	0	0	0	0	0	
0	0.97386	0.95385	0.97143	0.88889	0.81818	0.71429	0.71429	0.75	0	0	0	0	0	0	0	0	0	0	0	0	0	0	0	
0	0.98013	0.95522	0.91892	0.77778	0.7	0.77778	0.75	0	0	0	0	0	0	0	0	0	0	0	0	0	0	0	0	
0	0.97037	0.9322	0.82143	0.73333	0.75	0.6	0	0	0	0	0	0	0	0	0	0	0	0	0	0	0	0	0	
0	0.96923	0.88525	0.79412	0.79167	0.9	0.85714	0.8	0.33333	0	0	0	0	0	0	0	0	0	0	0	0	0	0	0	
0	0.90323	0.83636	0.9	0.93333	0.9	0.875	0.33333	0	0	0	0	0	0	0	0	0	0	0	0	0	0	0	0	
0	0.93168	0.95	0.94118	0.9	0.85714	0.71429	0.6	0.5	0	0	0	0	0	0	0	0	0	0	0	0	0	0	0	
0	0.95783	0.90789	0.86111	0.875	0.81818	0.75	0.66667	0.5	0.5	0.5	0.5	0	0	0	0	0	0	0	0	0	0	0	0	
0	0.90066	0.90164	0.87179	0.83333	0.72727	0.75	0.66667	0.66667	0.5	0.5	0	0	0	0	0	0	0	0	0	0	0	0	0	
0	0.93939	0.97143	0.90323	0.875	0.85714	0.83333	0.83333	0.75	0.75	0.66667	1	1	1	1	1	1	1	1	1	1	1	1	1	
0	0.97761	0.91071	0.86667	0.875	0.84615	0.81818	0.75	0.75	0.66667	1	1	1	1	1	1	1	1	1	1	1	1	1	1	
0	0.94355	0.91803	0.91429	0.88889	0.86364	0.875	0.875	0.83333	1	0.75	1	1	1	1	1	1	1	1	1	1	1	1	1	
0	0.95652	0.94444	0.91667	0.90909	0.94118	0.92857	0.90909	1	0.85714	1	1	1	1	1	1	1	1	1	1	1	1	1	1	
0	0.98305	0.92593	0.91781	0.86111	0.85714	0.81818	0.8	0.66667	0.66667	0.83333	0.6	1	1	1	1	1	1	1	1	1	1	1	1	
0	0.97345	0.97727	0.95238	0.95122	0.93939	0.95238	0.8125	0.9	0.875	0.71429	0.75	0.75	1	1	1	1	1	1	1	1	1	1	1	
0	0.97685	0.89011	0.87719	0.81395	0.76	0.63158	0.5	0.625	0.57143	0.75	0.75	1	1	1	1	1	1	1	1	1	1	1	0	
0	0.95429	0.92222	0.91525	0.86667	0.71429	0.66667	0.625	0.57143	0.75	0.75	1	1	1	1	1	1	1	1	1	1	1	0	0	
0	0.98026	0.96552	0.92157	0.83333	0.80952	0.84615	0.75	0.875	0.83333	0.75	0.66667	0.66667	0.66667	0.5	1	1	1	1	1	1	0	0	0	
0	0.96923	0.98148	0.90323	0.85714	0.8	0.76471	0.88889	0.85714	0.8	0.66667	0.66667	0.66667	0.5	1	1	1	1	1	1	0	0	0	0	
0	0.97917	0.95699	0.88462	0.83333	0.82609	0.81818	0.875	0.75	0.5	0.5	0.5	0.5	1	1	1	1	1	1	0	0	0	0	0	
0	0.9875	0.9359	0.88889	0.87879	0.94444	0.92308	0.71429	0.8	0.8	0.8	0.75	1	1	1	1	1	1	0	0	0	0	0	0	
0	0.98077	0.94444	0.91304	0.79167	0.84615	0.77778	0.71429	0.66667	0.8	0.75	1	1	1	1	1	1	0	0	0	0	0	0	0	
0	0.96154	0.91011	0.81818	0.91304	0.84615	0.77778	0.71429	0.8	0.75	1	1	1	1	1	1	0	0	0	0	0	0	0	0	
0	0.97906	0.91463	0.925	0.9	0.75	0.71429	1	1	1	1	1	1	1	1	0	0	0	0	0	0	0	0	0	
0	0.93082	0.96053	0.90625	0.89474	0.8	1	1	1	1	1	1	1	1	0	0	0	0	0	0	0	0	0	0	
0	0.95	0.93939	0.94444	0.89474	0.625	0.66667	0.75	1	1	1	1	1	0	0	0	0	0	0	0	0	0	0	0	
0	0.95333	0.94667	0.91176	0.8	0.83333	0.85714	1	1	1	1	1	0	0	0	0	0	0	0	0	0	0	0	0	
0	0.96319	0.96512	0.87805	0.89286	0.95	0.91667	0.90909	0.83333	0.5	0.5	0	0	0	0	0	0	0	0	0	0	0	0	0	
0	0.98065	0.91781	0.91304	0.93333	0.94118	0.92308	0.85714	0.66667	0.5	0	0	0	0	0	0	0	0	0	0	0	0	0	0	
0	0.94595	0.90476	0.91837	0.93939	0.91667	0.83333	0.85714	0.6	0	0	0	0	0	0	0	0	0	0	0	0	0	0	0	
0	0.94286	0.93103	0.87755	0.85714	0.75	0.7	0.33333	0	0	0	0	0	0	0	0	0	0	0	0	0	0	0	0	
0	0.93293	0.89474	0.82927	0.66667	0.64286	0.25	0.25	0	0	0	0	0	0	0	0	0	0	0	0	0	0	0	0	
0	0.94805	0.93421	0.85	0.8	0.5	0.42857	0.33333	0	0	0	0	0	0	0	0	0	0	0	0	0	0	0	0	
0	0.95294	0.90123	0.86047	0.65217	0.45455	0.25	0.5	0	0	0	0	0	0	0	0	0	0	0	0	0	0	0	0	
0	0.89326	0.86364	0.79167	0.57895	0.71429	0.75	0.66667	0	0	0	0	0	0	0	0	0	0	0	0	0	0	0	0	
0	0.77222	0.70115	0.57895	0.47059	0.5	0.5	0.25	0	0	0	0	0	0	0	0	0	0	0	0	0	0	0	0	
0	0.73797	0.7125	0.625	0.6087	0.66667	0.25	0	0	0	0	0	0	0	0	0	0	0	0	0	0	0	0	0	
0	0.9375	0.97183	0.96774	0.95652	1	1	1	1	1	1	1	1	1	1	1	1	1	1	1	1	1	1	1	
0	0.95513	0.9726	0.90476	0.81818	0.83333	0.81818	1	1	1	1	1	1	1	1	1	1	1	1	1	1	1	1	1	
0	0.95455	0.93023	0.92105	0.85714	0.88889	1	1	1	1	1	1	1	1	1	1	1	1	1	1	1	1	1	1	
0	0.93939	0.92308	0.86	0.90323	0.94737	1	1	1	1	1	1	1	1	1	1	1	1	1	1	1	1	1	1	
0	0.96951	0.93182	0.93617	0.92308	0.9375	0.85714	0.83333	1	1	1	1	1	1	1	1	1	1	1	1	1	1	1	0	
0	0.95402	0.95876	0.88889	0.85714	0.85714	0.75	0.83333	0.75	0.66667	0.66667	1	1	1	1	1	1	1	1	1	1	1	0	0	
0	0.95385	0.94382	0.96	0.88	0.78571	0.77778	0.66667	0.75	0.66667	1	1	1	1	1	1	1	1	1	1	1	0	0	0	
0	0.93684	0.94681	0.9	0.82759	0.8125	0.72727	0.625	0.5	0.5	1	1	1	1	1	1	1	1	1	1	0	0	0	0	
0	0.93158	0.91463	0.88636	0.88	0.8125	0.8	0.83333	1	1	0.75	1	1	1	1	1	1	1	1	0	0	0	0	0	
0	0.95385	0.92157	0.91489	0.83333	0.82353	0.81818	0.71429	0.75	0.75	1	1	1	1	1	1	1	1	0	0	0	0	0	0	
0	0.96465	0.94898	0.875	0.8	0.80952	0.85714	0.77778	0.77778	0.8	0.66667	0.5	1	1	1	1	1	0	0	0	0	0	0	0	
0	0.96957	0.94175	0.96364	0.94595	0.88889	0.82353	0.8125	0.90909	0.83333	0.66667	0.5	0.5	0.5	0.5	0.5	0	0	0	0	0	0	0	0	
0	0.95694	0.89524	0.91045	0.89583	0.92857	0.90909	0.92308	0.85714	0.75	0.66667	0.66667	0.5	0.5	0.5	0	0	0	0	0	0	0	0	0	
0	0.95671	0.97761	0.95402	0.94231	0.95	0.95833	0.91667	0.85714	0.8	0.6	0.5	0.5	0.5	0	0	0	0	0	0	0	0	0	0	
0	0.97834	0.95425	0.94118	0.96491	0.9697	0.9375	0.90909	1	0.6	0.5	0.5	0.5	0	0	0	0	0	0	0	0	0	0	0	
0	0.94922	0.88889	0.91566	0.91304	0.875	0.88889	1	0.66667	0.4	0.25	0.25	0	0	0	0	0	0	0	0	0	0	0	0	
0	0.96	0.93651	0.93333	0.9	0.90909	0.91667	0.75	0.71429	0.5	0.5	0	0	0	0	0	0	0	0	0	0	0	0	0	
0	0.93574	0.93204	0.92308	0.92105	0.95	0.75	0.81818	0.6	0.5	0	0	0	0	0	0	0	0	0	0	0	0	0	0	
0	0.94118	0.87059	0.80769	0.80645	0.6875	0.71429	0.57143	0.4	0	0	0	0	0	0	0	0	0	0	0	0	0	0	0	
0	0.95	0.94068	0.94203	0.85714	0.77273	0.55556	0.4	0.25	0	0	0	0	0	0	0	0	0	0	0	0	0	0	0	
0	0.96203	0.97458	0.88889	0.81579	0.63158	0.57143	0.6	0.5	0.4	0.5	0.66667	0	0	0	0	0	0	0	0	0	0	0	0	
0	0.96694	0.95495	0.9	0.8	0.72727	0.73333	0.6	0.5	0.6	0.75	1	0	0	0	0	0	0	0	0	0	0	0	0	
0	0.98039	0.92661	0.84314	0.77778	0.79167	0.82353	0.81818	0.77778	0.83333	1	0	0	0	0	0	0	0	0	0	0	0	0	0	
0	0.93607	0.83158	0.80645	0.8	0.76923	0.75	0.66667	0.75	0.75	0.5	0	0	0	0	0	0	0	0	0	0	0	0	0	
0	0.94175	0.89831	0.90323	0.78947	0.76	0.73333	0.81818	0.83333	0.75	0.33333	0.5	0.5	0.5	0	0	0	0	0	0	0	0	0	0	
0	0.94628	0.92174	0.91667	0.94444	0.91304	0.78571	0.75	0.6	0.25	0.33333	0.33333	0.33333	0.5	0	0	0	0	0	0	0	0	0	0	
0	0.97992	0.88095	0.88525	0.83784	0.78261	0.75	0.7	0.71429	0.83333	0.8	0.75	0.66667	0	0	0	0	0	0	0	0	0	0	0	
0	0.96761	0.95283	0.87097	0.78788	0.70588	0.61538	0.42857	0.4	0.4	0.25	0	0	0	0	0	0	0	0	0	0	0	0	0	
0	0.96313	0.94118	0.88679	0.90323	0.78947	0.6	0.625	0.5	0.4	0.25	0	0	0	0	0	0	0	0	0	0	0	0	0	
0	0.93532	0.89583	0.88462	0.875	0.73684	0.71429	0.66667	0.57143	0.4	0	0	0	0	0	0	0	0	0	0	0	0	0	0	
0	0.93213	0.91818	0.875	0.74286	0.83333	0.76923	0.5	0.4	0	0	0	0	0	0	0	0	0	0	0	0	0	0	0	
0	0.94298	0.8381	0.78846	0.82857	0.75	0.54545	0.5	0.25	0	0	0	0	0	0	0	0	0	0	0	0	0	0	0	
0	0.96537	0.94286	0.91176	0.80556	0.65	0.64286	0.57143	0.25	0	0	0	0	0	0	0	0	0	0	0	0	0	0	0	
0	0.98253	0.95798	0.84615	0.72973	0.69565	0.58333	0.28571	0	0	0	0	0	0	0	0	0	0	0	0	0	0	0	0	
0	0.96903	0.90291	0.85714	0.71875	0.6	0.44444	0.25	0.5	1	1	1	1	1	0	0	0	0	0	0	0	0	0	0	
0	0.93137	0.85047	0.7963	0.72	0.53333	0.42857	0.6	0.5	0.5	0.5	0.5	1	0	0	0	0	0	0	0	0	0	0	0	
0	0.87558	0.85965	0.81633	0.73077	0.63636	0.71429	0.66667	0.66667	0.66667	0.66667	1	0.5	0.5	0.5	0.5	1	1	1	1	0	0	0	0	
0	0.91304	0.89	0.82	0.79167	0.8	0.75	0.8	0.5	0.5	0.66667	0.5	0.5	0.5	0.5	1	1	1	1	0	0	0	0	0	
0	0.93697	0.88991	0.85965	0.8125	0.85	0.84615	0.875	0.83333	1	0.5	0.5	0.5	0.5	1	1	1	1	0	0	0	0	0	0	
0	0.94805	0.94737	0.88333	0.92105	0.84	0.84615	0.77778	1	0.5	0.5	0.5	0.5	1	1	1	1	0	0	0	0	0	0	0	
0	0.96035	0.87255	0.85	0.76316	0.73684	0.58333	0.66667	0.5	0.5	0.33333	0.33333	0.5	0.5	0.5	0.5	0	0	0	0	0	0	0	0	
0	0.95475	0.91071	0.86154	0.8	0.72222	0.85714	0.75	0.66667	0.66667	0.66667	1	1	1	1	1	1	1	1	1	1	1	0	0	
0	0.9814	0.98246	0.93103	0.88571	0.84211	0.8	0.71429	0.33333	0.33333	0.5	0.5	0.5	0.5	0	0	0	0	0	0	0	0	0	0	
0	0.9668	0.93636	0.92188	0.91892	0.84	0.76471	0.9	0.75	1	1	1	1	1	1	1	1	1	1	1	0	0	0	0	
0	0.97015	0.93636	0.96774	0.94595	0.86364	0.83333	0.66667	0.8	0.75	1	1	1	1	1	1	1	1	1	0	0	0	0	0	
0	0.9738	0.93458	0.90625	0.80556	0.71429	0.6	0.75	0.8	1	1	1	1	1	1	1	1	1	0	0	0	0	0	0	
0	0.9602	0.89691	0.88	0.83333	0.69231	0.81818	0.66667	0.8	0.8	0.5	0	0	0	0	0	0	0	0	0	0	0	0	0	
0	0.96373	0.90909	0.89362	0.90476	0.93333	0.8	0.75	0.75	0.5	0	0	0	0	0	0	0	0	0	0	0	0	0	0	
0	0.9596	0.93878	0.85714	0.80556	0.70588	0.81818	0.77778	0.8	0.66667	0.5	0.5	0.5	1	1	0	0	0	0	0	0	0	0	0	
0	0.9466	0.91954	0.88679	0.73077	0.73333	0.66667	0.57143	0.33333	0	0	0	0	0	0	0	0	0	0	0	0	0	0	0	
0	0.94472	0.94382	0.87234	0.83333	0.83333	0.75	0.71429	0.5	0.5	0.33333	0	0	0	0	0	0	0	0	0	0	0	0	0	
0	0.95789	0.92632	0.89583	0.84375	0.83333	0.81818	0.66667	0.5	0.33333	0	0	0	0	0	0	0	0	0	0	0	0	0	0	
0	0.97537	0.97849	0.96429	0.93103	0.84615	0.71429	0.6	0.33333	0	0	0	0	0	0	0	0	0	0	0	0	0	0	0	
0	0.97222	0.97674	0.90909	0.86957	0.78571	0.63636	0.57143	0.4	0.33333	1	0	0	0	0	0	0	0	0	0	0	0	0	0	
0	0.96296	0.92857	0.88095	0.84	0.71429	0.66667	0.6	0.5	0	0	0	0	0	0	0	0	0	0	0	0	0	0	0	
0	0.96354	0.95122	0.88095	0.79167	0.83333	0.85714	0.83333	1	1	1	1	1	0	0	0	0	0	0	0	0	0	0	0	
0	0.97326	0.86517	0.7551	0.76667	0.77778	0.8	1	1	1	1	1	0	0	0	0	0	0	0	0	0	0	0	0	
0	0.93689	0.89011	0.88235	0.84375	0.8125	0.8	0.8	1	1	1	1	1	1	1	1	1	1	0	0	0	0	0	0	
0	0.95789	0.97647	0.95833	1	1	1	1	1	1	1	1	1	1	1	1	1	0	0	0	0	0	0	0	
0	0.96535	0.92553	0.87755	0.92593	0.9375	0.875	0.83333	0.8	1	1	1	1	1	1	1	0	0	0	0	0	0	0	0	
0	0.94675	0.9625	0.975	0.95652	0.91667	0.9	0.85714	1	1	1	1	1	1	1	0	0	0	0	0	0	0	0	0	
0	0.96512	0.95775	0.91429	0.89474	0.85714	0.875	1	1	1	1	1	1	1	1	0	0	0	0	0	0	0	0	0	
0	0.98522	0.94186	0.88372	0.84	0.84615	0.875	0.85714	0.75	1	1	1	1	1	0	0	0	0	0	0	0	0	0	0	
0	0.96804	0.91667	0.91304	0.86957	0.85714	0.88889	0.83333	1	1	1	1	1	0	0	0	0	0	0	0	0	0	0	0	
0	0.95679	0.97297	0.96875	1	1	1	1	1	1	1	1	0	0	0	0	0	0	0	0	0	0	0	0	
0	0.97452	0.83871	0.8	0.78261	0.9	0.875	0.83333	0.8	0.75	1	1	0	0	0	0	0	0	0	0	0	0	0	0	
0	0.98837	0.92857	0.92857	0.90909	0.92857	1	1	1	1	1	0	0	0	0	0	0	0	0	0	0	0	0	0	
0	0.97143	0.975	0.97619	1	1	1	0.875	1	1	0	0	0	0	0	0	0	0	0	0	0	0	0	0	
0	0.96154	0.95652	0.92308	0.94118	0.90476	0.86667	1	1	1	0	0	0	0	0	0	0	0	0	0	0	0	0	0	
0	0.97041	0.95699	0.94545	0.9375	0.89474	1	1	1	0	0	0	0	0	0	0	0	0	0	0	0	0	0	0	
0	0.97959	0.89474	0.82979	0.75	0.8	0.66667	0	0	0	0	0	0	0	0	0	0	0	0	0	0	0	0	0	
0	0.95906	0.96104	0.92308	0.93333	0.83333	1	1	0	0	0	0	0	0	0	0	0	0	0	0	0	0	0	0	
0	0.97987	0.92208	0.84375	0.86667	1	1	1	1	0	0	0	0	0	0	0	0	0	0	0	0	0	0	0	
0	0.94667	0.9322	0.92308	1	1	1	1	0	0	0	0	0	0	0	0	0	0	0	0	0	0	0	0	
0	0.91111	0.92063	0.91667	0.90909	0.83333	0.66667	0	0	0	0	0	0	0	0	0	0	0	0	0	0	0	0	0	
0	0.93846	0.93333	0.86364	0.76923	0.66667	0.33333	0	0	0	0	0	0	0	0	0	0	0	0	0	0	0	0	0	
0	0.94958	0.96078	0.91304	0.8	0.83333	1	1	1	1	0	0	0	0	0	0	0	0	0	0	0	0	0	0	
0	0.96212	0.98182	1	1	0.66667	1	1	1	0	0	0	0	0	0	0	0	0	0	0	0	0	0	0	
0	0.9542	0.96364	0.95238	0.83333	1	1	1	1	0	0	0	0	0	0	0	0	0	0	0	0	0	0	0	
0	0.96825	0.90196	0.86364	0.7	0.83333	1	1	0	0	0	0	0	0	0	0	0	0	0	0	0	0	0	0	
0	0.96923	0.84444	0.75	0.7	1	1	0	0	0	0	0	0	0	0	0	0	0	0	0	0	0	0	0	
0	0.9596	0.93023	0.96	1	1	1	1	1	1	1	0	0	0	0	0	0	0	0	0	0	0	0	0	
0	0.97297	0.89796	0.95238	0.83333	1	1	1	1	1	0	0	0	0	0	0	0	0	0	0	0	0	0	0	
0	0.95385	0.88679	0.8	0.66667	0.33333	0	0	0	0	0	0	0	0	0	0	0	0	0	0	0	0	0	0	
0	0.94776	0.83721	0.75	0.83333	0.83333	0	0	0	0	0	0	0	0	0	0	0	0	0	0	0	0	0	0	
0	0.97391	0.90698	0.90476	0.88889	0.5	0.5	0	0	0	0	0	0	0	0	0	0	0	0	0	0	0	0	0	
0	0.96522	0.93878	1	1	1	1	1	1	1	1	0	0	0	0	0	0	0	0	0	0	0	0	0	
0	0.9708	0.94118	0.89474	0.92308	1	1	1	1	1	1	1	0	0	0	0	0	0	0	0	0	0	0	0	
0	0.99375	0.96875	0.93548	1	1	1	1	1	1	1	0	0	0	0	0	0	0	0	0	0	0	0	0	
0	0.98361	0.93878	0.95	1	1	1	1	1	1	0	0	0	0	0	0	0	0	0	0	0	0	0	0	
0	0.95973	0.95833	0.95238	1	1	1	1	1	0	0	0	0	0	0	0	0	0	0	0	0	0	0	0	
0	0.97297	0.98077	0.96154	0.91667	0.88889	1	1	0	0	0	0	0	0	0	0	0	0	0	0	0	0	0	0	
0	0.976	0.97917	1	1	1	1	1	1	1	0	0	0	0	0	0	0	0	0	0	0	0	0	0	
0	0.97619	0.95833	0.875	0.92308	0.875	0.66667	0.66667	0.66667	0	0	0	0	0	0	0	0	0	0	0	0	0	0	0	
0	0.9635	0.89091	0.95455	0.90909	0.75	0.75	0.66667	0	0	0	0	0	0	0	0	0	0	0	0	0	0	0	0	
0	0.94406	0.96491	0.92593	0.83333	0.8	0.875	0.8	0.8	0.66667	1	0	0	0	0	0	0	0	0	0	0	0	0	0	
0	0.98507	0.98214	0.96	0.94444	0.92308	0.88889	1	1	1	0	0	0	0	0	0	0	0	0	0	0	0	0	0	
0	0.97931	0.94643	0.97143	0.91667	0.81818	1	1	1	1	1	0	0	0	0	0	0	0	0	0	0	0	0	0	
0	0.95833	0.96053	0.95238	0.89474	1	1	1	1	1	0	0	0	0	0	0	0	0	0	0	0	0	0	0	
0	0.96262	0.97115	0.93478	0.96	0.94444	1	1	0.8	1	1	1	1	1	0	0	0	0	0	0	0	0	0	0	
0	0.97653	0.97674	1	0.96667	1	1	0.83333	1	1	1	1	1	0	0	0	0	0	0	0	0	0	0	0	
0	0.9697	0.94845	0.93103	0.93939	0.95	0.8	0.875	0.83333	0.5	0.66667	1	0	0	0	0	0	0	0	0	0	0	0	0	
0	0.96875	0.95283	0.92593	0.96429	0.85714	0.9	0.85714	0.6	0.75	1	0	0	0	0	0	0	0	0	0	0	0	0	0	
0	0.97561	0.95652	0.95349	0.90909	0.92857	0.9	0.71429	0.8	1	0	0	0	0	0	0	0	0	0	0	0	0	0	0	
0	0.97717	0.94898	0.90244	0.95652	0.92857	0.8	0.85714	1	0	0	0	0	0	0	0	0	0	0	0	0	0	0	0	
0	0.97196	0.95506	0.94	0.89286	0.81818	0.71429	0.57143	0.5	0.5	0	0	0	0	0	0	0	0	0	0	0	0	0	0	
0	0.96	0.95604	0.93182	0.87879	0.80952	0.54545	0.66667	0.75	1	1	1	1	1	1	1	1	1	1	0	0	0	0	0	
0	0.97449	0.96296	0.96429	0.91429	0.89474	0.91667	0.875	1	1	1	1	1	1	1	1	1	1	0	0	0	0	0	0	
0	0.97917	0.94898	0.91228	0.88235	0.84211	0.76923	0.66667	0.75	0.66667	0.66667	0.66667	0.5	0.5	0.5	0.5	0.5	0	0	0	0	0	0	0	
0	0.95946	0.87963	0.82759	0.72414	0.55556	0.71429	1	1	1	1	1	1	1	1	1	0	0	0	0	0	0	0	0	
0	0.96538	0.95146	0.89796	0.8	0.81818	1	1	1	1	1	1	1	1	1	0	0	0	0	0	0	0	0	0	
0	0.97143	0.95876	0.91304	0.86957	1	1	0.75	1	1	1	1	1	1	0	0	0	0	0	0	0	0	0	0	
0	0.95631	0.84615	0.87755	0.93333	0.875	0.875	1	1	1	1	1	1	0	0	0	0	0	0	0	0	0	0	0	
0	0.97475	0.96512	0.95652	0.9	0.81818	0.66667	1	1	1	1	1	0	0	0	0	0	0	0	0	0	0	0	0	
0	0.98	0.95652	0.94872	0.95238	1	1	1	1	1	1	0	0	0	0	0	0	0	0	0	0	0	0	0	
0	0.98544	0.94805	0.94737	0.93333	0.90909	1	1	1	1	0	0	0	0	0	0	0	0	0	0	0	0	0	0	
0	0.95082	0.9625	0.96552	0.95	0.93333	0.90909	0.8	0.75	1	1	1	0	0	0	0	0	0	0	0	0	0	0	0	
0	0.96535	0.92754	0.94595	0.86364	0.84615	0.71429	0.6	1	1	1	0	0	0	0	0	0	0	0	0	0	0	0	0	
0	0.96296	0.96552	0.95349	0.95652	0.91667	0.88889	1	1	1	1	1	1	1	0	0	0	0	0	0	0	0	0	0	
0	0.96923	0.92941	0.87805	0.82353	0.8	0.83333	1	1	0	0	0	0	0	0	0	0	0	0	0	0	0	0	0	
0	0.95939	0.81333	0.78788	0.85714	1	1	1	1	1	1	1	0	0	0	0	0	0	0	0	0	0	0	0	
0	0.95187	0.93151	0.87179	0.91667	0.90909	0.83333	0.83333	1	1	1	0	0	0	0	0	0	0	0	0	0	0	0	0	
0	0.97409	0.96512	0.92683	0.94737	1	1	1	1	1	0	0	0	0	0	0	0	0	0	0	0	0	0	0	
0	0.985	0.97531	0.97436	0.95238	0.90909	1	1	1	0	0	0	0	0	0	0	0	0	0	0	0	0	0	0	
0	0.98477	0.96471	0.94737	0.94118	1	1	1	1	0	0	0	0	0	0	0	0	0	0	0	0	0	0	0	
0	0.9697	0.90667	0.85714	0.76471	0.71429	0.75	0	0	0	0	0	0	0	0	0	0	0	0	0	0	0	0	0	
0	0.95187	0.96154	0.97222	0.96	0.92308	1	1	0	0	0	0	0	0	0	0	0	0	0	0	0	0	0	0	
0	0.95109	0.97222	1	1	1	1	1	1	0	0	0	0	0	0	0	0	0	0	0	0	0	0	0	
0	0.98585	0.98913	0.95455	1	1	1	1	0	0	0	0	0	0	0	0	0	0	0	0	0	0	0	0	
0	0.98712	0.97849	1	1	1	1	1	1	0	0	0	0	0	0	0	0	0	0	0	0	0	0	0	
0	0.97717	0.95833	0.93333	0.93333	1	1	1	1	1	0	0	0	0	0	0	0	0	0	0	0	0	0	0	
0	0.96429	0.94737	1	0.9	0.83333	1	1	1	0	0	0	0	0	0	0	0	0	0	0	0	0	0	0	
0	0.94521	0.95385	0.875	0.90909	1	1	1	1	1	0	0	0	0	0	0	0	0	0	0	0	0	0	0	
0	0.96951	0.9322	0.92593	1	1	1	1	1	0	0	0	0	0	0	0	0	0	0	0	0	0	0	0	
0	0.96571	0.9403	1	1	1	1	1	1	1	1	0	0	0	0	0	0	0	0	0	0	0	0	0	
0	0.96341	1	1	1	1	1	1	1	1	0	0	0	0	0	0	0	0	0	0	0	0	0	0	
0	0.97512	0.9726	0.94286	0.875	1	1	1	1	1	1	1	1	1	1	0	0	0	0	0	0	0	0	0	
0	0.97531	0.96721	0.92	0.92857	0.88889	0.875	0.75	0.66667	1	1	1	1	1	0	0	0	0	0	0	0	0	0	0	
0	0.95238	0.98077	1	1	1	1	1	1	1	1	1	1	0	0	0	0	0	0	0	0	0	0	0	
0	0.98571	1	1	1	1	1	1	1	1	1	1	0	0	0	0	0	0	0	0	0	0	0	0	
0	0.975	0.94203	0.9697	1	1	1	1	1	1	1	0	0	0	0	0	0	0	0	0	0	0	0	0	
0	0.95484	0.96721	1	1	1	1	1	1	1	0	0	0	0	0	0	0	0	0	0	0	0	0	0	
0	0.95833	0.94545	0.94118	1	1	1	1	0.5	0	0	0	0	0	0	0	0	0	0	0	0	0	0	0	
0	0.97037	0.94872	0.90476	0.8	0.66667	0.75	0.66667	0	0	0	0	0	0	0	0	0	0	0	0	0	0	0	0	
0	0.97458	0.95652	1	1	1	0.83333	0	0	0	0	0	0	0	0	0	0	0	0	0	0	0	0	0	
0	0.96063	0.95652	0.9	0.92308	0.875	1	1	0	0	0	0	0	0	0	0	0	0	0	0	0	0	0	0	
0	0.94783	0.90698	0.95238	0.91667	1	1	0	0	0	0	0	0	0	0	0	0	0	0	0	0	0	0	0	
0	0.99123	0.97561	0.9	0.83333	1	1	0	0	0	0	0	0	0	0	0	0	0	0	0	0	0	0	0	
0	0.98246	0.975	1	1	1	0	0	0	0	0	0	0	0	0	0	0	0	0	0	0	0	0	0	
0	0.94737	0.95455	0.94737	0.9	1	1	1	1	0	0	0	0	0	0	0	0	0	0	0	0	0	0	0	
0	0.96324	0.94	0.95	1	1	1	1	1	1	1	1	1	1	1	1	0	0	0	0	0	0	0	0	
0	0.95349	0.95556	1	0.92308	0.85714	1	1	1	1	1	1	1	1	1	0	0	0	0	0	0	0	0	0	
0	0.97561	0.85106	0.83333	0.8	1	1	1	1	1	1	1	1	1	0	0	0	0	0	0	0	0	0	0	
0	0.95312	0.91228	0.92593	1	1	1	1	1	1	1	1	1	0	0	0	0	0	0	0	0	0	0	0	
0	0.94853	0.94	0.95833	1	1	1	1	1	1	1	1	0	0	0	0	0	0	0	0	0	0	0	0	
0	0.9375	0.9	0.9	0.85714	1	1	1	1	1	1	0	0	0	0	0	0	0	0	0	0	0	0	0	
0	0.95833	0.95	0.875	0.9	0.875	1	0.8	1	1	0	0	0	0	0	0	0	0	0	0	0	0	0	0	
0	0.94891	0.95918	0.96154	0.9375	1	0.83333	1	1	0	0	0	0	0	0	0	0	0	0	0	0	0	0	0	
0	0.93519	0.9	0.90323	0.85714	0.8	0.8	0.75	0	0	0	0	0	0	0	0	0	0	0	0	0	0	0	0	
0	0.95726	0.90741	0.84211	0.84615	0.85714	0.83333	1	0	0	0	0	0	0	0	0	0	0	0	0	0	0	0	0	
0	0.95745	0.9375	0.95833	1	0.875	1	0	0	0	0	0	0	0	0	0	0	0	0	0	0	0	0	0	
0	0.96809	1	1	1	1	1	0	0	0	0	0	0	0	0	0	0	0	0	0	0	0	0	0	
0	0.97059	0.96429	0.92308	1	1	0	0	0	0	0	0	0	0	0	0	0	0	0	0	0	0	0	0	
0	0.95714	0.93651	1	1	0.33333	0.5	0.5	1	1	1	0	0	0	0	0	0	0	0	0	0	0	0	0	
0	0.94068	0.85714	0.76471	0.375	0.66667	0.66667	1	1	1	0	0	0	0	0	0	0	0	0	0	0	0	0	0	
0	0.94495	0.91176	0.78571	0.81818	0.75	1	1	1	0	0	0	0	0	0	0	0	0	0	0	0	0	0	0	
0	0.93827	0.81481	0.75	0.71429	1	1	1	0	0	0	0	0	0	0	0	0	0	0	0	0	0	0	0	
0	0.91111	0.8913	0.875	0.88889	0.85714	1	1	1	0	0	0	0	0	0	0	0	0	0	0	0	0	0	0	
0	0.93333	0.89831	0.94118	0.92857	1	1	1	1	0	0	0	0	0	0	0	0	0	0	0	0	0	0	0	
0	0.95082	0.93333	0.88889	0.9375	1	1	1	1	1	1	1	1	1	1	0	0	0	0	0	0	0	0	0	
0	0.96875	0.89796	0.92308	1	1	1	1	1	1	1	1	1	1	0	0	0	0	0	0	0	0	0	0	
0	0.9633	0.97619	1	1	1	1	1	1	1	1	1	1	0	0	0	0	0	0	0	0	0	0	0	
0	0.97321	0.86364	0.89474	0.88889	1	1	1	1	1	1	1	0	0	0	0	0	0	0	0	0	0	0	0	
0	0.89655	0.725	0.73684	0.88889	1	1	1	1	1	1	1	0	0	0	0	0	0	0	0	0	0	0	0	
0	0.8913	0.82927	0.82353	0.77778	0.75	0.66667	1	1	1	1	0	0	0	0	0	0	0	0	0	0	0	0	0	
0	0.92035	0.91892	0.83333	0.76923	0.71429	0.66667	1	1	1	0	0	0	0	0	0	0	0	0	0	0	0	0	0	
0	0.92784	0.87234	0.89655	0.93333	1	1	1	1	0	0	0	0	0	0	0	0	0	0	0	0	0	0	0	
0	0.86458	0.84314	0.83333	0.89474	0.91667	1	1	1	1	1	1	0	0	0	0	0	0	0	0	0	0	0	0	
0	0.96154	0.84211	0.86207	0.9375	1	1	1	1	0	0	0	0	0	0	0	0	0	0	0	0	0	0	0	
0	0.95862	0.88571	0.82857	0.85	0.86667	0.875	1	1	1	0	0	0	0	0	0	0	0	0	0	0	0	0	0	
0	0.94074	0.87692	0.85294	0.71429	0.75	0.83333	1	1	1	1	1	1	1	1	1	1	1	0	0	0	0	0	0	
0	0.88356	0.84507	0.89474	0.9	1	1	1	1	1	1	1	1	1	1	1	1	0	0	0	0	0	0	0	
0	0.91379	0.92941	0.91667	0.96154	0.9375	0.9	0.83333	0.8	0.5	0.66667	0.5	0.5	0.5	0.5	0.5	0	0	0	0	0	0	0	0	
0	0.89937	0.90541	0.89474	0.88462	0.85714	0.85714	0.8	0.5	0.66667	0.5	0.5	0.5	0.5	0.5	0	0	0	0	0	0	0	0	0	
0	0.92973	0.92	0.91489	0.84211	0.7	0.66667	0.25	0.33333	0.5	0.5	0.5	0.5	0.5	0	0	0	0	0	0	0	0	0	0	
0	0.92353	0.93182	0.92308	0.77778	1	1	1	0.75	0.66667	0.66667	0.66667	0.66667	1	1	1	1	0	0	0	0	0	0	0	
0	0.97093	0.95522	0.90323	0.83333	0.77778	0.75	0.6	0.5	0.5	0.5	0.66667	1	1	1	1	0	0	0	0	0	0	0	0	
0	0.95625	0.94118	0.87879	0.70588	0.72727	0.57143	0.5	0.25	0.25	0.33333	1	1	1	1	0	0	0	0	0	0	0	0	0	
0	0.90714	0.80882	0.76667	0.64706	0.6	0.5	0.25	0.25	0.33333	1	1	1	1	0	0	0	0	0	0	0	0	0	0	
0	0.92361	0.85714	0.8125	0.76471	0.69231	0.5	0.6	0.66667	1	1	1	1	0	0	0	0	0	0	0	0	0	0	0	
0	0.88889	0.85106	0.79167	0.71429	0.57143	0.5	0.66667	1	1	1	1	0	0	0	0	0	0	0	0	0	0	0	0	
0	0.93985	0.91803	0.875	0.73333	0.66667	0.75	1	1	1	1	0	0	0	0	0	0	0	0	0	0	0	0	0	
0	0.96795	0.95714	0.93939	0.83333	0.875	0.8	0.66667	1	1	0	0	0	0	0	0	0	0	0	0	0	0	0	0	
0	0.96341	0.9322	0.82609	0.86667	0.81818	0.71429	1	1	0	0	0	0	0	0	0	0	0	0	0	0	0	0	0	
0	0.96296	0.82927	0.81481	0.82353	0.75	1	1	1	0	0	0	0	0	0	0	0	0	0	0	0	0	0	0	
