1018	805	656	574	479	427	381	361	343	327	320	318	313	309	305	304	303	299	297	293	293	289	288	288	
1037	794	669	550	487	434	405	382	364	357	349	343	339	334	332	331	327	325	320	320	316	314	314	313	
1039	811	646	567	498	457	426	404	396	387	378	371	366	364	363	359	357	352	352	348	346	346	344	342	
1063	822	693	604	546	506	479	469	458	448	438	431	426	424	419	415	409	409	401	399	398	396	394	394	
1109	869	732	644	587	552	535	519	503	488	478	472	468	462	458	449	448	440	438	437	435	433	433	433	
1132	911	771	696	647	625	604	585	565	553	547	542	535	528	520	518	509	507	504	502	500	499	499	498	
1190	944	819	750	718	692	666	644	628	618	611	602	595	587	584	575	571	568	565	563	561	560	559	554	
1202	974	859	815	777	740	711	693	681	672	660	652	644	640	629	624	621	616	614	611	609	608	603	600	
1232	1026	951	892	843	804	779	762	745	728	716	706	701	690	682	679	671	669	666	662	660	654	651	640	
1290	1141	1045	959	903	868	839	812	791	775	765	757	743	733	729	720	718	714	710	705	699	696	685	679	
1393	1197	1069	981	933	896	859	834	813	800	791	776	764	760	750	748	743	738	733	727	722	710	703	688	
1358	1157	1035	970	925	882	855	832	817	807	789	777	773	763	761	756	751	746	740	734	722	715	700	686	
1361	1155	1066	999	945	906	879	862	849	829	817	810	799	795	790	785	779	773	767	752	745	730	714	695	
1341	1185	1084	1015	965	933	911	895	873	856	849	838	833	828	822	816	809	803	788	780	764	747	728	711	
1386	1196	1083	1020	981	950	929	902	883	876	864	859	852	846	838	831	824	808	800	784	765	745	728	718	
1348	1165	1079	1028	989	963	930	910	902	889	882	874	867	858	848	841	822	813	797	777	758	739	729	699	
1370	1215	1134	1080	1040	993	968	958	941	932	924	915	903	892	884	862	849	830	807	785	765	755	724	687	
1385	1225	1149	1100	1040	1011	995	977	965	955	945	931	918	909	887	874	854	831	807	786	775	741	704	598	
1410	1268	1199	1115	1078	1055	1029	1012	999	985	970	956	944	920	906	886	862	838	813	799	763	724	612	518	
1400	1285	1180	1131	1102	1068	1047	1032	1016	998	983	968	943	927	906	879	854	828	813	777	738	623	527	512	
1449	1252	1181	1140	1097	1074	1055	1037	1018	1000	984	956	938	916	889	862	836	821	785	745	628	531	515	510	
1416	1287	1224	1162	1127	1104	1083	1063	1043	1025	996	976	952	924	895	868	852	816	773	653	553	537	532	527	
1425	1309	1224	1168	1134	1107	1081	1058	1038	1009	988	964	936	906	878	861	824	781	660	560	543	538	533	531	
1499	1316	1235	1183	1149	1117	1088	1063	1030	1005	979	951	920	891	872	835	792	671	570	551	546	541	539	538	
1470	1328	1244	1197	1152	1113	1081	1046	1020	993	963	931	901	882	845	800	677	574	555	550	545	542	541	539	
1440	1310	1243	1187	1137	1104	1063	1034	1007	977	945	914	895	857	809	683	578	559	552	547	544	543	541	540	
1470	1345	1259	1198	1155	1099	1068	1037	1006	973	940	919	880	829	700	590	570	563	558	554	553	551	550	547	
1473	1327	1240	1189	1132	1095	1054	1021	988	953	932	892	839	705	595	575	567	560	556	555	553	552	549	547	
1483	1322	1242	1168	1126	1078	1042	1007	970	945	902	847	706	596	576	568	561	557	556	554	553	550	548	546	
1467	1326	1224	1171	1115	1071	1031	991	963	917	857	715	603	583	574	567	562	560	558	557	554	552	550	547	
1459	1287	1213	1146	1095	1053	1010	981	931	868	725	610	588	578	571	566	564	562	561	557	555	552	549	549	
1422	1280	1185	1125	1075	1029	996	944	878	735	616	593	583	576	571	569	566	565	560	558	555	552	552	552	
1402	1252	1168	1102	1052	1017	959	888	742	620	595	584	577	572	570	567	566	561	559	556	553	553	552	552	
1414	1242	1147	1083	1038	973	897	749	626	601	590	583	577	575	572	571	566	564	561	558	558	557	557	556	
1381	1226	1140	1077	1000	916	759	635	608	595	586	580	578	575	574	569	567	564	561	561	560	560	559	558	
1355	1209	1121	1025	936	772	647	618	602	593	587	585	582	580	575	573	570	567	566	565	565	564	563	559	
1369	1214	1085	974	806	675	644	627	616	607	603	598	595	590	588	584	580	579	578	577	576	575	570	567	
1344	1157	1022	843	704	670	650	633	624	617	612	607	602	599	595	591	589	588	587	584	582	577	574	574	
1328	1116	904	749	709	685	665	656	647	642	636	631	628	624	620	616	614	613	609	607	599	596	596	593	
1258	998	817	764	734	705	694	681	674	667	662	658	652	648	643	640	638	634	632	621	618	618	615	608	
1162	926	844	801	765	751	735	720	709	701	692	684	677	672	666	663	657	655	642	639	638	635	627	621	
1095	953	881	826	805	788	771	755	745	734	723	716	711	702	696	689	685	672	669	668	665	657	651	645	
1112	979	904	868	842	819	801	786	775	760	753	748	739	733	725	720	706	702	700	697	687	680	674	671	
1119	987	929	895	869	848	830	817	798	789	782	772	765	757	752	737	732	730	726	716	708	702	699	694	
1254	1133	1067	1026	993	965	942	918	907	892	877	867	857	852	837	832	826	822	810	801	795	791	786	779	
1432	1295	1224	1175	1135	1096	1067	1048	1031	1009	998	986	981	962	954	947	941	929	919	912	908	903	894	886	
1478	1351	1270	1209	1161	1124	1101	1084	1059	1048	1035	1029	1009	1000	992	985	972	960	953	949	943	934	925	920	
1507	1369	1284	1218	1168	1140	1117	1088	1074	1059	1051	1031	1020	1010	1001	986	973	966	962	955	946	936	928	871	
1525	1372	1274	1209	1177	1149	1115	1100	1085	1076	1055	1043	1033	1023	1006	991	983	978	971	962	950	940	882	805	
1509	1358	1265	1215	1183	1146	1126	1108	1098	1076	1062	1050	1039	1019	1004	996	991	981	971	958	946	887	810	729	
1498	1352	1277	1224	1183	1156	1134	1120	1097	1081	1066	1055	1034	1017	1008	1001	990	980	966	951	891	813	731	653	
1490	1360	1283	1233	1196	1168	1149	1124	1106	1085	1070	1047	1028	1019	1012	1001	990	973	957	896	816	734	655	609	
1466	1343	1274	1224	1189	1165	1136	1116	1094	1078	1056	1037	1028	1019	1006	994	977	961	900	820	735	655	609	575	
1482	1357	1280	1233	1200	1159	1135	1112	1095	1069	1051	1042	1030	1017	1005	986	969	908	828	743	662	615	580	543	
1491	1363	1286	1245	1197	1166	1140	1117	1087	1067	1057	1044	1029	1014	994	973	912	832	746	664	617	581	544	510	
1506	1369	1305	1243	1202	1168	1140	1106	1083	1072	1057	1039	1019	998	976	913	833	747	664	617	581	544	510	485	
1478	1370	1288	1234	1194	1162	1122	1095	1081	1065	1046	1022	1001	978	915	835	749	666	619	583	546	512	487	465	
1483	1347	1276	1227	1193	1141	1111	1094	1076	1057	1030	1006	983	920	837	749	666	619	583	546	512	487	465	435	
1501	1356	1279	1233	1177	1143	1124	1104	1083	1052	1025	999	935	851	758	672	624	587	549	514	489	466	436	421	
1482	1355	1285	1215	1170	1143	1121	1098	1064	1036	1007	940	856	760	673	625	587	549	514	489	466	436	421	401	
1491	1380	1286	1228	1194	1166	1137	1098	1068	1035	964	873	775	684	634	594	555	519	492	468	438	423	403	380	
1518	1375	1289	1236	1207	1173	1124	1092	1055	982	887	785	693	642	601	562	525	497	473	440	425	405	381	359	
1491	1350	1285	1238	1198	1145	1111	1070	994	897	793	701	649	606	567	530	501	477	444	428	407	382	360	327	
1457	1344	1276	1229	1170	1128	1087	1010	909	802	706	654	611	571	534	505	481	448	432	410	383	361	328	305	
1467	1358	1289	1212	1159	1111	1032	927	813	715	661	616	575	538	509	485	452	436	414	387	364	330	307	279	
1488	1368	1267	1196	1140	1052	941	825	727	672	627	584	543	514	488	455	438	416	389	366	332	309	281	249	
1513	1352	1259	1191	1084	966	845	739	683	636	592	550	521	495	460	443	420	393	370	335	312	284	250	232	
1468	1334	1232	1112	990	861	750	691	643	598	555	526	500	464	446	422	395	372	335	312	284	250	232	199	
1464	1303	1153	1021	881	763	701	653	605	562	531	505	468	447	422	395	372	335	312	284	250	232	199	185	
1452	1244	1074	914	784	716	662	612	566	535	509	470	447	422	395	372	335	312	284	250	232	199	185	171	
1377	1150	953	808	731	671	620	573	542	515	474	449	424	397	372	335	312	284	250	232	199	185	171	150	
1260	1003	831	746	678	625	577	546	519	477	450	425	398	373	336	313	285	251	233	200	186	172	151	136	
