0.15067	0.23094	0.28883	0.29561	0.36722	0.42287	0.48415	0.53369	0.58368	0.59998	0.61005	0.6176	0.61448	0.62084	0.61168	0.61141	0.60428	0.59805	0.58818	0.58128	0.5631	0.5505	0.53786	0.52683	
0.1345	0.2098	0.28512	0.34754	0.4121	0.47853	0.52932	0.57284	0.5804	0.58102	0.59259	0.58187	0.58951	0.58741	0.58304	0.57764	0.5696	0.55875	0.55095	0.53289	0.51992	0.50732	0.49726	0.48764	
0.15499	0.25379	0.3423	0.40466	0.46529	0.51219	0.55116	0.55227	0.55006	0.55852	0.55477	0.56064	0.55398	0.54991	0.54368	0.54044	0.52699	0.5187	0.50259	0.49071	0.47954	0.46696	0.4598	0.45449	
0.16496	0.27853	0.35427	0.40844	0.45288	0.48747	0.49014	0.48363	0.49466	0.49315	0.49997	0.50009	0.49734	0.48422	0.48066	0.46771	0.45975	0.44261	0.43193	0.42301	0.41865	0.41454	0.41246	0.41592	
0.1773	0.28776	0.36251	0.39487	0.42841	0.42476	0.4243	0.43978	0.44073	0.44693	0.44829	0.44714	0.43914	0.43541	0.424	0.41618	0.40509	0.39567	0.38737	0.38528	0.38332	0.38343	0.38918	0.39484	
0.17423	0.28778	0.34449	0.38028	0.37479	0.373	0.39261	0.39167	0.39559	0.39879	0.39627	0.39059	0.38688	0.37944	0.37259	0.36297	0.3552	0.34921	0.34958	0.35046	0.35302	0.36128	0.36962	0.38053	
0.18597	0.24161	0.28176	0.2782	0.28168	0.31792	0.32718	0.33859	0.34555	0.34721	0.34433	0.34088	0.33467	0.32969	0.32329	0.31832	0.31555	0.31855	0.32206	0.32685	0.33679	0.34681	0.35828	0.36969	
0.1163	0.18633	0.23133	0.23102	0.28155	0.29428	0.31022	0.32031	0.32428	0.32315	0.32159	0.31552	0.31059	0.30582	0.30166	0.3002	0.30408	0.30664	0.31084	0.31922	0.32675	0.33423	0.34077	0.34802	
0.11424	0.19172	0.22072	0.27253	0.29224	0.30404	0.31121	0.31468	0.31315	0.3098	0.3016	0.29637	0.29142	0.28559	0.28305	0.28393	0.2823	0.28147	0.28342	0.28396	0.28432	0.2837	0.28361	0.28245	
0.10927	0.18616	0.28022	0.28151	0.28723	0.28889	0.29164	0.28789	0.28203	0.27492	0.2708	0.26593	0.26099	0.2568	0.25562	0.25088	0.24539	0.24369	0.24082	0.23832	0.23214	0.22934	0.22568	0.22118	
0.089902	0.23475	0.25681	0.25354	0.25085	0.25491	0.2526	0.25007	0.24558	0.24297	0.24163	0.23951	0.23725	0.23715	0.23209	0.22623	0.22396	0.22077	0.21812	0.21261	0.21007	0.20706	0.20284	0.19915	
0.18442	0.205	0.21913	0.21055	0.21488	0.21633	0.21814	0.21681	0.21608	0.21738	0.21586	0.2142	0.21452	0.20995	0.20517	0.20289	0.19761	0.19557	0.19039	0.18836	0.18607	0.18252	0.17923	0.17741	
0.082017	0.14833	0.16979	0.17727	0.18916	0.1946	0.19361	0.1934	0.19509	0.19225	0.18713	0.18506	0.18053	0.17578	0.17312	0.16893	0.16763	0.16306	0.16198	0.16049	0.15796	0.15551	0.15469	0.15633	
0.10639	0.15212	0.16434	0.17563	0.18132	0.17674	0.17898	0.18437	0.1815	0.17721	0.17608	0.17165	0.16743	0.16512	0.16216	0.1613	0.15412	0.15338	0.15225	0.15028	0.14811	0.14754	0.14988	0.15127	
0.064912	0.12634	0.15511	0.16848	0.17001	0.1725	0.1795	0.17326	0.16749	0.1655	0.16128	0.15701	0.15452	0.15208	0.15131	0.14459	0.14425	0.14356	0.14051	0.13881	0.13848	0.14115	0.14296	0.14518	
0.092096	0.13497	0.15711	0.15911	0.16378	0.15958	0.15503	0.14778	0.14534	0.14199	0.13816	0.13652	0.13523	0.13544	0.12988	0.13046	0.13068	0.12878	0.1263	0.12669	0.13054	0.13299	0.13596	0.13985	
0.080908	0.12455	0.14872	0.14668	0.14193	0.13983	0.1327	0.13081	0.12923	0.1262	0.12533	0.12548	0.12571	0.12104	0.12197	0.12279	0.12162	0.11943	0.12031	0.12486	0.1277	0.13042	0.13476	0.13827	
0.075077	0.11079	0.12414	0.11934	0.12001	0.11439	0.11415	0.11369	0.11085	0.11071	0.11161	0.11222	0.11029	0.11137	0.1125	0.11089	0.10961	0.11077	0.1159	0.11904	0.12219	0.12684	0.13068	0.13747	
0.055828	0.10739	0.10719	0.11242	0.10786	0.10793	0.10772	0.10467	0.10464	0.10554	0.10613	0.10445	0.10561	0.10697	0.10602	0.10529	0.10668	0.11218	0.11502	0.11842	0.12358	0.12719	0.13449	0.14111	
0.090724	0.1038	0.11342	0.10608	0.1051	0.10567	0.10195	0.10132	0.10198	0.10254	0.10024	0.10122	0.10275	0.10232	0.10173	0.10265	0.10821	0.11119	0.11445	0.11954	0.12367	0.13169	0.13879	0.1461	
0.057097	0.098212	0.098207	0.098307	0.10156	0.099688	0.098097	0.099029	0.099028	0.096712	0.097522	0.099192	0.099605	0.099026	0.10044	0.10626	0.10926	0.11248	0.11793	0.12104	0.12776	0.13464	0.14198	0.14638	
0.062541	0.079267	0.084474	0.088957	0.08677	0.086391	0.087369	0.087232	0.084984	0.08625	0.088716	0.090196	0.089583	0.091495	0.096969	0.10037	0.10386	0.1094	0.11322	0.12072	0.12766	0.13523	0.13938	0.1424	
0.060533	0.073399	0.08629	0.082844	0.081008	0.08034	0.079926	0.078434	0.078844	0.081576	0.084097	0.08362	0.085809	0.091534	0.094991	0.098686	0.10464	0.10855	0.11816	0.12568	0.13391	0.13822	0.14138	0.14818	
0.030499	0.077396	0.078891	0.077238	0.07752	0.077851	0.076144	0.076883	0.079972	0.082925	0.082429	0.084689	0.090864	0.09431	0.097905	0.10384	0.10726	0.11678	0.12374	0.13188	0.13589	0.13882	0.14542	0.15139	
0.06147	0.069179	0.074076	0.074469	0.074431	0.073373	0.074114	0.077889	0.081367	0.080728	0.083049	0.089781	0.09353	0.09603	0.10241	0.10622	0.11613	0.12345	0.13159	0.13537	0.13797	0.14435	0.1501	0.15604	
0.036149	0.058623	0.061811	0.063337	0.065018	0.065467	0.070357	0.075569	0.075208	0.077549	0.084808	0.088609	0.091101	0.097845	0.10177	0.11202	0.11944	0.12755	0.13113	0.13351	0.13982	0.14546	0.15146	0.15628	
0.041698	0.052247	0.057558	0.060681	0.061865	0.067756	0.073995	0.073733	0.076501	0.08468	0.088981	0.091133	0.098075	0.10185	0.1124	0.11957	0.12747	0.1308	0.13293	0.139	0.14439	0.15039	0.15519	0.16124	
0.036638	0.05595	0.057228	0.06027	0.067063	0.072883	0.071796	0.074733	0.084751	0.089715	0.092707	0.098021	0.10204	0.11278	0.11978	0.12741	0.13037	0.13225	0.13812	0.14329	0.14925	0.15394	0.15987	0.16585	
0.028696	0.044233	0.051961	0.060199	0.067017	0.065995	0.069126	0.08092	0.085885	0.089106	0.094712	0.098614	0.11021	0.11743	0.12493	0.12736	0.12894	0.1346	0.1396	0.14576	0.15067	0.15666	0.16261	0.16684	
0.034461	0.04963	0.061284	0.067553	0.066281	0.069022	0.082307	0.085956	0.08883	0.09452	0.097451	0.10909	0.11524	0.12221	0.12455	0.1259	0.13141	0.13624	0.14242	0.14734	0.15331	0.15918	0.16329	0.16453	
0.029248	0.060876	0.072283	0.068407	0.069922	0.085135	0.087858	0.090041	0.095616	0.097828	0.10938	0.11472	0.12125	0.12364	0.12487	0.13038	0.1351	0.14136	0.14629	0.15217	0.15802	0.16133	0.16231	0.16602	
0.041926	0.054428	0.061798	0.064334	0.083239	0.086032	0.087802	0.09324	0.095389	0.10755	0.11287	0.11796	0.12043	0.12135	0.12687	0.13152	0.13784	0.14278	0.14865	0.15441	0.15758	0.1582	0.16166	0.1652	
0.040891	0.055519	0.060422	0.081171	0.082755	0.083167	0.089062	0.091054	0.10433	0.10941	0.11431	0.11784	0.11853	0.12417	0.12871	0.13518	0.14027	0.14619	0.15202	0.15518	0.15551	0.15871	0.162	0.1669	
0.024707	0.049751	0.075851	0.07665	0.075413	0.083064	0.083799	0.097659	0.10129	0.10564	0.11029	0.1108	0.11664	0.12108	0.12764	0.13266	0.13869	0.1445	0.14756	0.14757	0.15061	0.15366	0.15842	0.16147	
0.035393	0.075105	0.071942	0.068423	0.076915	0.076533	0.091554	0.095682	0.10072	0.1055	0.10592	0.11189	0.11636	0.1231	0.12806	0.13411	0.13984	0.14275	0.14246	0.14527	0.14818	0.15302	0.15584	0.1594	
0.053209	0.060948	0.056772	0.068253	0.067464	0.084307	0.089006	0.094194	0.09957	0.098993	0.10508	0.10964	0.11623	0.12091	0.12687	0.13264	0.13547	0.1365	0.13935	0.14211	0.14701	0.14981	0.15346	0.15878	
0.026138	0.041926	0.056383	0.059455	0.078952	0.085476	0.090705	0.095931	0.09519	0.10115	0.10567	0.11271	0.11765	0.12331	0.12893	0.1316	0.13074	0.13372	0.13639	0.14151	0.14449	0.14804	0.15347	0.15287	
0.023868	0.058378	0.059162	0.081582	0.086114	0.089261	0.09539	0.094119	0.099768	0.10401	0.11098	0.11591	0.12145	0.12693	0.12934	0.12801	0.13084	0.13318	0.13816	0.14094	0.14443	0.14966	0.14905	0.15258	
0.046591	0.057284	0.082475	0.083864	0.085288	0.091892	0.089775	0.094742	0.098704	0.10557	0.11016	0.11553	0.12096	0.12319	0.12265	0.12568	0.12806	0.13339	0.13637	0.14018	0.14552	0.14512	0.1488	0.14989	
0.035047	0.073358	0.073714	0.074099	0.08705	0.082711	0.088287	0.092272	0.099252	0.10401	0.10915	0.11462	0.11676	0.1159	0.11919	0.12091	0.12649	0.12994	0.13299	0.13839	0.13842	0.14238	0.14376	0.14838	
0.074814	0.069715	0.068665	0.08131	0.077348	0.082307	0.08603	0.094671	0.099262	0.10468	0.11031	0.11239	0.11163	0.11539	0.11748	0.12299	0.12679	0.12972	0.13519	0.13567	0.13982	0.14148	0.14629	0.14829	
0.043659	0.049507	0.072142	0.069431	0.075606	0.079124	0.087378	0.09224	0.097488	0.10333	0.10541	0.10461	0.10887	0.11101	0.11673	0.12085	0.12426	0.12952	0.13065	0.13517	0.13728	0.1424	0.14452	0.14835	
0.031683	0.050861	0.059949	0.069791	0.076643	0.086354	0.090598	0.095659	0.10166	0.10344	0.10281	0.1076	0.10986	0.11579	0.11984	0.12348	0.12869	0.13033	0.13482	0.13674	0.1419	0.14399	0.14781	0.14995	
0.040613	0.05987	0.070848	0.075826	0.083811	0.087153	0.091354	0.096934	0.098086	0.097214	0.10207	0.10389	0.10982	0.11328	0.11729	0.12285	0.1255	0.13055	0.13304	0.13864	0.14083	0.14485	0.14682	0.14825	
0.032492	0.067527	0.070079	0.0792	0.084811	0.088995	0.094321	0.094214	0.092766	0.09771	0.098947	0.10476	0.10862	0.11357	0.11974	0.12346	0.12893	0.13214	0.1382	0.14048	0.14427	0.14592	0.14682	0.15216	
0.044719	0.053973	0.067317	0.072644	0.077956	0.084288	0.084622	0.084593	0.092242	0.095294	0.10304	0.1079	0.11408	0.12122	0.12547	0.13143	0.13489	0.14162	0.14413	0.1482	0.15009	0.15115	0.15671	0.16281	
0.028558	0.054835	0.062353	0.068407	0.07585	0.076643	0.077232	0.086909	0.090789	0.099832	0.1057	0.11258	0.12066	0.12561	0.13228	0.13616	0.14257	0.14548	0.15002	0.15195	0.15299	0.1586	0.1648	0.17028	
0.039307	0.046686	0.059679	0.068674	0.069681	0.071061	0.082292	0.087247	0.097753	0.10447	0.11249	0.12136	0.12643	0.13352	0.13735	0.14432	0.14735	0.15212	0.15377	0.1548	0.16066	0.16709	0.17278	0.17801	
0.024872	0.048358	0.057888	0.05942	0.06287	0.076912	0.083223	0.095759	0.10385	0.11315	0.123	0.12819	0.13567	0.13932	0.14665	0.14983	0.15486	0.15659	0.15721	0.16334	0.17006	0.176	0.18142	0.19143	
0.024978	0.044553	0.052178	0.06163	0.079282	0.08626	0.099953	0.10798	0.11683	0.12588	0.13007	0.13733	0.14022	0.14719	0.14997	0.15464	0.15607	0.1565	0.16289	0.17035	0.1771	0.18339	0.19417	0.20671	
0.031505	0.048045	0.055817	0.07529	0.083643	0.097995	0.10522	0.11353	0.12229	0.12594	0.13299	0.1352	0.1421	0.14481	0.1495	0.1511	0.15173	0.15876	0.16708	0.17467	0.18162	0.19292	0.2055	0.22111	
0.034275	0.046919	0.072684	0.082373	0.096188	0.10182	0.10934	0.11763	0.12101	0.12766	0.12935	0.13617	0.13861	0.14281	0.1444	0.14544	0.15317	0.1626	0.17121	0.17904	0.19095	0.20349	0.21903	0.23691	
0.035043	0.074959	0.080158	0.091345	0.095271	0.10272	0.10934	0.1136	0.11967	0.12066	0.12748	0.12944	0.13358	0.1354	0.13718	0.14566	0.1566	0.16675	0.17583	0.18853	0.20062	0.21586	0.23345	0.25442	
0.061291	0.060841	0.072645	0.07791	0.087024	0.093664	0.099679	0.10639	0.10749	0.11518	0.11714	0.12141	0.12399	0.12697	0.13677	0.14923	0.16074	0.17062	0.18357	0.19494	0.20975	0.22697	0.24742	0.27383	
0.030334	0.051817	0.060652	0.072395	0.080034	0.088523	0.096036	0.096862	0.10515	0.10749	0.11205	0.11628	0.12097	0.13262	0.14658	0.15853	0.1679	0.17993	0.18856	0.20292	0.21939	0.23925	0.26412	0.28655	
0.049084	0.062308	0.072388	0.080613	0.08852	0.095243	0.094758	0.10285	0.10484	0.10913	0.11413	0.11987	0.13269	0.14701	0.15778	0.16538	0.17582	0.18291	0.19628	0.21268	0.23184	0.2552	0.277	0.29573	
0.022677	0.051011	0.066967	0.076125	0.083834	0.082687	0.092799	0.096011	0.10134	0.1082	0.1154	0.12943	0.14337	0.15252	0.15843	0.16759	0.17381	0.18733	0.20482	0.22511	0.2484	0.27027	0.28954	0.30272	
0.041283	0.055944	0.074883	0.080576	0.079271	0.08947	0.092598	0.097643	0.10676	0.11533	0.12937	0.14136	0.14828	0.15245	0.16025	0.16648	0.18023	0.19825	0.21773	0.24045	0.26257	0.2821	0.29522	0.30571	
0.02106	0.069763	0.07517	0.073473	0.085991	0.090355	0.096562	0.10695	0.1138	0.12648	0.13622	0.14108	0.14373	0.15093	0.15678	0.17177	0.19134	0.21197	0.23483	0.25787	0.27794	0.28856	0.29847	0.31234	
0.027101	0.080276	0.073668	0.089321	0.093097	0.098126	0.10609	0.10962	0.12067	0.12843	0.13203	0.13386	0.14095	0.14662	0.16203	0.18353	0.20489	0.22798	0.25203	0.2728	0.28367	0.29382	0.30782	0.32286	
0.044181	0.059264	0.085576	0.09571	0.10191	0.11003	0.11112	0.12082	0.12642	0.12879	0.12982	0.13646	0.14173	0.15812	0.18091	0.20105	0.22402	0.24859	0.27019	0.28085	0.29052	0.30406	0.31865	0.33394	
0.026132	0.071949	0.078465	0.085955	0.092795	0.092772	0.10419	0.10954	0.11171	0.11316	0.12065	0.12673	0.14501	0.16991	0.1911	0.21491	0.24086	0.26336	0.27443	0.28421	0.29783	0.31228	0.32832	0.34768	
0.075781	0.078595	0.086012	0.089603	0.087923	0.099545	0.10445	0.10601	0.10707	0.11464	0.11974	0.13916	0.16555	0.18724	0.21064	0.23714	0.25966	0.2703	0.27934	0.29219	0.30613	0.32264	0.34391	0.35787	
0.029827	0.056806	0.068442	0.067903	0.083983	0.089666	0.091239	0.092008	0.10049	0.10634	0.12863	0.15818	0.18174	0.20672	0.23389	0.25665	0.26728	0.27393	0.28642	0.30023	0.31757	0.34003	0.355	0.37067	
0.042915	0.067586	0.064877	0.08357	0.089136	0.088999	0.088458	0.096225	0.10182	0.12593	0.15707	0.18118	0.20636	0.23329	0.25575	0.2658	0.27156	0.28339	0.29718	0.31504	0.33839	0.35442	0.37039	0.36501	
0.03205	0.056556	0.080572	0.081612	0.080066	0.07936	0.086995	0.093083	0.12033	0.15348	0.17843	0.20367	0.2309	0.25305	0.26209	0.26675	0.27772	0.29148	0.31035	0.33482	0.35195	0.36831	0.36358	0.36687	
0.022558	0.073574	0.078099	0.074782	0.074015	0.082653	0.089699	0.12291	0.15798	0.1858	0.21161	0.23461	0.25679	0.26467	0.26836	0.27839	0.2919	0.31173	0.33711	0.35511	0.37131	0.36707	0.37072	0.38917	
0.070774	0.064053	0.063325	0.06352	0.073838	0.083367	0.12087	0.15872	0.18792	0.21402	0.23752	0.25552	0.26096	0.2636	0.273	0.28687	0.30781	0.33435	0.35344	0.3697	0.36593	0.37011	0.3885	0.3995	
0.033671	0.045536	0.048457	0.063232	0.076523	0.11833	0.15888	0.19087	0.21693	0.24035	0.25742	0.26149	0.26351	0.27235	0.28651	0.30819	0.33508	0.35517	0.37157	0.36861	0.37434	0.39159	0.41009	0.42997	
0.025124	0.038535	0.062416	0.07694	0.11805	0.15898	0.18901	0.21274	0.23835	0.2588	0.25755	0.25929	0.26888	0.28529	0.30562	0.33458	0.35273	0.36887	0.36596	0.37196	0.38954	0.40845	0.42989	0.46402	
0.028866	0.057596	0.073085	0.11992	0.16191	0.19075	0.21259	0.23673	0.25553	0.25369	0.25482	0.26419	0.28113	0.30198	0.33203	0.35062	0.36634	0.36341	0.36971	0.38766	0.40712	0.42952	0.46381	0.49564	
0.036872	0.064779	0.12342	0.16755	0.19216	0.21115	0.23256	0.24833	0.24889	0.24977	0.25901	0.27641	0.29762	0.32904	0.34789	0.36324	0.36037	0.36708	0.38543	0.41323	0.42878	0.46337	0.49568	0.53274	
