1360	1208	1114	1058	994	970	929	899	870	836	807	787	768	752	741	734	722	714	704	698	692	690	688	679	
1413	1261	1167	1077	1043	1001	962	931	895	868	854	834	816	803	796	779	773	761	755	750	746	743	736	727	
1477	1323	1184	1139	1081	1045	1033	1004	990	971	957	941	924	915	907	902	888	882	877	869	863	854	843	840	
1461	1278	1212	1133	1090	1075	1044	1026	1009	996	980	970	962	951	944	932	925	918	911	905	897	884	881	874	
1453	1323	1209	1140	1111	1076	1058	1041	1028	1008	995	986	977	970	958	950	945	936	930	922	911	908	902	896	
1527	1313	1212	1172	1131	1110	1089	1068	1047	1031	1019	1007	1000	989	981	975	966	959	951	939	936	928	922	919	
1453	1295	1229	1176	1150	1123	1098	1072	1055	1042	1029	1020	1007	998	990	981	973	963	951	947	939	933	929	920	
1469	1326	1252	1214	1174	1146	1113	1094	1079	1066	1055	1040	1028	1020	1010	1002	992	980	974	965	957	949	940	934	
1493	1353	1289	1231	1192	1149	1125	1107	1091	1077	1062	1048	1039	1027	1017	1006	993	986	977	969	961	951	945	935	
1493	1370	1290	1230	1180	1149	1128	1111	1091	1075	1061	1052	1039	1029	1018	1004	996	986	976	968	958	952	942	938	
1528	1408	1323	1248	1205	1179	1158	1132	1114	1097	1085	1071	1058	1044	1030	1021	1008	996	987	976	969	959	955	949	
1583	1410	1309	1252	1218	1193	1163	1143	1125	1110	1096	1082	1068	1053	1044	1031	1018	1008	997	990	980	975	969	968	
1549	1388	1307	1264	1226	1194	1170	1149	1134	1119	1104	1085	1069	1059	1045	1030	1020	1007	1000	990	984	978	977	970	
1485	1370	1308	1260	1223	1195	1172	1150	1133	1115	1094	1077	1066	1052	1035	1025	1011	1004	994	988	982	981	974	967	
1509	1402	1321	1270	1228	1203	1177	1159	1139	1116	1099	1086	1069	1051	1039	1025	1018	1007	1001	995	994	987	980	979	
1513	1393	1319	1271	1237	1206	1184	1161	1135	1117	1102	1085	1067	1055	1038	1030	1019	1011	1005	1003	996	989	987	983	
1504	1376	1303	1263	1225	1200	1171	1146	1127	1111	1092	1074	1062	1045	1037	1025	1017	1011	1009	1002	995	993	988	984	
1504	1387	1320	1267	1233	1202	1173	1153	1132	1109	1091	1079	1060	1050	1038	1030	1024	1020	1012	1005	1003	998	994	986	
1512	1393	1312	1270	1230	1198	1174	1152	1128	1108	1094	1073	1058	1046	1038	1032	1028	1020	1013	1011	1005	1000	992	984	
1519	1390	1320	1266	1223	1195	1172	1147	1125	1111	1087	1071	1058	1049	1042	1038	1029	1022	1020	1013	1008	1000	992	986	
1523	1399	1312	1259	1223	1198	1166	1144	1129	1105	1088	1074	1064	1055	1051	1042	1035	1033	1025	1019	1010	1002	996	985	
1513	1393	1307	1259	1225	1191	1164	1146	1119	1101	1086	1075	1064	1060	1051	1043	1041	1029	1023	1014	1006	1000	989	981	
1523	1388	1311	1267	1224	1189	1166	1136	1117	1099	1088	1072	1068	1059	1050	1048	1036	1030	1021	1012	1005	994	986	975	
1503	1389	1321	1267	1221	1193	1160	1138	1117	1103	1086	1081	1072	1062	1060	1048	1041	1032	1022	1015	1004	995	982	979	
1517	1401	1321	1267	1230	1194	1169	1146	1126	1108	1103	1094	1084	1081	1068	1060	1050	1040	1032	1021	1012	998	994	988	
1538	1410	1323	1275	1229	1198	1173	1151	1132	1125	1115	1104	1100	1083	1075	1063	1052	1043	1032	1023	1009	1005	998	993	
1543	1406	1327	1273	1229	1200	1174	1155	1145	1135	1122	1116	1096	1086	1071	1059	1050	1039	1028	1014	1010	1003	998	991	
1540	1410	1324	1267	1232	1204	1182	1169	1157	1138	1130	1110	1101	1086	1073	1064	1053	1042	1028	1024	1017	1010	1003	995	
1554	1403	1329	1282	1246	1211	1192	1178	1157	1149	1127	1116	1101	1086	1076	1064	1051	1037	1033	1026	1018	1011	1003	996	
1532	1406	1338	1285	1241	1217	1203	1177	1168	1142	1130	1113	1097	1087	1075	1062	1049	1044	1036	1028	1021	1012	1005	1002	
1547	1419	1346	1282	1249	1229	1197	1185	1157	1140	1123	1107	1097	1083	1069	1055	1050	1042	1034	1027	1018	1011	1008	1003	
1558	1434	1346	1301	1274	1233	1217	1182	1163	1143	1125	1114	1097	1081	1066	1060	1051	1043	1036	1027	1019	1016	1011	1003	
1580	1437	1361	1318	1265	1246	1203	1179	1156	1134	1120	1102	1086	1071	1065	1056	1048	1041	1032	1023	1020	1015	1007	1002	
1568	1445	1374	1305	1279	1229	1204	1178	1154	1139	1119	1100	1084	1076	1066	1057	1050	1040	1030	1027	1022	1014	1009	1004	
1566	1456	1358	1327	1266	1235	1204	1178	1162	1137	1115	1097	1089	1078	1068	1061	1050	1038	1035	1029	1021	1016	1011	1007	
1598	1443	1387	1305	1259	1226	1197	1177	1151	1128	1110	1102	1089	1078	1069	1057	1045	1042	1035	1027	1022	1017	1013	1003	
1560	1453	1355	1291	1256	1223	1196	1168	1142	1124	1115	1101	1090	1080	1068	1054	1050	1043	1035	1030	1025	1019	1009	999	
1569	1423	1338	1291	1245	1216	1182	1154	1133	1122	1108	1096	1086	1074	1060	1056	1048	1040	1035	1030	1023	1013	1003	997	
1547	1420	1352	1290	1245	1203	1168	1144	1132	1117	1105	1094	1082	1067	1061	1053	1045	1040	1035	1028	1018	1008	1002	998	
1525	1418	1331	1272	1219	1180	1155	1142	1125	1113	1102	1088	1073	1066	1058	1049	1044	1039	1032	1021	1010	1004	1000	995	
1553	1427	1337	1272	1218	1189	1169	1147	1134	1122	1104	1089	1081	1072	1062	1057	1051	1043	1031	1020	1014	1009	1004	999	
1552	1409	1323	1260	1223	1198	1172	1150	1138	1117	1101	1090	1080	1070	1064	1056	1047	1033	1022	1016	1011	1006	1001	996	
1525	1397	1311	1260	1226	1196	1168	1154	1131	1114	1102	1091	1081	1075	1065	1056	1042	1030	1024	1017	1012	1007	1001	995	
1527	1394	1323	1278	1238	1206	1186	1160	1142	1128	1116	1102	1094	1082	1071	1055	1043	1036	1029	1024	1018	1012	1006	1002	
1524	1412	1337	1276	1233	1208	1179	1158	1142	1130	1115	1105	1093	1081	1065	1051	1044	1037	1032	1024	1018	1011	1007	1006	
1550	1432	1349	1288	1258	1223	1196	1174	1160	1145	1132	1119	1106	1089	1073	1064	1056	1048	1039	1033	1026	1021	1020	1014	
1563	1433	1353	1309	1265	1236	1210	1194	1177	1160	1144	1130	1112	1091	1082	1072	1061	1051	1045	1038	1032	1031	1025	1019	
1563	1435	1361	1307	1265	1235	1219	1200	1179	1162	1148	1127	1104	1095	1083	1071	1061	1055	1048	1042	1039	1032	1026	1018	
1564	1436	1355	1298	1262	1242	1218	1195	1175	1158	1136	1111	1102	1089	1077	1067	1061	1054	1048	1045	1038	1032	1024	1018	
1582	1456	1369	1318	1284	1252	1223	1202	1181	1157	1130	1117	1102	1089	1078	1070	1063	1056	1053	1046	1040	1032	1025	1020	
1582	1444	1369	1319	1277	1244	1220	1193	1168	1139	1125	1110	1096	1083	1075	1066	1059	1055	1048	1042	1034	1027	1022	1017	
1590	1455	1377	1317	1275	1247	1213	1186	1155	1139	1119	1103	1089	1080	1071	1064	1060	1053	1047	1038	1031	1026	1021	1006	
1577	1447	1366	1319	1282	1245	1212	1179	1161	1139	1123	1108	1098	1086	1079	1074	1067	1061	1052	1044	1039	1031	1015	1005	
1545	1422	1360	1311	1269	1233	1195	1175	1152	1134	1117	1107	1093	1086	1080	1073	1066	1056	1048	1043	1035	1019	1009	1003	
1554	1449	1370	1314	1271	1219	1196	1172	1154	1134	1122	1105	1096	1089	1081	1074	1063	1054	1048	1040	1024	1014	1008	1005	
1592	1447	1371	1317	1255	1222	1196	1176	1155	1140	1120	1112	1100	1092	1085	1074	1063	1056	1048	1032	1021	1015	1012	1006	
1555	1441	1371	1295	1252	1221	1196	1172	1154	1133	1124	1113	1102	1095	1084	1073	1065	1057	1039	1026	1019	1016	1010	1005	
1570	1454	1359	1301	1264	1228	1199	1179	1154	1142	1130	1119	1111	1099	1087	1077	1067	1048	1032	1024	1021	1015	1009	1005	
1586	1441	1353	1306	1259	1225	1200	1172	1157	1144	1133	1124	1110	1096	1085	1075	1056	1038	1030	1027	1021	1015	1010	1003	
1572	1433	1373	1313	1265	1228	1198	1178	1162	1151	1141	1125	1110	1099	1089	1070	1049	1041	1037	1031	1025	1020	1013	1008	
1561	1460	1374	1309	1266	1226	1200	1182	1167	1155	1138	1124	1112	1101	1079	1057	1049	1045	1039	1033	1028	1021	1016	1012	
1601	1463	1371	1315	1267	1237	1213	1190	1174	1155	1141	1127	1114	1091	1069	1060	1055	1047	1041	1036	1028	1023	1019	1014	
1596	1444	1364	1301	1269	1239	1212	1196	1176	1159	1145	1130	1105	1083	1071	1066	1057	1049	1044	1036	1030	1025	1020	1013	
1563	1444	1353	1309	1268	1238	1218	1196	1173	1158	1142	1116	1094	1080	1074	1065	1056	1051	1043	1036	1030	1025	1018	1013	
1579	1439	1362	1312	1272	1247	1222	1193	1175	1156	1128	1105	1090	1084	1073	1065	1059	1051	1044	1036	1031	1024	1019	1015	
1574	1446	1375	1313	1282	1248	1212	1191	1170	1143	1117	1100	1093	1081	1073	1066	1058	1051	1042	1037	1030	1024	1020	1014	
1583	1456	1366	1321	1273	1233	1206	1180	1151	1127	1109	1101	1089	1079	1072	1063	1055	1046	1041	1034	1028	1023	1017	1009	
1591	1442	1380	1316	1268	1233	1201	1169	1144	1124	1116	1103	1093	1085	1074	1066	1057	1052	1045	1038	1033	1027	1018	1010	
1547	1454	1368	1306	1263	1226	1190	1165	1146	1134	1118	1107	1098	1086	1078	1069	1063	1056	1048	1042	1035	1026	1018	1015	
1590	1453	1371	1315	1266	1220	1189	1163	1148	1128	1114	1104	1091	1083	1073	1067	1059	1052	1045	1038	1029	1020	1017	1013	
1575	1443	1368	1302	1250	1212	1184	1166	1143	1128	1117	1104	1093	1083	1076	1069	1060	1052	1045	1035	1026	1023	1019	1017	
1571	1438	1352	1289	1244	1206	1188	1164	1144	1132	1118	1103	1093	1087	1079	1068	1060	1053	1043	1033	1029	1024	1022	1016	
1577	1436	1340	1285	1231	1208	1183	1162	1144	1130	1114	1101	1094	1086	1074	1065	1058	1048	1038	1034	1029	1027	1021	1017	
1571	1427	1342	1270	1244	1211	1187	1165	1148	1131	1117	1110	1101	1087	1076	1068	1058	1046	1041	1035	1033	1027	1022	1017	
1533	1417	1323	1285	1244	1218	1192	1172	1153	1136	1126	1117	1102	1091	1080	1070	1058	1052	1045	1043	1037	1032	1027	1022	
1561	1406	1344	1289	1255	1221	1197	1175	1158	1144	1134	1117	1106	1094	1083	1069	1063	1054	1051	1045	1039	1034	1029	1026	
1521	1420	1345	1300	1261	1228	1200	1181	1164	1154	1137	1126	1114	1102	1088	1082	1073	1070	1064	1058	1053	1047	1043	1040	
1556	1422	1362	1310	1265	1230	1209	1187	1175	1155	1143	1128	1115	1101	1094	1084	1081	1075	1069	1063	1057	1053	1049	1039	
1549	1436	1363	1312	1267	1233	1212	1195	1171	1157	1141	1128	1113	1104	1094	1089	1083	1077	1071	1065	1061	1057	1047	1039	
1571	1443	1362	1309	1268	1240	1219	1190	1175	1158	1144	1128	1118	1106	1100	1094	1088	1082	1075	1070	1066	1056	1048	1038	
1570	1426	1351	1298	1259	1239	1204	1186	1168	1154	1137	1127	1115	1108	1102	1095	1089	1081	1076	1072	1061	1053	1043	1039	
1547	1419	1345	1300	1268	1225	1204	1181	1165	1147	1137	1124	1117	1110	1101	1095	1087	1082	1078	1067	1059	1048	1044	1039	
1536	1416	1352	1308	1254	1230	1201	1180	1160	1149	1135	1127	1120	1111	1105	1097	1091	1087	1076	1067	1056	1052	1047	1042	
1558	1446	1368	1300	1263	1230	1208	1186	1174	1155	1145	1136	1126	1117	1107	1100	1096	1084	1075	1063	1059	1053	1048	1045	
1564	1437	1349	1299	1259	1230	1203	1189	1169	1158	1147	1136	1127	1118	1110	1105	1093	1084	1071	1067	1060	1055	1051	1049	
1580	1419	1354	1297	1256	1228	1211	1187	1174	1160	1148	1139	1128	1119	1114	1100	1091	1078	1073	1066	1061	1057	1055	1054	
1541	1426	1343	1291	1252	1230	1202	1185	1169	1154	1144	1133	1121	1116	1102	1093	1080	1074	1067	1062	1058	1056	1055	1051	
1555	1419	1345	1289	1258	1221	1201	1183	1167	1155	1145	1132	1126	1111	1099	1086	1080	1073	1067	1063	1060	1058	1054	1052	
1565	1441	1345	1302	1256	1226	1206	1186	1172	1158	1145	1139	1123	1110	1095	1087	1079	1073	1069	1066	1062	1058	1056	1023	
1559	1411	1351	1292	1255	1232	1209	1194	1177	1158	1150	1133	1120	1104	1095	1085	1079	1075	1072	1068	1064	1062	1028	1015	
1539	1427	1346	1296	1263	1236	1220	1201	1178	1168	1149	1132	1115	1105	1095	1088	1084	1081	1076	1071	1069	1034	1021	1013	
1565	1430	1352	1300	1270	1247	1226	1199	1186	1165	1147	1130	1120	1110	1103	1099	1095	1090	1084	1082	1046	1032	1024	1018	
1585	1449	1372	1323	1291	1263	1234	1216	1193	1168	1148	1136	1122	1114	1110	1105	1100	1093	1091	1053	1038	1030	1023	1019	
1580	1448	1379	1339	1291	1257	1236	1211	1184	1162	1149	1134	1123	1119	1113	1107	1100	1095	1057	1042	1034	1027	1023	1017	
1594	1465	1405	1341	1298	1269	1237	1203	1179	1165	1147	1136	1131	1124	1117	1110	1105	1066	1051	1043	1036	1032	1025	1015	
1595	1474	1386	1333	1295	1259	1221	1191	1173	1154	1142	1137	1128	1120	1113	1108	1070	1055	1046	1039	1034	1027	1017	1013	
1601	1465	1386	1338	1291	1248	1212	1192	1169	1154	1148	1138	1130	1123	1116	1078	1062	1053	1046	1041	1034	1024	1020	1017	
1569	1441	1379	1322	1278	1239	1216	1188	1170	1161	1150	1141	1132	1124	1084	1068	1059	1051	1046	1038	1027	1022	1019	1014	
1558	1452	1366	1308	1266	1239	1208	1185	1174	1161	1151	1142	1134	1094	1078	1069	1061	1054	1044	1033	1028	1023	1017	1010	
1572	1432	1355	1300	1263	1228	1204	1188	1174	1161	1152	1142	1101	1084	1075	1066	1059	1048	1037	1032	1027	1021	1014	1011	
1553	1432	1351	1299	1260	1232	1206	1190	1174	1163	1150	1109	1092	1081	1072	1065	1054	1043	1038	1033	1027	1020	1016	1013	
1569	1433	1356	1297	1263	1232	1211	1192	1178	1164	1118	1100	1089	1079	1071	1060	1049	1044	1039	1033	1026	1021	1018	1016	
1560	1434	1345	1297	1257	1234	1213	1197	1182	1135	1117	1105	1094	1086	1074	1061	1056	1048	1042	1035	1029	1026	1024	1017	
1552	1424	1351	1303	1266	1235	1214	1199	1150	1129	1117	1106	1097	1085	1072	1067	1059	1053	1045	1039	1035	1033	1025	1022	
1531	1418	1355	1306	1264	1240	1222	1171	1146	1133	1122	1113	1101	1088	1083	1075	1068	1058	1052	1048	1045	1034	1030	1027	
1546	1439	1367	1307	1272	1245	1189	1161	1146	1130	1121	1109	1095	1089	1080	1073	1063	1057	1052	1048	1037	1033	1030	1022	
1573	1447	1367	1322	1292	1227	1190	1172	1158	1146	1131	1114	1105	1095	1088	1078	1072	1067	1063	1052	1048	1044	1036	1028	
1581	1449	1378	1336	1262	1218	1194	1172	1157	1142	1124	1115	1104	1096	1085	1079	1074	1070	1059	1055	1050	1042	1034	1026	
1570	1455	1391	1303	1254	1224	1199	1179	1162	1141	1130	1118	1108	1097	1090	1085	1081	1069	1065	1059	1049	1041	1033	1031	
1562	1454	1341	1282	1246	1221	1196	1177	1154	1141	1128	1118	1107	1098	1092	1088	1076	1072	1066	1056	1048	1040	1038	1032	
1586	1418	1341	1286	1248	1217	1197	1173	1155	1142	1130	1117	1107	1101	1094	1082	1077	1070	1060	1052	1043	1041	1035	1028	
1534	1420	1349	1291	1254	1231	1204	1184	1167	1153	1138	1126	1120	1113	1101	1094	1086	1076	1067	1058	1054	1046	1039	1035	
1595	1472	1392	1339	1306	1273	1247	1224	1205	1186	1174	1168	1158	1144	1137	1129	1117	1107	1096	1090	1082	1075	1070	1065	
1606	1474	1392	1344	1300	1268	1244	1223	1202	1189	1180	1170	1156	1147	1139	1127	1117	1106	1099	1090	1083	1078	1073	1068	
1601	1463	1402	1340	1300	1271	1243	1219	1204	1194	1181	1166	1157	1147	1135	1124	1112	1105	1096	1088	1083	1078	1073	1069	
1609	1488	1395	1343	1302	1268	1240	1222	1209	1195	1179	1170	1158	1145	1132	1120	1112	1103	1095	1090	1085	1080	1076	1068	
1591	1463	1389	1340	1298	1265	1245	1224	1204	1188	1176	1162	1146	1133	1121	1113	1104	1095	1090	1085	1080	1076	1068	1064	
1607	1474	1397	1339	1303	1280	1249	1226	1206	1193	1179	1163	1149	1136	1125	1115	1105	1100	1094	1088	1083	1075	1071	1064	
1611	1474	1388	1341	1314	1275	1248	1225	1208	1193	1176	1162	1148	1136	1124	1113	1107	1101	1095	1090	1082	1077	1070	1065	
1601	1466	1402	1363	1316	1282	1254	1232	1216	1196	1180	1164	1150	1137	1125	1117	1111	1103	1097	1089	1084	1076	1071	1065	
1593	1472	1413	1351	1310	1278	1253	1233	1210	1193	1174	1158	1143	1131	1123	1117	1108	1102	1094	1088	1080	1075	1069	1065	
1596	1490	1408	1352	1314	1279	1252	1226	1208	1188	1171	1156	1142	1132	1124	1115	1108	1100	1093	1085	1079	1073	1069	1066	
1629	1493	1416	1360	1321	1291	1264	1236	1213	1192	1174	1158	1146	1138	1129	1119	1111	1103	1094	1088	1081	1076	1073	1068	
1611	1491	1413	1356	1318	1283	1254	1230	1209	1189	1172	1160	1151	1139	1127	1119	1111	1101	1094	1087	1082	1079	1074	1071	
1595	1471	1400	1350	1306	1272	1245	1222	1201	1184	1171	1161	1146	1134	1126	1116	1106	1098	1091	1086	1083	1078	1075	1070	
1594	1478	1406	1346	1306	1273	1243	1221	1204	1189	1179	1163	1150	1139	1124	1114	1105	1098	1092	1087	1082	1079	1074	1066	
1597	1484	1397	1340	1304	1266	1240	1220	1203	1191	1172	1159	1147	1132	1122	1111	1104	1097	1091	1086	1082	1077	1069	1061	
1610	1473	1394	1343	1300	1267	1244	1223	1209	1188	1173	1162	1143	1132	1121	1114	1106	1099	1093	1088	1083	1075	1067	1062	
1592	1463	1394	1336	1299	1272	1245	1230	1202	1185	1173	1152	1142	1129	1119	1111	1103	1096	1092	1087	1079	1070	1065	1064	
1586	1469	1386	1332	1298	1268	1251	1219	1200	1188	1167	1156	1142	1131	1122	1114	1107	1102	1094	1085	1076	1071	1069	1063	
1615	1468	1395	1349	1309	1286	1247	1227	1213	1189	1173	1157	1143	1133	1124	1117	1110	1100	1091	1082	1077	1075	1069	1064	
1602	1476	1411	1360	1328	1273	1248	1233	1207	1190	1170	1155	1144	1135	1126	1115	1104	1095	1086	1080	1078	1072	1067	1065	
1578	1470	1401	1359	1299	1272	1255	1227	1209	1187	1171	1159	1150	1141	1130	1116	1107	1098	1091	1088	1082	1076	1074	1068	
1614	1487	1416	1338	1306	1286	1255	1232	1206	1189	1174	1164	1153	1142	1126	1117	1105	1098	1095	1089	1082	1079	1073	1065	
1596	1490	1387	1344	1313	1278	1248	1219	1202	1186	1175	1164	1152	1135	1124	1112	1104	1099	1092	1085	1082	1076	1068	1065	
1613	1462	1389	1346	1302	1271	1239	1218	1200	1186	1174	1161	1144	1132	1118	1109	1104	1097	1090	1087	1081	1073	1070	1063	
1595	1464	1400	1335	1300	1265	1238	1217	1200	1187	1173	1156	1143	1129	1118	1110	1103	1096	1093	1087	1079	1075	1068	1062	
1584	1482	1389	1341	1299	1265	1241	1219	1203	1187	1169	1156	1140	1129	1121	1110	1103	1100	1094	1086	1079	1072	1066	1056	
1616	1467	1398	1348	1299	1267	1241	1222	1205	1187	1173	1155	1143	1132	1121	1112	1108	1102	1094	1086	1079	1073	1063	1057	
1610	1491	1417	1345	1300	1268	1245	1226	1204	1188	1170	1158	1145	1132	1122	1118	1111	1103	1095	1088	1080	1070	1064	1058	
1615	1492	1399	1334	1291	1268	1247	1218	1200	1183	1169	1156	1142	1132	1126	1117	1109	1101	1093	1084	1074	1068	1062	1054	
1620	1466	1376	1326	1294	1268	1238	1217	1198	1179	1165	1150	1140	1134	1123	1115	1107	1099	1090	1080	1073	1067	1059	1053	
1586	1445	1381	1332	1303	1264	1240	1219	1197	1183	1165	1154	1148	1137	1128	1117	1108	1099	1089	1081	1075	1067	1059	1054	
1589	1470	1386	1344	1292	1261	1237	1213	1198	1178	1166	1159	1147	1137	1126	1116	1107	1097	1089	1083	1075	1067	1062	1056	
1605	1470	1398	1330	1289	1259	1231	1213	1191	1177	1169	1156	1143	1131	1121	1112	1102	1094	1087	1078	1070	1064	1058	1052	
1603	1495	1399	1343	1300	1264	1239	1215	1199	1189	1172	1157	1144	1133	1124	1113	1103	1094	1084	1076	1070	1064	1058	1050	
1631	1490	1406	1356	1306	1274	1247	1228	1214	1192	1173	1159	1147	1137	1126	1115	1104	1093	1084	1078	1072	1065	1057	1049	
1616	1482	1406	1348	1300	1265	1243	1227	1203	1183	1169	1156	1145	1132	1120	1109	1097	1088	1082	1076	1069	1061	1053	1044	
1616	1489	1403	1334	1292	1266	1248	1221	1199	1185	1167	1155	1141	1128	1117	1105	1096	1090	1084	1077	1068	1060	1051	1042	
1602	1468	1381	1325	1297	1276	1243	1221	1202	1184	1171	1157	1142	1131	1119	1110	1104	1097	1089	1080	1071	1062	1053	1048	
1594	1456	1383	1341	1306	1263	1236	1215	1194	1179	1165	1150	1139	1127	1118	1112	1105	1097	1086	1077	1068	1059	1054	1050	
1588	1447	1378	1334	1280	1250	1223	1200	1185	1171	1156	1145	1133	1124	1118	1110	1101	1090	1080	1071	1062	1057	1053	1046	
1590	1468	1403	1336	1286	1258	1226	1207	1190	1171	1156	1144	1135	1129	1121	1111	1099	1088	1078	1069	1064	1060	1053	1047	
1601	1481	1386	1328	1290	1252	1231	1210	1187	1172	1156	1146	1140	1131	1121	1109	1098	1087	1076	1071	1066	1059	1053	1049	
1614	1480	1397	1340	1289	1264	1236	1212	1195	1175	1163	1156	1146	1133	1120	1108	1095	1084	1079	1074	1067	1061	1057	1054	
1601	1470	1391	1326	1295	1262	1236	1216	1193	1177	1169	1158	1144	1130	1118	1105	1093	1088	1083	1076	1070	1066	1063	1059	
1592	1467	1374	1329	1289	1257	1235	1207	1190	1181	1169	1155	1141	1128	1114	1101	1094	1089	1082	1076	1072	1069	1065	1061	
1600	1451	1382	1333	1296	1271	1237	1216	1204	1189	1175	1160	1145	1131	1118	1110	1104	1097	1091	1087	1083	1077	1070	1061	
1581	1460	1389	1333	1300	1262	1237	1224	1208	1192	1177	1162	1148	1134	1126	1117	1108	1101	1094	1090	1084	1076	1067	1059	
1592	1464	1384	1335	1286	1257	1244	1225	1203	1187	1172	1158	1139	1131	1122	1113	1104	1097	1093	1087	1078	1069	1061	1057	
1610	1480	1398	1340	1292	1274	1251	1226	1207	1191	1173	1151	1142	1133	1124	1115	1108	1102	1095	1086	1077	1067	1063	1054	
1615	1471	1385	1324	1303	1276	1245	1225	1206	1186	1164	1155	1143	1133	1124	1116	1110	1103	1093	1083	1071	1066	1057	1050	
1603	1455	1374	1341	1306	1270	1246	1222	1202	1180	1169	1156	1145	1135	1127	1121	1112	1099	1089	1077	1072	1062	1055	1049	
1587	1454	1387	1340	1298	1273	1244	1221	1196	1184	1170	1157	1147	1137	1131	1122	1108	1095	1083	1078	1067	1060	1054	1047	
1604	1470	1397	1341	1303	1273	1248	1220	1205	1188	1173	1160	1148	1140	1131	1117	1104	1092	1087	1076	1069	1063	1056	1052	
1587	1471	1394	1345	1307	1272	1239	1222	1202	1183	1170	1158	1149	1139	1125	1112	1100	1095	1084	1077	1071	1063	1059	1056	
1625	1479	1401	1355	1309	1271	1250	1223	1199	1183	1171	1161	1150	1135	1122	1110	1103	1092	1084	1078	1067	1063	1060	1054	
1589	1466	1400	1343	1298	1272	1240	1214	1196	1183	1170	1156	1140	1127	1115	1108	1096	1088	1082	1071	1066	1063	1057	1052	
1594	1471	1385	1333	1297	1261	1232	1212	1197	1183	1167	1149	1136	1123	1115	1103	1095	1089	1078	1073	1070	1064	1059	1054	
1615	1476	1401	1350	1309	1266	1242	1226	1209	1188	1169	1156	1139	1130	1117	1109	1102	1090	1085	1080	1074	1068	1062	1055	
1625	1480	1404	1349	1299	1267	1248	1229	1207	1185	1170	1151	1141	1128	1120	1113	1100	1095	1090	1083	1077	1070	1061	1041	
1605	1483	1402	1342	1303	1279	1255	1229	1200	1183	1162	1152	1138	1130	1122	1108	1103	1098	1090	1083	1075	1066	1046	1041	
1601	1469	1391	1336	1308	1275	1247	1216	1198	1175	1164	1147	1139	1129	1115	1108	1103	1095	1087	1079	1069	1049	1044	1037	
1589	1456	1381	1344	1305	1269	1237	1217	1194	1182	1164	1154	1142	1127	1120	1114	1106	1098	1090	1079	1058	1051	1043	1040	
1581	1454	1398	1349	1306	1266	1243	1215	1202	1182	1169	1156	1139	1131	1124	1115	1106	1098	1083	1062	1055	1046	1043	1037	
1612	1487	1413	1355	1301	1272	1232	1218	1194	1175	1159	1141	1133	1126	1117	1107	1099	1084	1063	1056	1047	1044	1037	1027	
1614	1492	1401	1335	1299	1256	1238	1209	1187	1168	1150	1139	1132	1123	1111	1102	1087	1066	1059	1050	1047	1040	1030	1020	
1630	1478	1392	1337	1286	1259	1227	1204	1182	1164	1152	1144	1133	1119	1109	1093	1071	1063	1054	1051	1044	1034	1024	1015	
1609	1465	1387	1316	1280	1244	1221	1197	1177	1164	1154	1142	1127	1117	1100	1077	1069	1060	1057	1050	1040	1029	1020	1013	
1576	1463	1362	1314	1270	1242	1213	1193	1178	1166	1152	1135	1124	1106	1082	1074	1065	1062	1055	1046	1033	1023	1014	1009	
1603	1447	1368	1318	1281	1247	1225	1200	1186	1170	1152	1138	1119	1093	1084	1075	1072	1065	1056	1040	1030	1021	1016	1007	
1588	1451	1372	1328	1287	1263	1231	1211	1192	1169	1154	1132	1101	1090	1081	1078	1071	1062	1047	1035	1026	1020	1011	1003	
1582	1453	1384	1332	1300	1262	1237	1210	1186	1169	1146	1113	1102	1091	1086	1079	1070	1055	1042	1033	1025	1016	1008	1002	
1586	1463	1385	1339	1289	1258	1226	1201	1182	1159	1125	1112	1101	1094	1087	1077	1062	1049	1040	1031	1022	1014	1008	1000	
1605	1466	1393	1327	1291	1255	1223	1202	1176	1140	1126	1114	1106	1097	1086	1071	1058	1049	1039	1030	1022	1015	1007	1002	
1603	1479	1389	1340	1301	1257	1232	1201	1163	1147	1133	1123	1112	1101	1086	1073	1062	1052	1040	1031	1024	1016	1010	1004	
1618	1473	1389	1340	1285	1256	1221	1182	1163	1147	1135	1124	1113	1098	1085	1072	1060	1047	1038	1030	1022	1016	1010	1003	
1597	1469	1398	1324	1286	1248	1204	1183	1165	1149	1137	1127	1110	1097	1081	1068	1055	1046	1038	1030	1024	1018	1010	1005	
1600	1484	1383	1326	1279	1231	1206	1186	1167	1153	1143	1125	1111	1094	1080	1067	1058	1050	1041	1034	1027	1017	1012	1000	
1630	1473	1380	1323	1270	1235	1211	1187	1169	1156	1137	1121	1103	1087	1074	1064	1056	1047	1039	1032	1021	1016	1003	981	
1587	1452	1361	1297	1256	1229	1203	1183	1167	1146	1129	1109	1092	1079	1069	1060	1051	1042	1035	1024	1019	1005	983	958	
1584	1432	1343	1295	1261	1229	1208	1188	1162	1142	1120	1102	1089	1078	1068	1059	1050	1043	1032	1027	1013	991	963	936	
1581	1426	1354	1303	1259	1233	1203	1172	1150	1127	1109	1095	1084	1074	1064	1055	1047	1036	1031	1017	994	966	938	922	
1560	1433	1357	1298	1263	1224	1192	1165	1141	1122	1106	1093	1083	1072	1062	1054	1043	1038	1023	999	970	941	925	912	
1554	1430	1356	1311	1268	1232	1198	1168	1145	1122	1108	1096	1083	1071	1062	1050	1044	1029	1005	974	945	929	916	907	
1595	1468	1400	1342	1300	1263	1221	1190	1166	1149	1134	1116	1103	1090	1077	1070	1053	1025	993	959	942	926	917	905	
1630	1495	1414	1357	1305	1255	1220	1192	1172	1154	1134	1119	1106	1090	1083	1065	1035	1002	967	950	933	923	911	878	
1603	1486	1402	1339	1286	1245	1216	1190	1167	1147	1131	1117	1099	1092	1074	1043	1010	974	957	939	928	915	882	875	
1618	1484	1394	1328	1280	1243	1210	1182	1158	1141	1125	1105	1098	1080	1049	1014	978	961	941	930	916	882	875	869	
1594	1466	1378	1316	1269	1229	1200	1174	1153	1137	1117	1108	1089	1058	1022	984	965	945	934	920	885	878	872	870	
1571	1446	1360	1303	1255	1223	1194	1171	1154	1133	1123	1102	1071	1035	996	977	956	944	930	894	887	879	877	872	
1605	1469	1383	1313	1272	1236	1205	1185	1159	1146	1124	1090	1054	1011	992	971	957	942	903	895	887	885	880	840	
1609	1464	1374	1315	1269	1239	1213	1183	1170	1147	1111	1074	1030	1009	987	973	957	918	908	899	896	890	849	838	
1604	1459	1378	1313	1277	1243	1209	1190	1167	1130	1086	1042	1020	996	981	964	923	913	904	901	895	852	841	828	
1581	1451	1364	1311	1274	1237	1213	1188	1149	1101	1054	1031	1006	991	974	930	920	911	908	902	858	847	831	788	
1583	1457	1366	1319	1271	1243	1214	1170	1120	1068	1046	1020	1003	984	940	930	919	916	910	864	853	837	796	777	
1596	1444	1373	1313	1272	1239	1191	1138	1082	1057	1031	1013	991	947	936	925	922	915	868	857	841	800	781	770	
1567	1442	1358	1302	1264	1213	1156	1099	1072	1044	1022	997	951	940	929	926	919	871	859	842	801	782	771	762	
1586	1454	1374	1315	1248	1181	1114	1084	1054	1031	1006	958	946	935	932	925	878	866	849	809	789	778	769	755	
1577	1448	1367	1286	1210	1138	1104	1073	1046	1020	972	958	945	942	935	886	873	856	816	796	785	776	762	752	
1579	1447	1342	1254	1171	1129	1095	1067	1039	986	970	957	952	944	894	880	862	823	802	792	782	767	757	751	
1578	1419	1301	1207	1158	1116	1086	1055	1001	982	967	959	951	901	887	869	827	806	796	786	771	761	756	733	
1557	1382	1268	1202	1155	1114	1078	1020	1000	984	975	966	910	896	876	832	811	799	787	772	762	757	735	729	
1507	1339	1263	1202	1151	1114	1049	1024	1007	995	986	925	907	887	841	819	806	794	779	769	763	741	734	725	
1486	1343	1261	1192	1147	1078	1049	1028	1014	1005	938	919	897	848	825	812	800	785	775	769	747	739	730	721	
1513	1365	1254	1199	1123	1084	1059	1041	1029	957	937	914	861	836	823	810	795	784	778	756	748	739	730	692	
1493	1342	1255	1169	1124	1091	1069	1055	981	957	929	872	847	833	820	803	792	786	763	755	745	736	698	685	
1483	1356	1231	1173	1129	1103	1088	1007	982	952	889	863	847	833	814	802	794	770	762	751	742	704	691	686	
1505	1321	1230	1175	1141	1118	1025	995	964	899	872	856	841	822	810	802	777	769	758	749	710	697	692	686	
1462	1327	1255	1207	1171	1059	1021	984	913	885	867	851	832	820	810	785	777	764	754	715	702	696	690	630	
1518	1375	1300	1255	1124	1080	1035	955	926	902	885	863	851	841	815	806	793	782	740	726	720	714	649	592	
1551	1415	1337	1178	1118	1058	976	945	918	895	872	860	849	822	813	799	788	746	732	725	719	652	595	558	
1541	1418	1223	1153	1085	994	960	933	908	881	867	856	828	819	803	792	750	736	729	723	655	598	560	553	
1548	1296	1209	1128	1028	986	955	923	895	881	868	839	830	814	802	759	744	736	730	660	603	565	558	550	
1405	1267	1161	1050	999	966	933	906	890	876	847	838	822	809	763	746	738	732	662	604	566	559	551	549	
1445	1252	1110	1044	1001	963	931	912	899	867	856	839	824	775	756	744	738	665	607	569	560	552	550	547	
1448	1231	1125	1064	1019	982	958	937	902	885	868	850	798	777	762	755	676	615	575	567	559	556	553	549	
1414	1246	1160	1091	1047	1016	987	948	927	903	878	825	800	780	773	685	622	579	571	563	560	557	553	549	
1437	1282	1176	1124	1082	1045	999	974	941	909	848	816	795	786	695	630	587	577	569	566	563	559	554	540	
1473	1306	1213	1152	1101	1038	1003	967	932	866	833	812	802	708	638	595	584	576	573	569	565	561	547	545	
1438	1293	1217	1154	1082	1039	1001	961	887	847	826	815	718	648	603	591	583	580	576	571	567	553	551	549	
1454	1328	1233	1142	1087	1041	998	917	872	847	836	732	660	614	601	591	588	584	579	575	560	558	556	551	
1478	1315	1200	1128	1075	1028	942	895	869	856	747	672	624	610	597	594	590	585	581	566	564	562	558	554	
1518	1304	1176	1113	1056	962	913	885	868	757	681	634	620	606	603	599	594	589	573	571	569	564	560	560	
1448	1258	1159	1087	987	932	900	881	764	688	641	627	613	610	606	601	596	580	578	576	572	567	567	563	
1428	1251	1155	1034	967	928	903	776	696	649	635	620	617	613	608	603	586	584	581	577	571	571	567	564	
1437	1281	1125	1036	982	952	809	723	671	656	638	635	631	625	618	600	598	595	591	585	585	581	578	575	
1468	1205	1090	1026	989	830	742	688	669	649	646	641	632	623	604	602	598	594	588	588	584	581	578	573	
1362	1184	1092	1037	863	764	704	685	662	655	650	640	630	611	609	604	599	593	593	589	586	583	578	578	
1321	1177	1100	886	781	714	690	665	657	651	641	631	612	610	605	600	594	594	590	587	584	579	579	578	
1458	1300	945	815	742	712	681	672	664	654	643	622	619	613	608	602	600	596	593	590	585	585	584	581	
1438	1000	843	764	726	693	682	674	663	651	629	626	620	613	607	605	601	598	595	590	590	589	586	582	
1125	896	807	757	712	695	686	672	659	636	633	626	618	613	611	606	603	600	595	595	594	591	587	584	
1002	874	803	749	721	709	692	678	652	648	640	631	624	622	618	614	608	603	603	602	599	595	592	590	
979	871	795	759	740	716	701	674	669	661	651	644	642	638	634	626	620	620	619	613	609	606	604	601	
1007	893	844	813	779	761	731	723	713	703	694	690	685	681	672	666	665	663	656	651	648	645	642	640	
1026	947	897	853	829	794	783	767	754	744	738	732	727	718	710	710	707	698	693	689	686	683	681	675	
1173	1067	997	959	910	891	870	854	843	835	827	818	808	797	795	791	781	773	767	763	759	754	747	745	
1379	1220	1138	1070	1036	1008	987	974	962	947	934	920	906	901	895	882	873	866	860	856	850	843	840	839	
1400	1278	1167	1119	1082	1051	1032	1018	997	981	964	945	936	929	913	900	891	885	878	871	863	859	857	846	
1450	1286	1211	1157	1118	1093	1075	1049	1029	1011	989	978	969	948	933	923	917	910	903	893	885	882	870	866	
1423	1300	1215	1164	1131	1109	1078	1053	1031	1005	993	983	960	942	931	924	915	908	899	890	886	874	870	866	
1450	1324	1252	1203	1169	1130	1101	1073	1045	1028	1016	992	971	958	951	942	935	926	917	913	901	895	891	884	
1488	1356	1288	1243	1193	1154	1123	1082	1061	1048	1023	1001	985	977	967	960	948	939	935	923	917	913	906	901	
1549	1400	1330	1257	1204	1154	1107	1085	1072	1048	1022	1004	995	984	977	964	956	951	938	932	928	920	915	910	
1549	1419	1327	1246	1187	1135	1108	1093	1067	1041	1022	1012	1001	994	981	972	967	954	948	942	934	928	923	917	
1567	1415	1312	1235	1174	1146	1127	1099	1073	1050	1037	1025	1016	1003	994	988	973	967	958	950	944	939	932	931	
1554	1402	1293	1225	1185	1163	1134	1103	1077	1059	1046	1036	1022	1012	1006	990	983	974	966	960	954	946	944	938	
1516	1360	1271	1219	1193	1160	1128	1097	1078	1061	1049	1034	1023	1015	998	991	981	973	967	961	953	951	945	941	
1504	1363	1283	1243	1201	1163	1129	1108	1087	1071	1054	1040	1031	1014	1004	995	986	979	973	965	963	957	952	944	
1480	1364	1290	1235	1187	1151	1124	1102	1085	1068	1053	1044	1025	1015	1005	995	988	981	973	969	963	958	950	949	
1512	1383	1308	1253	1203	1171	1146	1124	1102	1087	1075	1053	1042	1030	1020	1013	1006	997	993	987	982	974	973	969	
1540	1402	1317	1253	1209	1179	1155	1132	1115	1099	1074	1058	1045	1034	1027	1019	1010	1006	1000	995	987	985	979	976	
1529	1390	1294	1241	1203	1176	1148	1130	1112	1085	1067	1053	1041	1034	1026	1016	1012	1006	1000	992	990	984	981	977	
1519	1368	1287	1235	1200	1170	1149	1130	1100	1080	1066	1054	1044	1035	1025	1021	1014	1009	1001	999	993	989	985	982	
1508	1372	1284	1243	1205	1181	1159	1125	1101	1087	1074	1063	1052	1041	1035	1027	1021	1013	1010	1003	999	995	991	986	
1510	1365	1298	1252	1222	1193	1155	1130	1113	1100	1087	1076	1065	1056	1048	1041	1032	1027	1019	1013	1009	1005	998	995	
1503	1388	1316	1277	1240	1198	1168	1145	1128	1112	1098	1086	1076	1067	1058	1049	1043	1034	1027	1022	1018	1009	1006	999	
1518	1413	1340	1294	1238	1198	1171	1152	1133	1119	1106	1096	1087	1077	1067	1061	1051	1042	1034	1029	1020	1016	1009	1002	
1559	1443	1372	1297	1249	1216	1195	1171	1155	1138	1127	1117	1104	1092	1086	1072	1063	1055	1050	1041	1035	1027	1020	1016	
1569	1449	1354	1288	1245	1220	1191	1174	1157	1146	1135	1120	1108	1100	1086	1076	1068	1062	1053	1047	1039	1032	1027	1024	
1571	1428	1350	1292	1261	1226	1205	1188	1177	1165	1150	1131	1123	1104	1094	1084	1078	1067	1061	1052	1045	1040	1037	1032	
1571	1444	1365	1314	1271	1241	1224	1212	1196	1178	1155	1145	1124	1110	1098	1091	1080	1074	1065	1058	1053	1049	1044	1039	
1571	1440	1370	1311	1273	1252	1235	1213	1192	1167	1154	1131	1116	1103	1096	1085	1078	1068	1061	1056	1051	1046	1040	1035	
1592	1471	1383	1330	1300	1275	1246	1220	1190	1175	1148	1131	1118	1109	1094	1086	1076	1069	1064	1058	1053	1047	1042	1039	
1596	1456	1380	1339	1301	1271	1241	1210	1193	1163	1143	1127	1118	1102	1094	1083	1076	1069	1062	1057	1051	1045	1042	1036	
1598	1471	1406	1353	1314	1277	1234	1216	1182	1157	1138	1129	1112	1102	1091	1084	1075	1068	1063	1057	1052	1049	1043	1040	
1574	1467	1395	1347	1300	1255	1232	1197	1171	1148	1138	1119	1109	1098	1089	1080	1073	1068	1062	1056	1053	1047	1044	1036	
1579	1463	1395	1339	1289	1263	1222	1195	1168	1157	1136	1124	1110	1101	1092	1085	1079	1070	1064	1061	1054	1051	1042	1040	
1590	1471	1392	1326	1295	1247	1212	1185	1172	1149	1134	1117	1107	1097	1090	1084	1075	1068	1064	1056	1054	1045	1042	1038	
1603	1470	1372	1333	1279	1240	1210	1193	1169	1151	1132	1122	1112	1104	1098	1087	1079	1075	1067	1064	1055	1052	1048	1042	
1595	1454	1377	1308	1257	1221	1201	1176	1158	1138	1127	1116	1108	1102	1091	1083	1079	1071	1068	1059	1056	1052	1046	1044	
1571	1453	1364	1295	1253	1229	1198	1175	1153	1140	1129	1120	1114	1103	1095	1091	1081	1077	1068	1065	1061	1054	1052	1046	
1590	1440	1338	1286	1253	1212	1186	1162	1147	1135	1126	1120	1109	1100	1096	1086	1082	1072	1069	1065	1058	1056	1050	1049	
1583	1421	1350	1306	1248	1215	1185	1165	1151	1142	1134	1122	1111	1107	1094	1090	1080	1076	1072	1064	1062	1056	1055	1051	
1547	1429	1356	1287	1241	1205	1183	1167	1158	1150	1136	1124	1118	1105	1101	1090	1086	1081	1072	1068	1062	1061	1057	1052	
1569	1443	1344	1285	1238	1211	1194	1179	1170	1154	1141	1133	1120	1115	1104	1099	1094	1085	1078	1070	1069	1064	1059	1054	
1586	1427	1339	1285	1245	1224	1203	1190	1170	1156	1147	1133	1127	1115	1107	1102	1092	1084	1076	1075	1070	1065	1060	1053	
1539	1414	1336	1285	1257	1233	1212	1189	1176	1166	1152	1145	1133	1124	1118	1107	1098	1089	1086	1080	1074	1068	1060	1055	
1532	1410	1330	1291	1255	1231	1207	1191	1180	1163	1154	1143	1134	1126	1115	1106	1097	1094	1088	1082	1075	1067	1062	1054	
1559	1431	1365	1315	1271	1242	1220	1205	1186	1175	1161	1149	1140	1126	1117	1108	1104	1098	1092	1084	1076	1068	1060	1055	
1564	1450	1370	1311	1275	1250	1235	1208	1195	1180	1166	1157	1142	1133	1122	1117	1108	1101	1091	1083	1075	1067	1062	1061	
1569	1448	1367	1320	1284	1265	1235	1216	1198	1180	1169	1152	1140	1129	1124	1115	1108	1097	1089	1081	1073	1067	1066	1063	
1592	1456	1376	1329	1299	1264	1241	1222	1204	1189	1171	1158	1146	1141	1132	1123	1109	1101	1093	1085	1079	1078	1075	1067	
1586	1457	1381	1337	1297	1266	1241	1223	1206	1186	1171	1159	1154	1143	1134	1120	1112	1103	1095	1088	1085	1081	1073	1066	
1591	1454	1381	1329	1289	1256	1236	1216	1194	1177	1165	1160	1149	1140	1125	1116	1107	1099	1092	1089	1084	1076	1069	1067	
1576	1447	1376	1319	1273	1250	1229	1205	1186	1174	1167	1155	1146	1130	1121	1112	1102	1095	1092	1085	1077	1070	1068	1061	
1577	1460	1377	1323	1293	1266	1236	1213	1197	1185	1173	1164	1146	1135	1124	1113	1106	1102	1095	1085	1078	1076	1069	1065	
1602	1449	1372	1328	1294	1257	1232	1214	1198	1185	1176	1158	1143	1132	1121	1114	1108	1100	1089	1082	1080	1073	1069	1062	
1584	1455	1386	1329	1284	1256	1233	1214	1199	1190	1172	1157	1146	1134	1127	1120	1112	1100	1093	1089	1082	1077	1070	1064	
1601	1466	1379	1324	1287	1261	1238	1223	1210	1191	1174	1162	1147	1137	1130	1120	1108	1101	1097	1090	1084	1077	1071	1066	
1584	1449	1371	1321	1287	1257	1240	1222	1202	1182	1169	1153	1143	1135	1124	1112	1105	1100	1093	1087	1080	1073	1068	1067	
1594	1457	1381	1332	1295	1271	1249	1223	1201	1185	1165	1152	1143	1132	1119	1112	1107	1099	1093	1084	1077	1072	1069	1063	
1592	1455	1376	1325	1290	1264	1233	1210	1194	1172	1159	1150	1137	1124	1117	1111	1102	1096	1086	1079	1074	1070	1064	1059	
1567	1441	1372	1326	1294	1261	1232	1214	1189	1176	1166	1152	1137	1128	1122	1112	1105	1095	1088	1083	1079	1073	1068	1065	
1579	1456	1381	1340	1298	1264	1242	1211	1196	1183	1169	1153	1143	1136	1126	1118	1107	1099	1094	1090	1083	1078	1075	1071	
1588	1462	1397	1336	1295	1267	1230	1213	1199	1184	1165	1152	1145	1134	1126	1115	1107	1102	1097	1090	1085	1081	1077	1068	
1604	1484	1393	1337	1298	1256	1234	1220	1203	1183	1166	1159	1144	1136	1125	1117	1112	1107	1100	1095	1089	1084	1075	1074	
1620	1470	1389	1339	1287	1257	1240	1221	1198	1179	1172	1156	1147	1133	1124	1117	1110	1103	1097	1091	1086	1077	1076	1067	
1589	1467	1395	1331	1296	1273	1250	1226	1202	1187	1166	1156	1142	1131	1123	1115	1108	1102	1096	1091	1082	1081	1071	1066	
1588	1462	1381	1333	1296	1272	1245	1219	1204	1180	1168	1152	1141	1132	1120	1113	1107	1099	1094	1085	1084	1073	1068	1058	
1613	1462	1384	1333	1298	1269	1243	1225	1196	1182	1164	1152	1143	1131	1123	1117	1109	1104	1094	1092	1081	1076	1065	1056	
1585	1461	1389	1345	1304	1273	1252	1215	1198	1178	1165	1153	1139	1131	1124	1116	1109	1099	1097	1085	1080	1069	1058	1055	
1597	1473	1403	1350	1308	1280	1240	1219	1197	1183	1167	1152	1144	1135	1126	1119	1108	1106	1094	1089	1078	1067	1064	1056	
1612	1490	1410	1351	1315	1273	1248	1224	1207	1190	1175	1163	1153	1141	1132	1120	1116	1104	1099	1087	1075	1072	1064	1054	
1621	1492	1411	1358	1305	1274	1241	1222	1202	1184	1170	1159	1148	1138	1126	1121	1109	1103	1091	1079	1076	1068	1058	1057	
1628	1502	1416	1350	1303	1265	1243	1220	1199	1182	1170	1155	1143	1132	1127	1115	1109	1097	1084	1081	1073	1062	1061	1060	
1605	1479	1391	1338	1292	1263	1236	1212	1190	1178	1163	1152	1140	1135	1123	1116	1103	1090	1086	1078	1067	1066	1065	1056	
1600	1464	1393	1332	1297	1264	1234	1210	1198	1180	1164	1152	1146	1133	1126	1112	1099	1095	1086	1075	1074	1073	1064	1059	
1583	1462	1381	1335	1291	1256	1229	1213	1195	1176	1164	1156	1139	1132	1118	1105	1100	1091	1080	1078	1077	1068	1062	1055	
1584	1458	1387	1333	1294	1260	1236	1211	1192	1178	1169	1151	1142	1126	1113	1106	1097	1085	1082	1080	1071	1065	1058	1052	
1590	1481	1393	1336	1294	1266	1238	1218	1200	1187	1167	1157	1141	1128	1120	1109	1096	1092	1090	1080	1073	1065	1059	1052	
1596	1447	1368	1322	1291	1256	1229	1210	1194	1174	1162	1145	1132	1123	1111	1098	1094	1092	1082	1075	1067	1061	1054	1054	
1576	1447	1381	1336	1291	1257	1235	1217	1195	1182	1164	1149	1137	1125	1112	1105	1102	1090	1083	1075	1069	1062	1062	1056	
1567	1451	1378	1323	1282	1256	1238	1214	1197	1175	1158	1145	1133	1120	1113	1110	1097	1090	1082	1076	1069	1069	1063	1059	
1602	1476	1393	1332	1299	1276	1250	1230	1204	1185	1171	1152	1138	1129	1125	1109	1102	1094	1088	1080	1080	1074	1068	1057	
1592	1461	1382	1336	1305	1273	1249	1223	1203	1186	1165	1150	1138	1134	1118	1111	1103	1095	1087	1086	1080	1074	1063	1058	
1597	1459	1388	1350	1307	1280	1250	1228	1205	1182	1165	1153	1147	1128	1121	1113	1104	1095	1092	1086	1079	1068	1063	1062	
1579	1462	1400	1344	1308	1272	1249	1225	1199	1179	1166	1156	1136	1129	1120	1110	1101	1098	1092	1084	1073	1067	1066	1058	
1571	1477	1392	1344	1299	1271	1247	1218	1198	1183	1171	1150	1142	1133	1123	1114	1110	1103	1094	1082	1076	1075	1066	1060	
1609	1481	1399	1339	1302	1272	1238	1216	1199	1187	1165	1155	1145	1135	1124	1120	1113	1103	1091	1085	1082	1072	1066	1059	
1607	1477	1388	1338	1301	1262	1237	1217	1205	1180	1168	1155	1144	1132	1128	1120	1110	1098	1092	1088	1078	1072	1065	1060	
1602	1447	1375	1329	1287	1258	1236	1220	1193	1179	1167	1152	1140	1136	1127	1117	1104	1098	1094	1083	1077	1070	1065	1060	
1564	1439	1381	1327	1293	1264	1245	1217	1200	1187	1171	1156	1151	1141	1130	1116	1110	1105	1092	1086	1079	1073	1066	1064	
1576	1472	1400	1348	1308	1278	1247	1226	1210	1190	1173	1165	1151	1140	1124	1115	1109	1095	1089	1082	1076	1069	1067	1063	
1597	1471	1398	1351	1314	1273	1248	1231	1208	1188	1178	1164	1152	1137	1125	1119	1104	1096	1089	1083	1076	1073	1068	1061	
1608	1485	1408	1356	1309	1277	1256	1230	1206	1194	1178	1166	1150	1138	1131	1116	1108	1101	1095	1087	1084	1077	1070	1068	
1610	1482	1401	1342	1302	1276	1247	1219	1206	1189	1175	1158	1145	1138	1123	1113	1106	1099	1091	1088	1081	1074	1072	1067	
1604	1482	1403	1349	1312	1273	1242	1226	1204	1190	1171	1155	1147	1132	1122	1114	1106	1098	1095	1085	1078	1076	1071	1068	
1610	1480	1408	1360	1311	1274	1254	1229	1208	1187	1171	1160	1145	1135	1126	1118	1107	1103	1093	1084	1082	1077	1074	1072	
1614	1472	1398	1336	1295	1269	1242	1219	1197	1181	1169	1154	1143	1134	1125	1113	1108	1098	1088	1086	1081	1078	1075	1068	
1587	1472	1384	1331	1295	1263	1235	1212	1195	1181	1165	1151	1141	1131	1119	1114	1103	1093	1091	1086	1083	1079	1072	1066	
1596	1464	1385	1334	1296	1262	1236	1218	1202	1184	1167	1157	1147	1135	1128	1117	1107	1104	1099	1095	1090	1082	1076	1070	
1628	1490	1403	1349	1309	1281	1255	1236	1213	1191	1179	1167	1150	1142	1131	1121	1118	1113	1108	1100	1092	1084	1077	1071	
1593	1461	1389	1342	1309	1280	1260	1236	1212	1196	1183	1164	1155	1142	1131	1127	1121	1116	1107	1098	1090	1082	1076	981	
1599	1482	1405	1356	1314	1289	1257	1232	1213	1198	1178	1170	1156	1143	1139	1131	1126	1117	1108	1100	1092	1086	991	976	
1597	1473	1400	1352	1317	1283	1254	1233	1215	1190	1180	1166	1152	1147	1139	1134	1124	1112	1103	1095	1089	994	979	966	
1582	1458	1392	1345	1304	1270	1245	1226	1199	1188	1171	1156	1148	1140	1135	1125	1113	1104	1096	1090	995	980	967	961	
1587	1470	1400	1345	1303	1274	1247	1218	1205	1186	1169	1161	1151	1145	1135	1122	1113	1105	1099	1003	986	973	967	950	
1594	1483	1403	1347	1310	1276	1245	1229	1207	1188	1177	1165	1157	1147	1133	1124	1115	1109	1013	994	980	973	956	945	
1622	1486	1411	1362	1318	1278	1255	1231	1210	1198	1186	1177	1166	1151	1142	1132	1124	1023	1003	988	979	962	951	942	
1614	1479	1409	1354	1311	1282	1255	1227	1213	1199	1189	1177	1161	1151	1140	1132	1031	1007	991	982	965	954	945	942	
1607	1486	1390	1337	1301	1267	1237	1222	1207	1195	1182	1166	1156	1144	1136	1034	1010	994	985	968	957	948	945	932	
1593	1457	1390	1341	1295	1263	1246	1228	1215	1201	1181	1170	1157	1149	1042	1018	1002	991	973	961	952	949	936	920	
1597	1475	1405	1342	1302	1281	1259	1242	1224	1201	1188	1174	1165	1053	1028	1012	1001	982	970	960	957	944	928	921	
1601	1479	1390	1340	1309	1280	1262	1241	1217	1200	1186	1175	1063	1037	1020	1009	990	978	966	963	950	934	926	918	
1614	1474	1388	1347	1310	1292	1265	1238	1221	1205	1191	1073	1045	1026	1015	996	984	972	969	956	939	930	922	914	
1600	1466	1398	1346	1324	1291	1256	1237	1219	1205	1083	1055	1035	1023	1003	990	977	973	959	942	933	925	917	913	
1588	1459	1391	1354	1315	1275	1252	1231	1216	1091	1062	1042	1030	1009	996	983	979	964	946	937	928	920	916	907	
1590	1482	1418	1361	1312	1281	1254	1237	1110	1077	1055	1041	1017	1003	990	986	971	953	944	935	927	921	912	900	
1615	1503	1416	1357	1319	1281	1260	1123	1088	1064	1048	1024	1009	996	991	975	957	948	939	931	925	916	904	900	
1628	1482	1393	1342	1297	1275	1133	1097	1072	1056	1032	1016	1002	995	979	960	951	942	934	928	919	907	903	896	
1610	1469	1392	1332	1303	1151	1107	1082	1066	1040	1024	1009	1000	984	964	954	946	938	932	923	910	906	899	894	
1574	1464	1385	1346	1179	1130	1103	1087	1061	1042	1025	1016	997	976	965	956	948	941	931	916	912	904	899	892	
1603	1453	1399	1213	1159	1127	1110	1079	1058	1039	1029	1009	988	977	967	959	951	941	926	922	914	907	899	862	
1560	1464	1256	1191	1151	1131	1099	1075	1053	1043	1022	1000	987	976	968	958	948	930	926	917	910	902	864	852	
1588	1308	1226	1179	1155	1117	1092	1068	1051	1028	1005	992	980	971	961	950	932	928	919	911	903	865	853	845	
1437	1306	1237	1196	1146	1113	1088	1071	1044	1021	1005	992	981	971	959	940	936	926	918	910	870	856	848	844	
1491	1357	1288	1208	1165	1138	1118	1087	1063	1044	1030	1018	1008	994	972	968	958	949	941	899	884	876	871	864	
1568	1433	1323	1263	1229	1200	1157	1125	1097	1080	1063	1052	1036	1012	1007	996	986	978	931	916	902	897	889	884	
1575	1409	1329	1277	1238	1187	1150	1122	1100	1082	1071	1053	1029	1023	1012	1001	992	942	927	911	906	898	892	889	
1537	1417	1341	1291	1224	1179	1147	1121	1100	1086	1068	1042	1036	1024	1013	1003	950	934	918	912	904	898	895	890	
1573	1455	1378	1283	1221	1183	1148	1124	1110	1089	1061	1052	1039	1026	1015	959	943	926	919	911	904	901	896	891	
1602	1462	1339	1259	1219	1178	1150	1133	1104	1071	1059	1046	1031	1020	964	947	930	923	915	908	904	899	894	887	
1602	1409	1308	1263	1214	1182	1163	1130	1087	1074	1061	1046	1034	977	959	940	933	924	917	912	907	902	895	889	
1549	1390	1326	1267	1222	1193	1150	1106	1090	1077	1059	1046	985	965	946	939	930	923	918	913	908	900	894	892	
1576	1457	1351	1269	1230	1182	1133	1115	1097	1075	1062	995	971	952	944	934	926	921	915	910	902	896	894	890	
1594	1432	1318	1266	1210	1155	1135	1113	1089	1074	1003	979	960	951	941	931	926	920	914	906	900	897	893	889	
1583	1422	1335	1266	1200	1172	1146	1114	1096	1021	994	973	963	951	941	935	928	921	913	907	903	899	895	889	
1555	1426	1329	1253	1222	1180	1143	1116	1037	1009	987	976	962	952	946	939	932	924	918	913	909	903	897	889	
1608	1450	1345	1302	1223	1171	1137	1056	1026	1003	990	975	965	959	952	945	937	930	925	921	915	909	901	895	
1597	1441	1368	1263	1201	1163	1077	1042	1018	1004	989	979	973	966	959	951	944	938	933	926	919	911	905	901	
1579	1444	1305	1231	1187	1097	1056	1029	1015	999	988	979	972	965	955	948	942	937	930	923	915	909	905	897	
1573	1380	1280	1228	1129	1081	1050	1035	1019	1006	995	987	977	966	958	952	947	939	929	921	914	909	901	896	
1557	1405	1323	1202	1141	1102	1082	1061	1040	1028	1018	1005	994	985	977	972	962	952	943	935	930	922	917	913	
1602	1451	1280	1180	1126	1100	1073	1051	1036	1024	1011	1000	990	981	976	966	956	946	938	933	926	921	917	914	
1579	1353	1228	1160	1131	1098	1074	1055	1042	1029	1015	1003	994	988	979	967	957	948	941	934	929	924	921	918	
1480	1306	1219	1174	1135	1103	1082	1067	1053	1036	1023	1014	1007	993	979	969	959	952	943	937	932	929	926	924	
1469	1328	1267	1213	1177	1151	1132	1113	1096	1080	1070	1061	1044	1028	1018	1008	1000	989	981	976	973	969	966	963	
1579	1440	1346	1294	1262	1244	1222	1201	1180	1165	1150	1127	1106	1092	1081	1070	1057	1045	1037	1035	1026	1023	1020	1014	
1565	1423	1349	1306	1274	1245	1220	1197	1181	1165	1141	1118	1102	1092	1081	1068	1056	1046	1043	1033	1029	1026	1020	1016	
1535	1421	1355	1311	1276	1247	1218	1198	1180	1154	1131	1112	1099	1087	1073	1061	1051	1048	1037	1033	1030	1024	1020	1017	
1580	1461	1382	1331	1287	1250	1229	1205	1175	1152	1132	1118	1105	1090	1078	1068	1064	1053	1048	1045	1039	1035	1031	1026	
1606	1463	1376	1324	1283	1256	1227	1195	1168	1146	1128	1114	1099	1087	1076	1070	1058	1053	1050	1044	1039	1035	1030	1023	
1593	1456	1372	1319	1286	1254	1217	1188	1164	1145	1129	1114	1100	1087	1081	1069	1064	1061	1055	1048	1043	1037	1030	1022	
1602	1459	1377	1318	1281	1239	1206	1181	1157	1139	1122	1108	1095	1089	1077	1072	1068	1062	1055	1049	1044	1036	1028	976	
1594	1459	1378	1326	1276	1237	1207	1180	1162	1144	1129	1114	1107	1093	1087	1082	1076	1069	1063	1056	1048	1040	985	978	
1596	1465	1387	1320	1271	1234	1202	1180	1162	1142	1126	1118	1102	1095	1090	1084	1077	1071	1064	1055	1047	991	983	972	
1613	1481	1387	1320	1275	1233	1206	1183	1159	1142	1133	1117	1110	1104	1097	1088	1081	1072	1062	1053	997	989	977	973	
1627	1472	1382	1320	1267	1233	1202	1174	1157	1148	1130	1123	1116	1108	1099	1092	1083	1071	1062	1005	997	985	981	973	
1573	1443	1356	1298	1255	1220	1191	1169	1155	1136	1129	1121	1110	1101	1093	1084	1071	1062	1005	997	985	981	973	967	
1588	1438	1354	1296	1258	1222	1193	1177	1152	1145	1136	1125	1114	1104	1095	1081	1069	1011	1003	991	987	979	972	965	
1571	1431	1340	1285	1245	1215	1195	1169	1159	1150	1138	1126	1114	1105	1091	1079	1019	1011	998	993	985	977	969	966	
1560	1419	1340	1283	1242	1215	1187	1175	1166	1153	1141	1128	1119	1105	1092	1027	1019	1004	998	989	981	973	970	963	
1583	1439	1356	1302	1260	1224	1207	1192	1176	1159	1146	1135	1119	1106	1038	1030	1012	1006	996	988	980	977	970	970	
1563	1435	1355	1297	1253	1231	1213	1196	1177	1157	1142	1126	1113	1044	1034	1016	1009	999	991	983	980	973	973	961	
1564	1429	1349	1292	1260	1235	1214	1194	1171	1153	1137	1122	1050	1039	1021	1014	1003	995	987	984	977	977	964	959	
1558	1420	1350	1305	1272	1244	1223	1197	1178	1160	1143	1062	1050	1032	1025	1014	1006	997	994	987	987	974	968	962	
1558	1434	1365	1320	1283	1257	1224	1200	1176	1159	1073	1060	1041	1032	1020	1011	1001	997	990	990	977	970	964	959	
1594	1456	1390	1340	1300	1259	1229	1201	1183	1091	1076	1054	1044	1031	1020	1010	1006	998	996	983	976	970	965	963	
1592	1466	1390	1340	1296	1260	1224	1202	1102	1086	1063	1052	1039	1028	1018	1014	1005	1003	989	982	976	971	967	962	
1601	1476	1402	1342	1300	1253	1225	1118	1100	1075	1063	1050	1039	1028	1024	1015	1012	997	990	982	977	973	968	965	
1610	1484	1403	1350	1284	1252	1139	1119	1091	1077	1063	1052	1040	1035	1024	1020	1005	998	989	983	979	974	971	969	
1631	1479	1390	1314	1273	1153	1131	1100	1083	1067	1055	1043	1038	1027	1021	1006	999	990	984	980	975	972	970	966	
1597	1464	1361	1310	1181	1157	1122	1099	1079	1064	1051	1045	1034	1027	1012	1003	994	987	983	978	975	973	970	965	
1602	1442	1359	1212	1183	1142	1115	1094	1078	1064	1056	1044	1037	1022	1012	1002	993	989	984	981	979	975	970	965	
1565	1433	1257	1216	1166	1133	1107	1090	1075	1064	1052	1045	1030	1019	1009	999	995	990	987	985	981	976	971	966	
1572	1325	1266	1209	1163	1132	1111	1094	1078	1064	1055	1040	1027	1017	1006	1002	997	993	991	986	981	976	971	968	
1467	1351	1268	1212	1175	1150	1124	1104	1090	1080	1062	1046	1036	1025	1020	1014	1009	1005	999	994	987	982	977	972	
1489	1355	1272	1225	1185	1156	1132	1117	1103	1084	1065	1054	1042	1036	1030	1025	1021	1015	1010	1002	996	991	986	983	
1530	1394	1316	1264	1224	1192	1169	1152	1129	1107	1091	1078	1070	1060	1052	1047	1039	1033	1023	1017	1012	1007	1004	1000	
1517	1402	1322	1270	1227	1199	1178	1149	1126	1107	1092	1083	1071	1062	1057	1047	1040	1030	1023	1018	1012	1009	1005	1000	
1534	1419	1333	1276	1238	1213	1179	1151	1129	1114	1104	1090	1079	1073	1064	1056	1045	1038	1033	1027	1024	1020	1015	1013	
1555	1429	1342	1284	1251	1214	1179	1151	1134	1123	1107	1094	1087	1077	1069	1054	1047	1042	1036	1033	1028	1023	1020	1019	
1543	1418	1344	1299	1243	1202	1171	1153	1140	1123	1108	1099	1087	1078	1063	1055	1049	1043	1040	1035	1029	1026	1025	1020	
1545	1430	1357	1293	1235	1197	1176	1158	1137	1122	1112	1098	1088	1072	1064	1057	1051	1047	1042	1036	1033	1032	1027	1024	
1556	1435	1348	1280	1235	1210	1184	1159	1141	1130	1115	1100	1083	1074	1067	1061	1056	1051	1044	1041	1040	1034	1030	1028	
1577	1438	1345	1284	1247	1212	1182	1160	1147	1130	1114	1093	1081	1073	1066	1061	1056	1049	1046	1045	1039	1035	1033	1027	
1557	1415	1331	1285	1240	1206	1180	1167	1150	1131	1110	1098	1089	1081	1075	1070	1062	1059	1057	1051	1046	1043	1037	1032	
1555	1413	1340	1273	1234	1205	1188	1169	1148	1124	1112	1103	1095	1089	1082	1074	1069	1067	1060	1055	1052	1046	1041	1026	
1548	1427	1330	1278	1242	1221	1198	1172	1148	1131	1120	1110	1104	1097	1088	1083	1080	1072	1067	1064	1058	1052	1037	1031	
1574	1418	1342	1297	1267	1237	1202	1174	1154	1141	1129	1121	1113	1102	1096	1093	1085	1079	1076	1070	1064	1049	1043	1015	
1555	1427	1355	1308	1267	1224	1193	1172	1159	1146	1137	1128	1114	1105	1101	1092	1085	1082	1076	1069	1054	1047	1019	976	
1539	1419	1354	1300	1252	1216	1194	1180	1166	1156	1144	1128	1119	1114	1104	1096	1093	1087	1078	1063	1054	1025	980	952	
1564	1450	1367	1294	1249	1219	1203	1186	1172	1157	1139	1128	1121	1111	1102	1098	1091	1082	1067	1058	1029	984	956	931	
1602	1450	1349	1292	1256	1237	1212	1196	1180	1160	1148	1140	1127	1116	1112	1103	1092	1077	1068	1037	991	963	938	924	
1566	1427	1349	1301	1273	1243	1222	1204	1180	1167	1157	1138	1125	1120	1110	1099	1083	1074	1042	996	967	942	928	904	
1558	1433	1358	1317	1283	1259	1234	1204	1188	1176	1155	1140	1135	1124	1111	1095	1086	1052	1004	975	950	935	911	896	
1564	1441	1379	1325	1295	1260	1224	1204	1191	1169	1153	1146	1135	1121	1105	1095	1056	1006	976	951	936	912	898	893	
1595	1469	1391	1342	1298	1248	1225	1208	1183	1162	1153	1142	1127	1111	1101	1062	1011	981	955	940	915	900	895	889	
1613	1473	1399	1346	1290	1261	1234	1207	1184	1173	1159	1142	1126	1115	1074	1022	991	964	947	921	904	899	893	879	
1600	1470	1399	1327	1287	1253	1225	1199	1188	1174	1156	1137	1124	1083	1030	997	970	952	926	909	904	898	884	879	
1595	1478	1374	1319	1277	1241	1214	1201	1185	1167	1147	1134	1091	1036	1003	975	956	930	913	908	902	888	883	873	
1615	1452	1372	1323	1281	1247	1230	1207	1188	1167	1154	1107	1050	1016	986	965	938	920	915	909	895	890	880	868	
1577	1441	1371	1311	1270	1246	1220	1200	1178	1164	1117	1059	1024	994	973	944	926	921	915	901	896	885	873	860	
1574	1451	1368	1312	1276	1245	1219	1192	1177	1125	1066	1029	998	974	945	927	922	916	902	897	886	874	861	855	
1581	1450	1372	1324	1283	1253	1220	1200	1147	1084	1046	1015	990	961	942	935	927	913	908	897	884	870	864	851	
1582	1453	1379	1328	1289	1250	1228	1167	1102	1061	1028	1003	974	955	947	937	922	917	905	892	878	872	858	845	
1576	1448	1377	1327	1284	1257	1193	1123	1079	1041	1015	986	967	957	947	932	926	913	899	885	879	866	851	846	
1586	1460	1388	1331	1296	1228	1148	1101	1059	1031	1002	983	973	963	945	939	923	909	895	888	875	860	854	840	
1591	1475	1399	1355	1277	1184	1132	1085	1053	1021	1000	989	979	960	953	933	919	905	898	884	868	862	847	828	
1585	1464	1404	1313	1209	1148	1099	1065	1032	1009	998	988	969	962	940	926	912	905	891	874	867	851	832	820	
1603	1486	1375	1263	1185	1131	1094	1056	1030	1016	1005	985	977	955	939	924	915	901	882	875	859	840	828	815	
1610	1454	1317	1222	1160	1120	1075	1047	1033	1020	999	990	968	952	937	928	913	894	885	868	846	834	820	807	
1582	1396	1282	1209	1158	1108	1077	1057	1043	1019	1007	985	966	950	941	924	905	896	879	856	844	829	816	811	
1540	1369	1263	1203	1144	1113	1090	1076	1048	1032	1010	987	971	960	940	919	909	891	867	852	837	824	819	807	
1505	1342	1267	1190	1154	1129	1113	1079	1061	1036	1012	996	984	962	938	925	907	881	864	848	835	830	818	802	
1477	1370	1268	1212	1176	1156	1117	1093	1064	1039	1020	1006	980	954	940	921	892	874	856	843	837	825	809	787	
1558	1395	1306	1253	1223	1167	1140	1109	1079	1055	1039	1010	977	959	937	905	887	869	854	848	835	818	795	781	
1535	1389	1316	1276	1209	1181	1146	1114	1086	1066	1033	999	977	953	920	897	879	864	858	845	828	805	789	711	
