1587	994	748	576	410	351	274	222	213	202	198	196	192	188	187	186	182	182	176	175	174	171	169	169	
2211	1548	1167	818	701	556	431	413	394	386	379	372	363	359	355	349	346	339	338	336	333	329	329	329	
3335	2197	1461	1239	935	672	631	593	579	567	551	540	529	523	514	508	498	497	492	488	482	480	479	474	
3279	1957	1622	1185	829	773	724	705	689	668	653	636	629	616	608	595	593	585	576	566	561	558	552	547	
2796	2205	1510	1036	949	882	854	830	802	780	759	749	732	724	707	704	694	684	670	662	657	646	641	631	
3908	2253	1436	1288	1174	1131	1101	1064	1034	1005	992	969	951	931	925	911	895	878	866	858	842	831	810	791	
2902	1658	1450	1311	1253	1208	1161	1116	1079	1062	1035	1006	982	974	958	939	918	903	894	874	862	841	821	809	
2359	1782	1573	1491	1424	1365	1291	1243	1219	1191	1151	1124	1104	1087	1059	1034	1018	1004	980	968	944	917	902	874	
3142	2287	2045	1910	1773	1660	1543	1506	1450	1391	1347	1318	1295	1259	1219	1193	1173	1145	1126	1099	1062	1043	1009	992	
2963	2508	2320	2111	1959	1815	1763	1684	1605	1547	1510	1480	1442	1395	1364	1340	1305	1278	1235	1176	1149	1104	1085	1070	
3780	3331	2886	2484	2262	2142	2033	1890	1807	1754	1712	1661	1607	1566	1532	1491	1462	1413	1341	1313	1261	1241	1226	1207	
4805	3529	2912	2609	2445	2292	2113	2003	1939	1881	1823	1762	1714	1677	1631	1597	1535	1445	1414	1358	1333	1316	1293	1271	
3948	3081	2723	2529	2361	2164	2051	1981	1919	1858	1795	1744	1705	1659	1623	1560	1467	1435	1375	1349	1331	1308	1285	1271	
3460	2944	2666	2468	2233	2107	2030	1963	1893	1826	1774	1731	1685	1647	1581	1484	1451	1390	1364	1344	1321	1298	1284	1267	
3563	3106	2720	2430	2263	2169	2090	2012	1935	1874	1823	1774	1733	1661	1550	1514	1446	1416	1395	1372	1349	1333	1315	1306	
3590	3041	2597	2397	2277	2190	2098	2013	1939	1885	1829	1785	1709	1593	1555	1484	1453	1431	1407	1384	1368	1349	1339	1324	
3463	2861	2550	2397	2292	2186	2085	2006	1947	1886	1837	1760	1639	1597	1523	1487	1463	1438	1415	1399	1380	1370	1355	1333	
3285	2844	2602	2459	2315	2200	2105	2038	1967	1914	1827	1702	1651	1570	1533	1508	1481	1459	1443	1424	1413	1395	1373	1356	
3368	2981	2741	2546	2369	2258	2175	2097	2030	1927	1779	1721	1637	1594	1568	1540	1513	1497	1477	1466	1448	1423	1403	1371	
3563	3182	2818	2598	2426	2322	2231	2154	2035	1876	1812	1720	1676	1647	1617	1585	1566	1545	1534	1515	1487	1465	1431	1405	
3788	3243	2830	2604	2469	2361	2267	2131	1962	1890	1791	1741	1712	1679	1646	1626	1605	1593	1573	1534	1509	1471	1443	1434	
3684	3100	2781	2611	2475	2369	2215	2032	1954	1852	1801	1769	1732	1692	1672	1649	1634	1613	1573	1545	1506	1477	1468	1455	
3576	3109	2831	2657	2512	2333	2122	2031	1916	1863	1828	1782	1740	1718	1691	1675	1653	1611	1583	1540	1511	1501	1487	1479	
3632	3196	2905	2733	2506	2272	2166	2030	1961	1922	1868	1822	1797	1769	1750	1722	1677	1646	1601	1571	1559	1544	1536	1523	
3866	3414	3106	2807	2518	2383	2225	2137	2085	2017	1964	1935	1898	1874	1834	1783	1750	1696	1662	1648	1632	1622	1610	1598	
4120	3625	3134	2756	2588	2403	2300	2236	2156	2092	2059	2011	1985	1926	1872	1832	1774	1733	1718	1702	1692	1680	1668	1656	
4197	3497	2986	2768	2549	2427	2351	2262	2188	2145	2091	2061	1997	1934	1890	1827	1785	1769	1751	1740	1727	1714	1702	1684	
4257	3463	3156	2858	2693	2595	2476	2386	2332	2256	2219	2136	2068	2010	1937	1887	1869	1847	1835	1819	1804	1790	1768	1758	
4177	3623	3218	2990	2853	2671	2560	2494	2396	2349	2256	2171	2108	2021	1967	1945	1921	1908	1892	1876	1862	1837	1825	1814	
4476	3774	3417	3189	2918	2772	2684	2546	2487	2366	2269	2193	2092	2032	2010	1982	1967	1950	1932	1917	1889	1875	1862	1846	
4440	3852	3501	3169	2971	2856	2690	2621	2481	2352	2266	2151	2087	2062	2030	2015	1997	1978	1959	1930	1914	1901	1883	1871	
4389	3849	3392	3146	2996	2802	2718	2572	2427	2335	2210	2138	2108	2071	2054	2034	2013	1992	1962	1945	1929	1909	1896	1877	
4542	3842	3475	3255	3020	2893	2712	2536	2434	2284	2200	2166	2127	2105	2082	2059	2035	2005	1988	1972	1947	1934	1914	1901	
4513	3910	3567	3245	3067	2848	2623	2503	2332	2237	2200	2157	2133	2106	2080	2054	2023	2006	1987	1959	1946	1926	1913	1898	
4449	3908	3501	3275	3008	2745	2607	2421	2311	2270	2218	2189	2160	2132	2103	2069	2051	2030	2000	1986	1965	1951	1935	1916	
4574	3870	3534	3194	2888	2729	2528	2410	2361	2304	2268	2233	2199	2167	2131	2111	2089	2054	2034	2012	1997	1981	1962	1933	
4553	3986	3491	3076	2879	2644	2515	2454	2387	2346	2299	2262	2229	2191	2168	2144	2107	2084	2059	2043	2025	2005	1973	1938	
4532	3803	3254	3017	2753	2601	2523	2446	2399	2351	2311	2276	2235	2210	2182	2146	2120	2090	2073	2052	2032	1996	1959	1932	
4266	3544	3206	2900	2722	2624	2536	2476	2420	2378	2338	2295	2266	2235	2197	2169	2138	2119	2097	2076	2040	2003	1973	1946	
3924	3431	3025	2818	2701	2596	2522	2458	2412	2367	2320	2291	2260	2221	2192	2161	2142	2120	2099	2062	2023	1992	1964	1938	
3939	3352	3024	2864	2733	2639	2564	2511	2460	2403	2368	2332	2292	2260	2224	2199	2173	2150	2110	2068	2034	2003	1977	1951	
3801	3323	3064	2880	2764	2677	2612	2554	2493	2451	2411	2367	2332	2289	2261	2229	2203	2162	2117	2079	2044	2018	1992	1965	
3898	3475	3152	2987	2872	2790	2711	2630	2579	2535	2483	2446	2399	2365	2330	2302	2257	2208	2166	2132	2101	2073	2042	2011	
4139	3642	3348	3181	3062	2950	2848	2781	2729	2663	2614	2553	2511	2461	2427	2365	2313	2262	2222	2184	2153	2120	2086	2070	
4288	3825	3548	3355	3211	3075	2985	2913	2833	2765	2695	2645	2586	2542	2471	2408	2353	2310	2269	2234	2197	2157	2139	2118	
4519	4039	3704	3491	3313	3190	3083	2977	2892	2796	2739	2667	2616	2533	2466	2405	2358	2312	2275	2237	2194	2175	2151	2126	
4749	4194	3877	3628	3461	3309	3182	3071	2957	2885	2803	2735	2642	2567	2501	2450	2399	2359	2318	2272	2252	2224	2195	2176	
4823	4290	3926	3690	3496	3343	3212	3076	2987	2894	2820	2719	2637	2566	2511	2454	2413	2367	2320	2299	2269	2238	2217	2192	
4893	4289	3912	3657	3479	3322	3160	3054	2957	2873	2766	2679	2605	2545	2482	2438	2391	2343	2317	2286	2253	2232	2206	2182	
4814	4241	3900	3662	3465	3269	3140	3029	2936	2823	2729	2650	2585	2522	2475	2424	2374	2348	2316	2282	2261	2234	2210	2161	
4805	4233	3880	3630	3388	3236	3103	2993	2868	2773	2687	2617	2546	2498	2445	2392	2367	2334	2300	2277	2251	2226	2175	2132	
4835	4259	3887	3582	3397	3230	3095	2951	2847	2758	2681	2606	2553	2497	2440	2413	2380	2343	2320	2291	2264	2210	2165	2034	
4806	4212	3812	3569	3358	3193	3032	2919	2824	2743	2663	2607	2550	2491	2463	2428	2389	2365	2335	2305	2250	2204	2066	1974	
4756	4162	3817	3542	3343	3144	3024	2922	2836	2747	2685	2619	2558	2527	2486	2442	2417	2387	2356	2301	2252	2113	2019	1951	
4672	4146	3767	3514	3269	3131	3012	2917	2820	2753	2680	2615	2580	2537	2491	2462	2432	2397	2341	2290	2147	2050	1979	1935	
4676	4099	3749	3436	3257	3121	3013	2902	2824	2744	2674	2637	2592	2545	2513	2478	2441	2382	2330	2182	2083	2009	1963	1929	
4655	4110	3653	3400	3228	3098	2974	2886	2803	2729	2687	2637	2585	2552	2515	2474	2412	2360	2207	2108	2032	1984	1949	1918	
4640	3981	3615	3402	3252	3110	3008	2910	2831	2780	2723	2663	2626	2588	2544	2481	2424	2257	2153	2074	2025	1990	1958	1936	
4471	3928	3635	3423	3246	3123	3009	2923	2859	2797	2732	2691	2651	2602	2529	2469	2293	2181	2098	2042	2006	1974	1949	1930	
4593	4117	3758	3514	3345	3202	3095	3016	2942	2866	2810	2764	2711	2632	2563	2373	2252	2163	2101	2060	2027	2001	1980	1961	
4760	4186	3816	3595	3406	3268	3169	3077	2994	2926	2872	2809	2724	2643	2437	2306	2212	2141	2098	2062	2033	2012	1993	1973	
4727	4136	3812	3565	3397	3273	3167	3076	2997	2936	2869	2782	2695	2480	2344	2249	2172	2125	2088	2056	2033	2013	1991	1964	
4698	4165	3809	3584	3430	3297	3185	3089	3018	2944	2846	2746	2517	2368	2273	2194	2147	2105	2073	2049	2028	2006	1978	1967	
4764	4165	3834	3624	3445	3296	3180	3098	3013	2903	2796	2557	2402	2303	2223	2172	2130	2095	2071	2049	2026	1998	1987	1966	
4764	4187	3868	3635	3448	3303	3204	3112	2989	2872	2612	2445	2340	2256	2201	2157	2120	2096	2074	2051	2021	2009	1987	1974	
4781	4267	3913	3662	3467	3340	3231	3087	2952	2679	2499	2385	2297	2237	2192	2155	2125	2100	2075	2045	2031	2009	1996	1968	
4846	4264	3906	3648	3493	3351	3189	3043	2740	2543	2419	2326	2258	2212	2174	2141	2116	2091	2059	2043	2021	2008	1979	1964	
4826	4229	3868	3665	3489	3303	3142	2801	2600	2464	2365	2293	2242	2200	2167	2141	2114	2081	2064	2042	2029	1999	1984	1976	
4776	4229	3928	3689	3453	3259	2872	2654	2508	2404	2329	2274	2228	2192	2163	2134	2100	2081	2057	2043	2012	1996	1986	1978	
4798	4272	3907	3612	3374	2946	2707	2554	2443	2362	2300	2252	2214	2184	2154	2120	2101	2076	2062	2030	2013	2003	1995	1982	
4825	4257	3847	3544	3053	2783	2615	2494	2402	2336	2285	2239	2209	2175	2139	2117	2090	2074	2043	2025	2015	2006	1992	1987	
4833	4179	3772	3188	2874	2691	2558	2457	2386	2335	2287	2256	2219	2182	2158	2128	2110	2076	2054	2040	2030	2016	2009	1995	
4759	4103	3361	2982	2770	2621	2505	2428	2375	2325	2292	2254	2214	2189	2154	2135	2099	2076	2061	2050	2035	2027	2011	1991	
4674	3598	3120	2871	2694	2566	2480	2419	2364	2329	2287	2243	2215	2180	2159	2123	2098	2081	2068	2051	2043	2027	2007	1994	
4037	3346	3022	2813	2664	2560	2490	2424	2380	2333	2284	2255	2218	2194	2155	2124	2106	2091	2074	2065	2049	2028	2014	1995	
3833	3336	3038	2828	2698	2607	2522	2469	2416	2354	2320	2280	2256	2211	2180	2160	2143	2124	2114	2098	2075	2061	2040	2019	
4089	3468	3139	2943	2816	2706	2636	2563	2489	2446	2406	2375	2327	2291	2269	2251	2231	2220	2202	2179	2161	2139	2114	2085	
4203	3619	3302	3111	2959	2863	2771	2682	2626	2574	2532	2476	2434	2408	2385	2361	2342	2320	2291	2269	2247	2216	2184	2162	
4302	3767	3445	3239	3117	2997	2873	2802	2740	2686	2614	2563	2527	2497	2470	2447	2420	2391	2364	2336	2302	2266	2243	2205	
4403	3886	3550	3363	3184	3030	2937	2863	2799	2715	2659	2616	2583	2548	2522	2493	2463	2432	2400	2357	2320	2291	2251	2223	
4522	3956	3652	3419	3218	3094	2998	2919	2827	2763	2712	2668	2629	2602	2571	2538	2506	2470	2424	2383	2350	2308	2280	2242	
4584	4074	3705	3438	3267	3142	3042	2945	2873	2816	2760	2718	2685	2648	2610	2577	2539	2490	2449	2411	2368	2339	2297	2263	
4727	4131	3708	3478	3307	3191	3076	2993	2927	2857	2809	2768	2729	2685	2645	2603	2551	2506	2465	2422	2391	2345	2306	2284	
4718	4071	3729	3505	3355	3213	3112	3031	2953	2896	2850	2802	2754	2712	2668	2610	2562	2516	2471	2437	2386	2345	2320	2293	
4593	4040	3736	3539	3365	3244	3152	3066	2999	2946	2890	2838	2789	2743	2683	2629	2576	2527	2487	2430	2386	2358	2330	2309	
4705	4172	3859	3621	3467	3340	3233	3154	3092	3027	2969	2910	2854	2791	2731	2669	2611	2566	2504	2454	2423	2395	2368	2344	
4713	4223	3879	3663	3495	3365	3275	3200	3123	3057	2996	2933	2862	2800	2731	2665	2617	2551	2500	2464	2436	2408	2383	2356	
4815	4225	3916	3695	3532	3412	3328	3235	3162	3092	3021	2931	2862	2787	2716	2662	2591	2535	2498	2469	2439	2414	2384	2364	
4802	4279	3957	3727	3568	3463	3349	3267	3186	3108	3011	2929	2847	2770	2713	2639	2578	2539	2509	2476	2448	2417	2397	2133	
4853	4315	3975	3762	3623	3489	3392	3297	3203	3096	3003	2913	2829	2763	2684	2619	2580	2547	2510	2480	2445	2424	2149	2096	
4871	4334	4015	3813	3643	3515	3394	3290	3173	3063	2963	2872	2797	2712	2646	2608	2573	2534	2502	2466	2444	2165	2111	2081	
4873	4338	4056	3825	3667	3525	3408	3273	3153	3037	2938	2853	2759	2689	2650	2612	2568	2533	2494	2472	2181	2125	2095	2069	
4872	4378	4039	3836	3652	3510	3358	3225	3096	2983	2893	2792	2717	2675	2634	2589	2553	2513	2491	2192	2136	2104	2078	2054	
4882	4351	4068	3821	3630	3455	3296	3157	3038	2938	2829	2750	2705	2662	2614	2576	2534	2512	2205	2149	2115	2089	2065	2046	
4870	4364	4020	3782	3568	3386	3226	3093	2980	2865	2783	2737	2690	2640	2599	2553	2530	2219	2161	2124	2098	2074	2055	2032	
4852	4321	3980	3720	3492	3308	3158	3036	2916	2827	2774	2723	2668	2623	2575	2550	2234	2174	2136	2109	2083	2063	2038	2020	
4857	4296	3925	3651	3426	3255	3115	2982	2885	2828	2773	2713	2663	2615	2586	2257	2192	2153	2125	2098	2077	2052	2034	2015	
4830	4238	3851	3580	3377	3210	3053	2949	2883	2825	2760	2708	2655	2624	2292	2225	2182	2153	2123	2099	2074	2056	2035	2019	
4779	4187	3795	3535	3341	3161	3036	2958	2895	2822	2767	2710	2673	2324	2255	2210	2181	2150	2126	2098	2078	2057	2041	2024	
4699	4089	3741	3506	3292	3149	3055	2979	2897	2836	2772	2731	2369	2297	2248	2218	2185	2159	2131	2111	2089	2073	2054	2042	
4624	4084	3746	3476	3288	3173	3087	2992	2918	2843	2797	2418	2342	2290	2258	2225	2194	2165	2143	2119	2102	2082	2070	2053	
4652	4095	3703	3459	3308	3199	3082	2996	2910	2860	2466	2385	2332	2299	2265	2230	2199	2173	2148	2131	2110	2096	2078	2061	
4651	4066	3727	3516	3366	3229	3131	3025	2965	2541	2452	2394	2354	2313	2271	2240	2213	2187	2170	2147	2132	2113	2095	2077	
4617	4087	3766	3554	3380	3261	3136	3060	2608	2505	2440	2397	2349	2305	2273	2244	2217	2200	2175	2159	2139	2119	2101	2083	
4619	4115	3798	3573	3408	3264	3174	2670	2556	2485	2435	2382	2336	2303	2272	2243	2226	2200	2184	2163	2143	2125	2105	2086	
4699	4190	3851	3621	3429	3315	2771	2645	2570	2511	2450	2399	2364	2328	2297	2273	2244	2228	2206	2184	2165	2143	2123	2104	
4754	4203	3865	3621	3472	2878	2732	2647	2580	2510	2455	2417	2379	2345	2321	2286	2269	2245	2222	2203	2181	2160	2140	2129	
4786	4234	3869	3641	2969	2804	2710	2632	2557	2501	2459	2415	2378	2351	2315	2296	2270	2246	2226	2204	2183	2162	2152	2132	
4752	4195	3871	3102	2906	2793	2705	2624	2563	2515	2464	2422	2390	2352	2330	2300	2274	2253	2229	2208	2185	2174	2153	2140	
4728	4219	3267	3033	2900	2802	2712	2641	2584	2528	2479	2440	2398	2372	2338	2311	2288	2262	2239	2215	2204	2182	2168	2153	
4836	3532	3226	3059	2937	2823	2742	2675	2612	2558	2518	2467	2438	2401	2373	2350	2324	2299	2275	2262	2238	2221	2204	2181	
3913	3477	3244	3090	2941	2838	2760	2688	2632	2589	2533	2500	2460	2429	2403	2374	2347	2323	2309	2282	2265	2247	2224	2204	
4800	4273	3932	3652	3483	3357	3244	3155	3091	3014	2966	2913	2873	2834	2795	2758	2727	2703	2669	2643	2616	2588	2561	2534	
4834	4283	3894	3682	3508	3371	3268	3188	3096	3033	2975	2929	2886	2844	2805	2770	2743	2707	2678	2647	2618	2584	2556	2536	
4771	4182	3902	3680	3515	3396	3297	3186	3115	3049	2995	2946	2900	2857	2819	2788	2751	2719	2687	2657	2622	2592	2571	2552	
4701	4226	3910	3700	3545	3421	3292	3212	3136	3068	3014	2963	2917	2878	2841	2800	2762	2729	2696	2659	2628	2607	2586	2564	
4752	4242	3924	3723	3568	3410	3310	3220	3140	3077	3021	2972	2928	2891	2844	2801	2767	2732	2693	2660	2637	2614	2589	2550	
4834	4306	4010	3783	3582	3457	3341	3248	3173	3108	3044	2991	2947	2896	2852	2815	2777	2731	2695	2668	2643	2617	2575	2531	
4827	4325	4005	3744	3592	3451	3340	3255	3181	3108	3049	3000	2945	2897	2859	2814	2768	2727	2700	2673	2644	2599	2553	2509	
4864	4333	3969	3758	3580	3446	3349	3260	3180	3110	3051	2993	2940	2901	2855	2808	2764	2736	2704	2674	2629	2579	2532	2481	
4798	4229	3942	3722	3566	3450	3349	3253	3175	3114	3055	2999	2954	2903	2853	2803	2773	2738	2707	2658	2606	2557	2504	2477	
4732	4267	3953	3751	3598	3470	3357	3262	3190	3125	3060	3013	2960	2902	2850	2814	2779	2747	2695	2641	2588	2534	2504	2476	
4838	4301	3994	3790	3627	3494	3370	3285	3214	3138	3085	3028	2968	2915	2871	2828	2791	2734	2676	2619	2561	2530	2501	2474	
4828	4313	4021	3800	3635	3490	3391	3303	3221	3158	3097	3031	2973	2920	2873	2834	2772	2711	2651	2590	2558	2526	2498	2469	
4827	4324	4022	3801	3616	3488	3382	3295	3223	3157	3085	3024	2967	2918	2878	2812	2743	2683	2621	2585	2550	2520	2489	2470	
4835	4324	4016	3778	3623	3488	3380	3293	3218	3139	3071	3006	2956	2914	2844	2772	2711	2646	2608	2569	2539	2506	2487	2463	
4822	4316	4002	3795	3625	3488	3375	3289	3198	3124	3050	2996	2954	2879	2805	2743	2671	2633	2594	2563	2525	2506	2480	2461	
4846	4324	4022	3804	3630	3495	3391	3288	3202	3118	3058	3005	2921	2842	2778	2704	2663	2620	2588	2549	2530	2501	2480	2456	
4842	4352	4044	3819	3642	3515	3388	3286	3189	3118	3059	2973	2888	2821	2746	2702	2656	2621	2579	2557	2524	2502	2477	2445	
4842	4330	4025	3793	3635	3492	3377	3268	3187	3125	3033	2944	2870	2789	2743	2695	2656	2614	2585	2551	2528	2503	2470	2447	
4816	4331	4006	3796	3616	3483	3360	3258	3187	3087	2990	2912	2828	2778	2724	2680	2634	2605	2570	2547	2516	2481	2457	2439	
4803	4284	3990	3749	3586	3441	3324	3246	3140	3034	2952	2863	2811	2755	2710	2660	2630	2593	2566	2535	2498	2471	2453	2427	
4817	4318	3981	3760	3576	3444	3340	3223	3104	3012	2918	2860	2794	2744	2688	2657	2620	2592	2561	2524	2496	2475	2447	2417	
4862	4295	3984	3741	3578	3439	3310	3181	3077	2972	2908	2837	2785	2726	2693	2654	2624	2589	2551	2520	2498	2470	2437	2409	
4804	4297	3965	3736	3554	3412	3264	3143	3032	2961	2876	2823	2762	2727	2685	2654	2618	2578	2545	2521	2493	2460	2430	2414	
4829	4297	3958	3726	3541	3367	3236	3115	3038	2942	2885	2815	2779	2734	2702	2661	2617	2579	2555	2523	2489	2456	2439	2416	
4840	4291	3968	3722	3522	3364	3227	3135	3033	2961	2883	2837	2789	2751	2706	2659	2619	2589	2555	2520	2486	2467	2444	2414	
4786	4258	3942	3694	3506	3347	3243	3128	3045	2960	2905	2852	2808	2756	2706	2661	2624	2587	2549	2513	2493	2469	2437	2414	
4784	4273	3912	3660	3460	3331	3199	3103	3007	2945	2890	2843	2790	2736	2691	2652	2614	2575	2539	2518	2490	2457	2433	2407	
4768	4216	3863	3615	3459	3311	3190	3087	3019	2957	2904	2841	2785	2733	2693	2654	2612	2574	2550	2520	2485	2460	2432	2418	
4727	4173	3827	3617	3428	3283	3163	3082	3011	2954	2882	2818	2765	2720	2675	2633	2595	2571	2538	2500	2475	2447	2431	2415	
4691	4126	3825	3583	3408	3267	3162	3078	3012	2931	2860	2804	2757	2709	2665	2625	2598	2561	2522	2497	2468	2452	2436	2418	
4659	4130	3792	3569	3395	3271	3169	3089	2998	2912	2850	2800	2748	2703	2661	2629	2589	2546	2519	2490	2474	2457	2436	2418	
4711	4173	3840	3606	3446	3298	3184	3072	2973	2906	2849	2792	2739	2693	2659	2618	2573	2543	2514	2497	2479	2458	2440	2427	
4719	4163	3838	3638	3440	3302	3164	3052	2974	2907	2847	2790	2740	2704	2656	2610	2579	2549	2531	2511	2489	2469	2456	2433	
4673	4153	3843	3586	3416	3257	3134	3043	2967	2897	2835	2779	2742	2690	2641	2608	2575	2554	2533	2510	2490	2474	2450	2437	
4713	4189	3824	3599	3407	3260	3149	3055	2976	2905	2842	2798	2738	2687	2648	2610	2589	2566	2541	2520	2503	2476	2461	2446	
4732	4164	3830	3589	3409	3264	3155	3063	2983	2913	2862	2797	2738	2696	2657	2634	2609	2582	2559	2541	2514	2497	2482	2463	
4686	4166	3821	3589	3413	3278	3157	3067	2984	2926	2855	2792	2745	2699	2674	2645	2618	2594	2574	2545	2525	2509	2490	2472	
4716	4161	3827	3581	3411	3260	3152	3056	2989	2910	2841	2792	2742	2713	2682	2652	2627	2605	2574	2551	2534	2514	2495	2475	
4667	4140	3815	3569	3390	3261	3154	3070	2983	2908	2853	2798	2767	2730	2697	2670	2646	2614	2586	2568	2545	2526	2505	2485	
4718	4164	3820	3588	3404	3272	3165	3070	2978	2917	2859	2825	2783	2748	2718	2691	2655	2624	2604	2580	2560	2538	2517	2490	
4734	4184	3845	3605	3440	3310	3201	3096	3022	2960	2920	2866	2826	2787	2755	2714	2681	2660	2633	2608	2585	2562	2533	2516	
4734	4177	3849	3633	3468	3328	3204	3110	3042	2995	2936	2891	2846	2806	2760	2724	2703	2674	2649	2626	2601	2569	2550	2527	
4723	4193	3873	3663	3487	3326	3217	3133	3076	3011	2958	2907	2861	2810	2771	2749	2718	2692	2664	2637	2602	2581	2557	2527	
4789	4228	3915	3679	3471	3339	3237	3173	3099	3038	2982	2932	2875	2831	2805	2767	2740	2712	2682	2646	2625	2599	2567	2547	
4757	4236	3906	3644	3483	3355	3276	3196	3126	3060	3005	2945	2898	2870	2828	2795	2764	2732	2694	2673	2645	2612	2590	2566	
4750	4204	3849	3649	3492	3392	3291	3212	3138	3077	3013	2962	2931	2886	2852	2816	2779	2739	2716	2685	2650	2627	2602	2571	
4766	4175	3884	3668	3529	3400	3306	3223	3157	3086	3026	2988	2940	2903	2861	2819	2778	2751	2719	2684	2659	2633	2600	2574	
4755	4254	3929	3728	3561	3433	3332	3252	3172	3107	3064	3008	2965	2921	2877	2831	2802	2768	2732	2703	2675	2639	2610	2576	
4764	4250	3956	3734	3571	3450	3348	3258	3184	3135	3073	3024	2975	2928	2880	2847	2810	2772	2740	2712	2671	2640	2603	2578	
4833	4344	4016	3798	3629	3494	3382	3296	3236	3164	3107	3051	2999	2947	2913	2872	2829	2791	2759	2714	2681	2644	2619	2581	
4822	4297	3991	3775	3614	3488	3387	3314	3232	3165	3105	3048	2990	2950	2905	2859	2816	2782	2735	2700	2663	2638	2598	2572	
4837	4309	4006	3784	3623	3496	3404	3311	3236	3167	3109	3048	3000	2950	2904	2857	2820	2771	2734	2694	2667	2625	2597	2577	
4822	4333	4010	3799	3633	3516	3405	3322	3249	3183	3118	3066	3014	2961	2907	2865	2812	2770	2727	2698	2656	2626	2605	2576	
4819	4313	4015	3798	3651	3523	3426	3339	3265	3192	3132	3073	3014	2955	2906	2852	2809	2761	2732	2689	2655	2632	2599	2578	
4826	4324	4009	3804	3638	3522	3424	3344	3263	3198	3133	3067	3006	2953	2890	2844	2792	2759	2715	2681	2657	2622	2601	2572	
4832	4320	4027	3810	3659	3541	3443	3350	3279	3204	3133	3066	3008	2940	2889	2827	2793	2746	2711	2684	2648	2623	2592	2530	
4812	4337	4013	3824	3676	3545	3433	3349	3259	3180	3106	3043	2970	2915	2852	2816	2768	2730	2703	2663	2637	2606	2541	2479	
4866	4322	4036	3828	3667	3535	3435	3331	3239	3157	3088	3008	2950	2886	2846	2796	2754	2725	2684	2657	2625	2559	2493	2347	
4851	4360	4040	3827	3662	3527	3404	3298	3210	3134	3050	2990	2923	2880	2823	2780	2751	2709	2682	2648	2578	2512	2363	2229	
4884	4348	4036	3812	3643	3492	3370	3274	3193	3106	3036	2964	2914	2855	2811	2779	2737	2710	2675	2601	2532	2380	2239	2155	
4866	4349	4034	3813	3624	3478	3363	3268	3169	3090	3015	2961	2898	2850	2814	2769	2741	2704	2623	2553	2397	2253	2167	2117	
4866	4346	4033	3795	3613	3481	3372	3259	3164	3079	3016	2947	2895	2855	2807	2776	2739	2652	2580	2421	2272	2185	2133	2086	
4852	4345	4022	3787	3613	3478	3349	3243	3152	3081	3005	2946	2899	2850	2819	2777	2686	2612	2445	2289	2199	2145	2098	2048	
4877	4335	4012	3782	3614	3466	3338	3236	3158	3077	3009	2956	2894	2861	2814	2716	2640	2466	2305	2214	2157	2108	2058	2018	
4844	4291	3974	3765	3580	3430	3311	3226	3132	3057	2996	2930	2891	2843	2740	2661	2486	2319	2224	2164	2112	2062	2021	1974	
4811	4278	3974	3739	3555	3413	3307	3198	3111	3046	2973	2932	2879	2773	2691	2509	2334	2235	2174	2122	2072	2031	1984	1947	
4863	4342	4010	3765	3590	3440	3314	3206	3133	3055	3005	2943	2822	2732	2540	2356	2256	2191	2139	2088	2047	2000	1962	1936	
4798	4289	3961	3737	3555	3409	3291	3200	3110	3049	2985	2855	2763	2566	2374	2271	2203	2150	2098	2056	2008	1970	1944	1868	
4843	4318	3980	3734	3548	3403	3297	3195	3124	3053	2909	2809	2604	2402	2294	2223	2167	2114	2069	2021	1982	1956	1878	1848	
4831	4292	3949	3710	3529	3406	3284	3202	3123	2969	2864	2650	2434	2324	2250	2192	2137	2090	2041	2000	1972	1892	1862	1832	
4820	4270	3931	3712	3558	3411	3312	3217	3038	2924	2699	2473	2354	2277	2214	2158	2109	2059	2018	1989	1906	1874	1843	1818	
4801	4252	3946	3739	3562	3435	3317	3117	2989	2749	2514	2388	2308	2242	2180	2130	2079	2038	2007	1920	1888	1856	1831	1801	
4776	4285	3975	3749	3584	3445	3218	3076	2820	2564	2427	2345	2273	2206	2153	2102	2056	2025	1937	1903	1871	1846	1816	1789	
4819	4302	3976	3757	3569	3311	3155	2886	2608	2461	2376	2303	2233	2178	2126	2078	2046	1957	1923	1890	1864	1832	1805	1752	
4849	4316	3997	3737	3420	3245	2959	2663	2507	2414	2333	2259	2201	2147	2096	2064	1972	1937	1903	1877	1843	1815	1762	1722	
4872	4345	3966	3576	3372	3043	2724	2553	2453	2369	2292	2231	2177	2123	2089	1993	1957	1920	1894	1858	1830	1775	1735	1699	
4840	4270	3765	3511	3139	2793	2606	2498	2412	2330	2268	2210	2155	2118	2019	1980	1943	1915	1878	1850	1792	1752	1716	1682	
4804	4039	3704	3262	2869	2661	2544	2447	2362	2295	2236	2177	2139	2040	2001	1964	1934	1897	1868	1810	1768	1731	1697	1425	
4573	4027	3425	2967	2732	2609	2501	2411	2338	2275	2210	2171	2067	2025	1984	1954	1916	1886	1827	1784	1746	1711	1435	1328	
4615	3712	3123	2828	2692	2574	2475	2394	2325	2253	2210	2099	2054	2008	1976	1937	1907	1847	1801	1762	1727	1445	1337	1135	
4412	3364	3006	2839	2693	2577	2471	2390	2312	2264	2143	2096	2049	2016	1972	1940	1879	1831	1792	1756	1467	1356	1150	1094	
3726	3211	2998	2823	2683	2553	2461	2380	2326	2195	2143	2091	2056	2011	1973	1911	1863	1824	1787	1488	1372	1163	1107	1016	
3837	3422	3161	2932	2765	2635	2531	2457	2300	2244	2188	2142	2088	2044	1974	1922	1877	1840	1533	1410	1192	1131	1037	983	
4520	3862	3484	3218	3030	2880	2773	2524	2441	2355	2296	2228	2174	2097	2043	1994	1952	1603	1469	1223	1156	1057	999	960	
4564	3888	3498	3237	3046	2917	2636	2539	2440	2368	2292	2231	2148	2093	2042	1999	1640	1501	1248	1181	1081	1022	983	897	
4402	3795	3427	3182	3026	2715	2603	2496	2415	2331	2267	2178	2118	2067	2023	1660	1517	1262	1191	1090	1030	990	901	874	
4445	3849	3487	3267	2844	2708	2581	2491	2402	2328	2231	2164	2110	2064	1689	1540	1277	1204	1100	1039	999	909	879	857	
4462	3862	3513	3006	2850	2701	2582	2476	2390	2287	2213	2157	2105	1715	1562	1291	1216	1109	1047	1007	914	884	862	852	
4515	3929	3239	3025	2846	2694	2571	2466	2349	2268	2208	2148	1744	1586	1308	1231	1123	1061	1019	925	895	873	862	850	
4531	3557	3242	3001	2815	2669	2549	2419	2329	2264	2200	1779	1618	1330	1252	1141	1078	1034	937	908	885	874	861	523	
4022	3537	3218	2981	2804	2660	2509	2411	2338	2266	1828	1659	1355	1275	1163	1098	1052	954	925	902	891	878	537	474	
4282	3712	3336	3059	2866	2683	2557	2459	2369	1898	1716	1396	1311	1189	1117	1070	969	939	916	905	891	544	479	395	
4485	3795	3400	3107	2873	2711	2590	2489	1974	1768	1429	1337	1207	1133	1085	983	951	928	917	901	548	483	397	297	
4373	3732	3314	3025	2823	2685	2568	2027	1810	1457	1361	1229	1151	1103	995	963	940	929	913	555	489	401	298	266	
4358	3620	3241	2978	2809	2671	2097	1868	1490	1387	1250	1168	1118	1007	975	952	940	924	563	494	405	300	267	250	
4123	3535	3177	2956	2788	2167	1915	1520	1406	1269	1184	1133	1017	985	962	950	934	569	499	409	304	270	253	247	
4146	3561	3229	3005	2298	1996	1576	1452	1303	1209	1158	1038	1006	981	969	953	583	507	415	307	273	256	250	229	
4167	3595	3260	2442	2099	1632	1494	1341	1238	1182	1056	1024	999	987	969	589	513	418	310	276	258	252	230	219	
4220	3620	2623	2214	1696	1543	1375	1259	1198	1070	1037	1011	998	980	594	516	421	311	278	260	254	232	221	212	
4187	2883	2386	1792	1612	1427	1303	1241	1102	1068	1038	1024	1006	604	524	427	312	279	261	255	233	222	213	153	
3381	2644	1932	1724	1514	1374	1298	1148	1112	1081	1065	1046	629	545	443	323	288	267	260	237	224	215	155	149	
3699	2503	2157	1852	1590	1481	1306	1264	1224	1201	1181	705	610	496	340	299	277	269	243	227	218	158	151	148	
2904	2381	2016	1665	1544	1351	1307	1260	1236	1213	726	624	509	345	303	281	273	247	230	221	159	151	148	140	
3146	2524	1931	1747	1496	1440	1381	1349	1320	782	669	538	356	313	289	277	250	233	224	162	154	150	142	135	
3033	2204	1927	1617	1539	1462	1420	1383	800	682	546	360	316	292	278	251	234	225	162	154	150	142	135	132	
2662	2216	1785	1680	1577	1516	1469	836	709	563	364	318	294	280	253	236	227	163	155	151	143	136	133	116	
2833	2158	1966	1809	1706	1639	888	741	582	375	326	303	288	261	243	234	171	162	158	148	139	136	118	113	
3006	2585	2307	2138	2026	1033	836	642	397	346	319	301	269	249	238	174	165	162	152	143	139	119	113	89	
3849	3165	2807	2580	1234	974	724	443	381	351	330	290	266	251	183	174	170	157	148	144	123	116	90	84	
4135	3372	3008	1380	1056	769	464	396	365	340	299	274	258	188	179	174	161	150	146	125	117	91	85	81	
3906	3304	1453	1092	783	471	401	368	342	301	276	259	189	180	175	162	151	147	127	119	93	87	82	80	
3977	1595	1162	816	489	415	381	352	311	285	267	195	186	180	163	152	148	128	120	94	88	83	81	78	
1847	1260	853	506	428	394	360	317	289	271	198	187	181	164	153	149	129	121	95	89	84	82	79	79	
2051	1134	606	495	452	409	351	320	297	215	201	193	175	162	157	135	127	97	91	85	83	80	80	80	
1931	887	679	605	539	466	425	384	276	257	249	224	206	197	159	148	111	103	95	93	90	90	90	87	
1629	1092	934	785	667	588	533	380	349	334	286	258	236	178	164	119	111	103	100	97	97	97	94	93	
2120	1625	1234	999	855	777	552	494	446	373	337	279	208	192	133	124	114	110	107	107	106	103	101	99	
2812	1832	1242	1034	924	619	547	487	405	365	299	226	209	139	129	118	114	111	111	109	105	103	100	100	
2462	1569	1266	1120	723	616	544	449	400	331	246	228	152	142	127	123	120	120	118	115	113	110	110	110	
2261	1674	1434	921	731	632	513	439	358	266	242	158	146	131	127	123	123	121	117	115	112	112	112	111	
2353	1812	1101	844	717	572	481	386	287	261	167	154	137	133	129	129	126	122	120	117	116	116	115	114	
3378	1503	983	824	652	535	428	315	285	180	163	144	140	135	135	132	128	125	122	121	120	118	117	117	
2021	1138	881	687	561	448	328	295	185	167	147	143	138	138	135	130	126	123	122	121	119	118	118	116	
1689	1137	858	679	525	378	337	206	183	159	154	149	148	143	136	131	128	127	127	125	124	124	122	121	
2573	1682	1276	912	653	579	328	286	240	227	214	211	206	194	186	182	179	176	174	173	173	168	164	164	
2760	1507	1037	737	642	360	309	256	239	226	222	216	202	192	188	185	182	180	179	178	173	169	169	158	
2024	1234	850	703	395	334	272	252	237	230	223	207	197	192	189	185	182	181	179	174	170	170	159	149	
1889	1093	861	468	385	302	273	255	246	236	219	208	202	199	194	191	190	187	180	176	175	164	153	153	
2610	1768	732	571	416	363	320	302	272	246	232	225	218	211	206	204	200	193	185	184	173	162	162	160	
2108	830	617	445	384	334	314	283	255	239	232	225	218	213	211	207	199	191	189	178	167	167	165	161	
1621	940	607	487	419	387	349	311	292	283	275	265	259	256	251	241	232	230	214	202	202	199	194	192	
1536	935	702	578	489	434	392	369	357	342	330	321	316	309	296	285	282	265	250	250	243	236	234	233	
1651	1122	832	689	584	519	485	468	447	429	419	411	400	379	365	360	339	320	320	309	301	299	297	295	
1795	1226	965	782	680	631	607	576	549	533	523	511	488	464	458	431	409	409	393	384	383	380	378	376	
1838	1331	1033	873	805	763	713	675	652	641	620	588	561	548	507	480	479	462	451	449	445	442	440	437	
1863	1330	1079	975	909	841	791	760	747	718	680	634	616	569	538	535	515	503	500	496	492	490	486	482	
1966	1470	1271	1154	1039	967	931	910	875	823	758	730	668	632	627	597	581	575	570	563	558	554	550	544	
2210	1823	1485	1299	1200	1150	1121	1077	1013	929	894	817	770	756	715	692	684	678	667	662	658	653	647	630	
2325	1808	1512	1381	1312	1268	1215	1110	1017	976	894	840	824	760	736	725	718	707	702	698	693	687	669	664	
2220	1768	1530	1436	1382	1317	1197	1090	1044	948	887	866	799	773	762	753	742	736	730	725	718	700	695	688	
2201	1803	1668	1588	1501	1351	1218	1143	1022	953	929	852	823	812	803	792	783	777	771	763	744	739	731	727	
2716	2368	2206	2017	1779	1500	1393	1219	1134	1088	990	948	933	921	909	900	891	885	875	853	847	839	834	828	
3934	3300	2879	2377	1879	1645	1386	1276	1221	1102	1056	1037	1018	1005	991	980	974	964	940	933	925	919	912	906	
4311	3282	2628	2011	1729	1442	1327	1257	1129	1078	1059	1039	1024	1009	997	991	982	958	950	941	934	927	920	915	
3777	2904	2169	1841	1522	1402	1318	1180	1121	1101	1081	1061	1046	1034	1028	1015	991	981	972	965	958	951	946	940	
3666	2525	1974	1610	1473	1367	1224	1163	1140	1119	1098	1083	1070	1063	1049	1025	1011	1001	994	986	978	972	966	960	
2913	2166	1716	1551	1423	1269	1204	1179	1153	1126	1108	1094	1085	1069	1042	1028	1017	1010	1002	994	988	981	975	971	
2594	1952	1692	1520	1323	1248	1214	1183	1151	1133	1120	1109	1089	1060	1046	1033	1026	1017	1009	1003	996	990	985	979	
2373	1965	1666	1434	1339	1289	1244	1208	1186	1170	1159	1136	1104	1090	1077	1070	1060	1052	1045	1039	1033	1027	1020	1017	
2543	2055	1714	1585	1488	1424	1376	1347	1320	1303	1277	1238	1220	1206	1198	1186	1176	1169	1161	1155	1147	1138	1134	1123	
2936	2276	1997	1814	1649	1585	1535	1495	1474	1431	1371	1345	1329	1319	1305	1292	1284	1274	1268	1260	1251	1243	1228	1206	
2905	2442	1990	1787	1698	1634	1578	1553	1505	1440	1411	1392	1381	1365	1351	1343	1333	1327	1319	1308	1299	1282	1260	1253	
2982	2265	1970	1850	1766	1697	1657	1604	1532	1500	1480	1465	1449	1434	1424	1413	1405	1392	1380	1369	1351	1320	1312	1297	
2906	2445	2138	2008	1884	1826	1753	1667	1629	1604	1585	1563	1547	1536	1523	1515	1500	1485	1472	1447	1409	1399	1383	1377	
2999	2538	2324	2171	2065	1965	1866	1820	1785	1762	1732	1712	1697	1679	1668	1650	1629	1615	1586	1537	1524	1502	1493	1485	
3207	2849	2514	2370	2245	2120	2067	2023	1990	1954	1929	1906	1884	1866	1840	1810	1790	1757	1703	1679	1649	1633	1623	1621	
3358	2869	2613	2442	2288	2227	2174	2133	2089	2059	2032	2004	1983	1952	1917	1894	1854	1785	1756	1722	1705	1689	1686	1672	
3379	2985	2716	2522	2438	2375	2313	2259	2225	2189	2155	2128	2089	2044	2017	1967	1887	1849	1808	1776	1758	1754	1740	1727	
3510	3103	2813	2687	2592	2506	2435	2387	2343	2301	2264	2216	2161	2127	2066	1968	1923	1873	1838	1818	1814	1798	1780	1771	
4038	3512	3288	3125	2911	2793	2722	2655	2604	2551	2490	2338	2288	2204	2088	2021	1965	1923	1901	1893	1875	1856	1847	1817	
4527	4051	3711	3386	3209	3083	2979	2900	2834	2725	2546	2473	2367	2177	2105	2039	1993	1968	1960	1938	1916	1904	1871	1855	
4752	4160	3661	3413	3258	3127	3026	2945	2824	2627	2542	2415	2216	2138	2069	2021	1996	1988	1964	1942	1930	1894	1878	1863	
4731	4005	3671	3470	3302	3170	3071	2931	2721	2616	2482	2277	2197	2119	2066	2039	2031	2005	1980	1966	1928	1912	1896	1881	
4636	4068	3773	3533	3342	3212	3043	2814	2694	2540	2320	2234	2149	2094	2064	2054	2026	2001	1986	1947	1931	1915	1898	1886	
4756	4175	3810	3535	3372	3167	2906	2762	2595	2363	2272	2178	2118	2088	2076	2045	2020	2006	1966	1949	1932	1913	1900	1896	
4694	4104	3742	3529	3282	2968	2809	2628	2386	2289	2193	2132	2099	2086	2055	2029	2015	1975	1958	1941	1922	1909	1904	1885	
4684	4122	3803	3475	3071	2886	2681	2425	2317	2218	2152	2118	2103	2070	2043	2028	1988	1971	1952	1932	1919	1913	1893	1876	
4676	4145	3675	3212	2980	2752	2475	2361	2252	2182	2147	2130	2095	2068	2052	2011	1993	1972	1951	1935	1928	1907	1889	1877	
4697	4002	3380	3106	2837	2529	2410	2293	2218	2179	2162	2123	2093	2075	2033	2014	1992	1971	1955	1948	1927	1908	1895	1883	
4486	3656	3262	2948	2601	2474	2342	2263	2221	2201	2158	2126	2101	2058	2037	2012	1990	1974	1966	1944	1924	1910	1897	1884	
4161	3542	3110	2692	2541	2394	2309	2262	2238	2191	2151	2126	2081	2058	2030	2007	1990	1981	1957	1936	1921	1907	1893	1885	
4002	3374	2812	2633	2459	2360	2304	2273	2221	2180	2150	2103	2079	2051	2028	2010	2000	1974	1953	1937	1923	1909	1901	1893	
4142	3250	2877	2642	2469	2399	2358	2298	2247	2212	2158	2126	2093	2068	2049	2037	2011	1990	1970	1955	1941	1933	1925	1918	
3652	3148	2788	2575	2485	2430	2361	2305	2266	2209	2177	2139	2107	2087	2073	2046	2024	2002	1986	1972	1963	1954	1947	1942	
3774	3129	2846	2715	2628	2536	2462	2407	2339	2300	2252	2210	2184	2168	2140	2115	2089	2069	2052	2041	2032	2023	2017	2009	
3830	3335	3089	2953	2784	2687	2613	2521	2460	2401	2352	2319	2301	2266	2238	2206	2183	2162	2147	2135	2123	2117	2106	2093	
3870	3486	3220	2998	2861	2762	2645	2576	2502	2445	2406	2384	2346	2316	2280	2255	2233	2215	2201	2189	2179	2166	2153	2138	
4162	3697	3301	3106	2966	2822	2737	2655	2573	2527	2500	2460	2419	2373	2344	2318	2299	2283	2269	2256	2242	2221	2206	2192	
4299	3716	3378	3184	2960	2854	2756	2665	2611	2576	2528	2482	2429	2393	2364	2343	2326	2310	2296	2280	2257	2239	2224	2207	
4192	3680	3392	3109	2981	2858	2740	2678	2640	2587	2535	2477	2436	2406	2383	2365	2347	2332	2313	2290	2268	2250	2232	2222	
4230	3746	3327	3161	2996	2851	2774	2728	2665	2607	2541	2492	2457	2427	2406	2388	2371	2352	2327	2305	2287	2266	2256	2230	
4402	3735	3471	3253	3035	2934	2872	2800	2733	2643	2586	2545	2510	2485	2462	2443	2419	2388	2365	2346	2325	2312	2283	2269	
4242	3817	3516	3219	3083	2990	2903	2828	2720	2651	2600	2558	2530	2503	2481	2456	2423	2398	2376	2354	2341	2309	2294	2280	
4739	4101	3509	3305	3171	3056	2961	2814	2733	2667	2622	2590	2560	2533	2506	2471	2444	2421	2397	2383	2348	2331	2314	2301	
4615	3817	3531	3343	3186	3066	2903	2806	2736	2686	2649	2617	2589	2557	2520	2488	2464	2437	2424	2386	2367	2349	2334	2318	
4370	3904	3587	3333	3187	3006	2894	2815	2756	2710	2674	2642	2604	2566	2532	2504	2474	2455	2413	2395	2377	2361	2342	2324	
4572	3950	3604	3394	3150	3000	2907	2839	2782	2742	2706	2657	2614	2576	2544	2513	2488	2444	2424	2405	2388	2368	2349	2328	
4643	4096	3763	3360	3174	3048	2966	2898	2853	2805	2751	2700	2654	2618	2581	2549	2500	2480	2460	2439	2418	2398	2376	2354	
4709	4137	3546	3310	3152	3047	2968	2915	2860	2798	2741	2689	2649	2605	2572	2520	2499	2477	2455	2434	2413	2391	2368	2350	
4657	3820	3478	3284	3148	3051	2982	2917	2845	2783	2723	2681	2637	2600	2542	2518	2495	2472	2450	2428	2406	2383	2364	2346	
4436	3816	3513	3316	3194	3098	3024	2933	2862	2794	2747	2699	2655	2595	2565	2537	2510	2484	2459	2436	2411	2392	2374	2355	
4321	3851	3565	3372	3239	3148	3035	2950	2873	2816	2760	2712	2647	2613	2582	2554	2523	2497	2469	2443	2423	2405	2385	2372	
4565	4049	3712	3525	3381	3248	3132	3039	2976	2905	2844	2770	2724	2688	2655	2616	2586	2553	2524	2498	2478	2458	2441	2419	
4631	4100	3804	3600	3409	3265	3151	3073	2987	2917	2836	2784	2741	2698	2658	2625	2589	2554	2527	2507	2484	2467	2442	2424	
4695	4187	3869	3619	3404	3271	3180	3086	2997	2907	2850	2801	2756	2708	2671	2634	2596	2568	2541	2518	2498	2472	2453	2429	
4749	4226	3854	3571	3406	3286	3177	3082	2979	2906	2852	2802	2747	2705	2666	2626	2594	2565	2540	2519	2492	2472	2447	2423	
4710	4141	3768	3548	3400	3274	3164	3047	2966	2906	2849	2784	2738	2694	2650	2617	2587	2560	2537	2507	2487	2461	2437	2416	
4620	4072	3760	3562	3395	3265	3126	3032	2963	2902	2827	2778	2732	2681	2646	2612	2582	2559	2529	2509	2482	2457	2433	2416	
4557	4069	3764	3547	3378	3218	3098	3021	2947	2868	2814	2765	2712	2675	2639	2608	2583	2550	2529	2499	2473	2448	2431	2410	
4644	4123	3792	3567	3363	3222	3126	3036	2945	2885	2832	2772	2730	2692	2654	2626	2591	2566	2535	2508	2481	2462	2439	2418	
4731	4195	3837	3573	3378	3255	3150	3045	2975	2920	2852	2807	2764	2725	2686	2642	2616	2583	2551	2522	2501	2475	2451	2443	
4742	4146	3780	3538	3381	3249	3125	3045	2976	2902	2852	2804	2760	2718	2671	2639	2602	2570	2538	2515	2487	2463	2455	2435	
4628	4069	3747	3540	3367	3213	3119	3039	2958	2902	2848	2800	2754	2705	2670	2631	2599	2565	2541	2511	2487	2478	2459	2442	
4587	4061	3761	3516	3329	3223	3134	3034	2972	2908	2852	2801	2748	2709	2667	2635	2598	2573	2539	2514	2504	2484	2468	2445	
4615	4117	3749	3505	3367	3256	3147	3066	2994	2927	2870	2813	2768	2724	2691	2653	2627	2588	2560	2548	2526	2507	2483	2457	
4698	4118	3757	3564	3421	3278	3176	3095	3009	2943	2876	2829	2781	2744	2704	2674	2634	2602	2589	2563	2544	2516	2486	2465	
4710	4100	3827	3620	3440	3314	3214	3112	3039	2956	2902	2850	2808	2766	2731	2687	2651	2635	2605	2585	2554	2522	2500	2470	
4643	4139	3844	3603	3441	3313	3193	3107	3012	2949	2891	2844	2797	2758	2711	2674	2658	2627	2603	2571	2538	2516	2486	2469	
4674	4168	3845	3624	3463	3319	3215	3103	3028	2961	2910	2855	2812	2762	2723	2706	2673	2647	2614	2579	2554	2521	2504	2487	
4744	4196	3863	3642	3448	3325	3190	3098	3022	2963	2902	2850	2797	2754	2735	2702	2672	2636	2600	2574	2541	2521	2504	2484	
4734	4216	3888	3635	3457	3286	3183	3100	3031	2966	2912	2850	2804	2784	2747	2713	2676	2637	2610	2574	2551	2532	2509	2492	
4767	4210	3871	3639	3432	3300	3204	3118	3045	2984	2911	2859	2832	2792	2755	2717	2673	2646	2610	2586	2566	2543	2521	2490	
4729	4192	3860	3603	3430	3311	3210	3124	3057	2970	2913	2879	2837	2797	2753	2705	2676	2639	2613	2592	2567	2544	2513	2489	
4699	4156	3800	3575	3427	3302	3200	3118	3024	2962	2922	2872	2830	2781	2731	2699	2662	2634	2613	2588	2564	2533	2508	2486	
4701	4115	3790	3603	3442	3319	3222	3113	3034	2983	2930	2881	2825	2772	2737	2696	2663	2642	2615	2590	2557	2531	2507	2473	
4676	4156	3868	3642	3479	3354	3215	3129	3066	3006	2954	2883	2823	2782	2736	2701	2678	2647	2619	2586	2560	2535	2500	2475	
4729	4217	3880	3649	3489	3328	3234	3161	3091	3025	2939	2872	2824	2776	2738	2713	2679	2650	2617	2590	2564	2528	2501	2480	
4744	4194	3864	3654	3459	3334	3248	3170	3098	3001	2927	2868	2814	2773	2746	2712	2682	2647	2620	2591	2553	2526	2503	2477	
4700	4183	3890	3633	3464	3356	3258	3177	3069	2989	2925	2862	2817	2786	2749	2715	2679	2647	2617	2579	2551	2528	2501	2478	
4704	4228	3851	3629	3489	3368	3271	3148	3055	2984	2918	2867	2832	2792	2753	2715	2683	2651	2613	2585	2560	2532	2506	2482	
4750	4149	3828	3638	3498	3378	3239	3129	3050	2972	2918	2878	2836	2795	2754	2722	2687	2648	2619	2592	2562	2535	2508	2485	
4647	4151	3873	3665	3505	3348	3221	3120	3035	2976	2933	2889	2847	2804	2768	2733	2688	2655	2624	2593	2565	2535	2512	2493	
4723	4225	3910	3686	3483	3336	3224	3123	3050	3003	2951	2906	2860	2821	2784	2733	2697	2665	2631	2599	2567	2542	2521	2497	
4808	4262	3936	3671	3488	3350	3227	3136	3084	3026	2968	2910	2869	2831	2776	2740	2705	2671	2639	2603	2577	2554	2527	2506	
4815	4293	3927	3673	3495	3331	3226	3164	3097	3031	2965	2917	2874	2819	2779	2741	2707	2673	2634	2607	2585	2557	2535	2515	
4854	4249	3890	3661	3453	3316	3245	3169	3095	3023	2971	2920	2857	2814	2772	2733	2696	2657	2628	2603	2574	2552	2532	2509	
4705	4149	3840	3597	3430	3340	3246	3163	3083	3026	2973	2909	2863	2820	2776	2737	2696	2666	2641	2610	2587	2565	2542	2522	
4670	4164	3842	3588	3468	3351	3253	3159	3091	3028	2961	2908	2860	2813	2770	2728	2694	2669	2638	2615	2592	2566	2544	2526	
4773	4186	3836	3668	3519	3387	3278	3194	3122	3041	2984	2934	2880	2835	2788	2749	2720	2686	2660	2635	2606	2581	2562	2544	
4671	4117	3869	3676	3509	3375	3278	3196	3110	3046	2993	2935	2884	2835	2788	2757	2722	2694	2668	2637	2610	2589	2570	2551	
4604	4194	3901	3682	3523	3391	3295	3195	3119	3059	2992	2936	2883	2830	2791	2755	2725	2693	2660	2629	2605	2586	2567	2545	
4804	4255	3927	3706	3538	3418	3294	3209	3138	3058	2996	2931	2871	2830	2794	2761	2727	2692	2658	2632	2613	2591	2566	2550	
4792	4254	3951	3727	3564	3402	3299	3214	3127	3054	2981	2914	2866	2827	2791	2754	2716	2679	2653	2634	2612	2586	2570	1548	
4793	4263	3950	3743	3537	3407	3304	3206	3116	3032	2959	2909	2865	2826	2786	2747	2704	2677	2657	2634	2607	2588	1557	1450	
4791	4257	3967	3697	3533	3406	3289	3194	3101	3020	2964	2917	2874	2829	2785	2741	2710	2688	2664	2636	2616	1568	1459	1415	
4733	4241	3886	3678	3516	3376	3273	3167	3076	3015	2966	2920	2866	2817	2773	2739	2715	2691	2661	2639	1575	1464	1419	1382	
4769	4202	3911	3705	3528	3395	3271	3164	3096	3045	2992	2934	2881	2832	2794	2767	2737	2704	2680	1596	1483	1437	1400	1181	
4715	4230	3921	3692	3523	3379	3252	3168	3108	3047	2983	2928	2873	2831	2803	2769	2733	2704	1612	1495	1448	1409	1188	1149	
4729	4222	3900	3675	3496	3348	3255	3184	3113	3044	2981	2922	2874	2844	2809	2769	2740	1628	1509	1462	1422	1197	1157	1124	
4793	4249	3919	3680	3487	3367	3281	3201	3119	3051	2986	2930	2893	2856	2813	2780	1645	1526	1476	1435	1205	1163	1128	1113	
4731	4222	3894	3635	3483	3375	3281	3186	3114	3036	2975	2934	2892	2844	2808	1659	1540	1490	1447	1211	1168	1132	1117	985	
4811	4266	3874	3667	3517	3389	3281	3201	3109	3041	2992	2945	2890	2853	1681	1558	1506	1460	1221	1178	1142	1126	993	954	
4771	4183	3885	3688	3526	3395	3291	3189	3114	3060	3006	2942	2903	1698	1573	1520	1474	1230	1186	1150	1134	1000	961	932	
4701	4220	3922	3711	3535	3405	3292	3204	3136	3072	3001	2957	1720	1593	1537	1489	1241	1195	1159	1142	1007	968	939	921	
4777	4268	3954	3716	3543	3409	3306	3230	3160	3078	3028	1748	1614	1557	1507	1252	1203	1166	1149	1011	972	943	925	892	
4809	4286	3935	3711	3535	3407	3318	3238	3146	3087	1767	1627	1569	1519	1259	1210	1173	1156	1015	976	947	929	896	883	
4805	4236	3937	3704	3523	3413	3312	3214	3152	1792	1648	1587	1537	1269	1220	1182	1165	1023	983	953	935	902	889	851	
4661	4184	3869	3650	3516	3398	3287	3216	1814	1666	1603	1551	1277	1228	1188	1171	1026	986	955	937	904	891	853	827	
4712	4201	3891	3698	3544	3413	3322	1843	1688	1622	1571	1284	1235	1193	1174	1028	987	956	938	905	892	854	828	820	
4699	4201	3914	3706	3545	3432	1883	1717	1646	1589	1290	1241	1197	1177	1032	991	960	942	909	896	858	832	824	788	
4774	4261	3951	3737	3579	1930	1755	1680	1618	1309	1260	1214	1192	1043	1000	969	951	917	904	865	839	831	795	782	
4781	4271	3962	3759	1980	1791	1709	1645	1324	1274	1226	1202	1050	1007	976	958	924	909	870	844	836	800	786	779	
4772	4258	3963	2043	1847	1760	1689	1352	1300	1247	1222	1065	1019	988	970	935	918	878	852	844	808	794	787	739	
4813	4281	2133	1914	1820	1741	1376	1316	1262	1233	1073	1028	996	976	941	923	883	857	848	812	797	790	741	731	
4776	2261	2016	1902	1807	1406	1342	1285	1252	1089	1044	1012	991	956	937	895	869	860	822	807	800	749	739	733	
2506	2189	2047	1933	1464	1389	1319	1279	1112	1067	1035	1010	972	951	908	881	871	833	818	811	757	746	740	735	
3733	3239	2822	1768	1645	1553	1500	1223	1166	1128	1096	1046	1018	971	942	929	882	865	856	798	783	775	770	764	
4494	3783	2217	2060	1928	1862	1383	1300	1252	1210	1151	1112	1057	1023	1007	949	924	910	848	831	823	818	811	803	
4459	2521	2319	2157	2080	1484	1373	1315	1264	1194	1151	1090	1056	1039	977	947	932	868	848	837	831	823	815	811	
2988	2680	2454	2337	1558	1426	1360	1303	1220	1173	1108	1073	1053	991	960	945	879	857	846	840	830	822	818	807	
4043	3489	3136	1781	1611	1528	1442	1321	1263	1185	1147	1123	1052	1017	1002	928	900	889	883	873	865	860	847	838	
4526	3891	2092	1862	1762	1655	1506	1396	1273	1224	1189	1107	1069	1051	968	939	926	918	904	893	887	874	864	855	
4439	2278	1992	1883	1755	1582	1447	1306	1251	1209	1122	1082	1064	979	950	933	923	908	895	889	876	866	857	855	
2728	2355	2198	2039	1765	1531	1363	1291	1242	1151	1110	1091	1001	969	950	939	922	908	900	886	874	865	863	849	
4449	3873	3133	2134	1755	1537	1445	1368	1224	1172	1148	1046	1009	984	973	955	941	932	917	903	894	892	878	872	
4454	3428	2288	1868	1626	1524	1437	1275	1214	1187	1078	1041	1015	1003	985	971	960	943	929	920	918	904	897	885	
3960	2563	2078	1813	1692	1592	1382	1270	1234	1107	1068	1041	1027	1008	994	982	963	948	939	937	923	915	903	900	
3321	2579	2222	2053	1923	1568	1387	1334	1178	1136	1105	1090	1067	1053	1041	1022	1007	997	994	979	971	958	955	947	
3895	3218	2943	2666	1718	1499	1430	1250	1188	1155	1138	1109	1095	1081	1062	1047	1034	1031	1016	1008	995	991	981	975	
4240	3761	3185	1840	1598	1523	1313	1237	1194	1172	1139	1122	1105	1085	1068	1054	1051	1034	1025	1011	1007	997	991	987	
4672	3508	1964	1689	1607	1373	1286	1236	1212	1172	1153	1132	1108	1090	1076	1072	1055	1042	1029	1025	1015	1009	1006	1000	
3956	2139	1821	1733	1471	1363	1305	1272	1225	1200	1173	1147	1127	1112	1108	1091	1077	1064	1060	1049	1043	1039	1033	1024	
2740	2261	2128	1792	1628	1533	1480	1399	1361	1316	1283	1258	1242	1237	1216	1200	1183	1177	1166	1160	1153	1146	1137	1132	
4233	3790	2863	2112	1909	1809	1627	1552	1496	1455	1418	1393	1383	1357	1339	1321	1313	1298	1291	1282	1272	1255	1249	1237	
4477	3112	2246	2022	1908	1708	1633	1571	1527	1486	1460	1448	1418	1399	1377	1368	1350	1342	1333	1323	1304	1298	1286	1283	
3634	2540	2249	2107	1872	1783	1711	1663	1617	1589	1573	1537	1514	1487	1477	1459	1451	1440	1429	1410	1404	1391	1388	1375	
3456	2955	2724	2374	2252	2143	2076	2012	1955	1931	1881	1847	1798	1784	1761	1748	1733	1720	1696	1687	1671	1666	1650	1639	
4276	3684	3083	2900	2739	2626	2525	2422	2373	2305	2252	2156	2122	2071	2044	2019	1996	1963	1950	1929	1921	1903	1889	1883	
4336	3454	3176	2969	2806	2688	2554	2488	2411	2345	2232	2192	2131	2101	2074	2051	2015	2000	1975	1964	1944	1930	1922	1913	
3952	3498	3221	2971	2813	2645	2566	2477	2398	2271	2228	2163	2129	2100	2075	2038	2019	1993	1983	1963	1949	1940	1928	1913	
4496	4002	3545	3301	2921	2793	2676	2576	2411	2356	2281	2243	2208	2177	2135	2112	2082	2067	2044	2029	2020	2005	1990	1975	
4572	3889	3523	3074	2914	2768	2653	2471	2406	2324	2282	2244	2210	2163	2137	2105	2088	2064	2048	2039	2022	2005	1990	1970	
4389	3799	3239	3043	2878	2751	2552	2478	2391	2341	2298	2263	2212	2184	2145	2125	2099	2081	2070	2049	2032	2016	1995	1979	
4382	3578	3292	3050	2882	2660	2574	2478	2418	2373	2326	2268	2234	2187	2162	2133	2113	2102	2080	2062	2045	2023	2005	1529	
4143	3645	3296	3067	2812	2710	2591	2516	2465	2411	2344	2302	2252	2225	2191	2169	2156	2131	2111	2094	2069	2050	1553	1451	
4476	3796	3448	3119	2985	2838	2729	2661	2597	2503	2450	2382	2347	2306	2278	2258	2229	2207	2184	2155	2134	1601	1484	1411	
4487	3838	3377	3176	2995	2855	2771	2695	2590	2528	2454	2416	2369	2336	2312	2278	2248	2221	2192	2170	1627	1504	1426	1376	
4411	3712	3422	3194	3005	2904	2801	2684	2609	2528	2481	2426	2389	2360	2322	2288	2257	2226	2203	1650	1520	1440	1389	1369	
4363	3879	3511	3213	3072	2946	2790	2703	2601	2545	2481	2439	2408	2364	2326	2290	2256	2232	1668	1537	1454	1403	1382	1370	
4613	3923	3419	3239	3074	2878	2772	2663	2596	2524	2479	2444	2397	2358	2322	2285	2260	1685	1551	1467	1415	1393	1380	1360	
4450	3714	3448	3236	3004	2879	2758	2679	2599	2546	2510	2460	2415	2378	2340	2314	1721	1576	1488	1433	1411	1397	1377	1361	
4224	3765	3455	3155	2992	2858	2760	2673	2613	2572	2515	2464	2425	2383	2355	1742	1597	1505	1444	1423	1409	1389	1372	1364	
4505	3875	3448	3221	3050	2919	2809	2740	2689	2625	2566	2523	2474	2445	1801	1646	1541	1473	1447	1430	1409	1392	1384	1375	
4516	3797	3446	3205	3044	2909	2823	2765	2693	2624	2574	2523	2489	1819	1661	1552	1482	1455	1438	1416	1398	1390	1381	1377	
4276	3714	3405	3197	3023	2920	2848	2769	2692	2635	2577	2536	1843	1678	1566	1493	1464	1446	1424	1406	1397	1387	1383	1372	
4404	3861	3537	3296	3157	3052	2936	2832	2760	2698	2652	1906	1725	1604	1524	1494	1474	1452	1434	1423	1412	1408	1396	1391	
4428	3902	3525	3341	3199	3055	2927	2849	2777	2719	1934	1746	1620	1540	1510	1490	1467	1448	1437	1425	1421	1408	1403	1395	
4480	3857	3573	3385	3197	3034	2932	2853	2787	1973	1777	1642	1560	1524	1501	1478	1458	1447	1435	1431	1418	1413	1405	1393	
4387	3890	3600	3360	3164	3032	2936	2859	1995	1791	1653	1568	1532	1507	1483	1463	1451	1439	1435	1421	1416	1408	1396	1392	
4457	3925	3575	3330	3164	3042	2947	2033	1820	1676	1585	1546	1520	1496	1473	1460	1448	1443	1429	1424	1416	1404	1400	1394	
4586	3960	3610	3382	3189	3070	2084	1860	1705	1609	1564	1537	1512	1489	1474	1461	1456	1442	1436	1427	1415	1410	1403	1397	
4507	3915	3602	3328	3179	2131	1892	1732	1628	1581	1552	1525	1499	1484	1469	1464	1450	1444	1435	1423	1418	1410	1404	1388	
4467	3943	3539	3343	2195	1941	1774	1659	1610	1578	1550	1524	1509	1493	1487	1473	1466	1456	1444	1439	1431	1425	1407	1392	
4534	3874	3585	2290	2008	1824	1703	1648	1616	1586	1553	1537	1520	1513	1497	1490	1480	1466	1461	1451	1445	1425	1410	1405	
4450	3953	2435	2107	1896	1749	1687	1648	1616	1580	1564	1544	1534	1517	1510	1500	1486	1480	1468	1462	1441	1424	1417	1411	
4572	2647	2234	1980	1806	1733	1682	1647	1606	1588	1566	1554	1535	1527	1516	1501	1494	1482	1476	1455	1437	1429	1423	1415	
2973	2410	2091	1890	1794	1730	1689	1639	1620	1594	1580	1561	1551	1538	1521	1512	1500	1492	1471	1453	1444	1437	1429	1421	
2857	2350	2077	1944	1846	1788	1717	1687	1656	1635	1615	1605	1590	1573	1562	1549	1538	1515	1496	1485	1476	1466	1458	1451	
3132	2657	2398	2235	2120	2015	1964	1925	1895	1859	1838	1819	1796	1783	1769	1756	1724	1700	1685	1671	1660	1648	1640	1628	
3199	2778	2459	2297	2155	2085	2039	2004	1952	1927	1904	1874	1860	1845	1829	1793	1769	1752	1736	1723	1710	1700	1688	1680	
3264	2788	2534	2340	2240	2181	2127	2068	2028	1993	1957	1939	1922	1903	1864	1838	1818	1801	1788	1773	1762	1749	1742	1738	
3475	3021	2711	2561	2453	2382	2299	2252	2198	2148	2118	2094	2074	2023	1989	1952	1933	1919	1902	1891	1877	1865	1857	1847	
3630	3137	2853	2697	2568	2469	2396	2322	2254	2214	2183	2159	2104	2064	2026	2001	1986	1969	1956	1940	1926	1918	1907	1895	
3686	3230	2976	2788	2630	2542	2438	2360	2310	2272	2245	2179	2132	2083	2057	2038	2017	2002	1985	1970	1961	1949	1936	1916	
3828	3414	3079	2853	2724	2597	2499	2439	2393	2353	2274	2219	2163	2130	2109	2087	2069	2050	2033	2024	2012	1999	1976	1957	
4073	3532	3159	2973	2795	2680	2602	2535	2489	2387	2319	2259	2221	2199	2168	2150	2128	2111	2099	2085	2072	2047	2023	2013	
4018	3472	3167	2950	2801	2708	2626	2570	2454	2378	2315	2275	2249	2215	2195	2173	2153	2139	2121	2108	2081	2055	2045	2022	
4023	3519	3154	2962	2843	2740	2660	2518	2441	2367	2321	2291	2254	2233	2209	2188	2173	2155	2142	2112	2084	2072	2049	2014	
4112	3523	3221	3063	2912	2813	2643	2539	2455	2401	2365	2328	2305	2276	2250	2232	2212	2197	2162	2127	2113	2084	2044	1989	
4086	3579	3335	3136	3000	2791	2668	2570	2502	2457	2414	2389	2353	2322	2301	2279	2261	2218	2179	2161	2125	2082	2021	1675	
4332	3853	3537	3336	3059	2871	2747	2655	2596	2542	2508	2460	2419	2392	2362	2337	2290	2238	2214	2169	2112	2050	1694	1272	
4532	3967	3656	3255	3028	2860	2753	2690	2631	2589	2534	2490	2458	2426	2394	2343	2286	2260	2213	2153	2086	1726	1296	1111	
4482	3969	3460	3180	2978	2847	2769	2701	2654	2588	2541	2504	2465	2429	2372	2313	2286	2237	2174	2104	1738	1304	1117	932	
4624	3775	3388	3124	2961	2867	2788	2728	2655	2595	2553	2510	2471	2410	2344	2314	2263	2197	2127	1753	1311	1124	938	869	
4309	3712	3354	3140	3029	2933	2860	2763	2685	2631	2577	2535	2460	2383	2349	2297	2228	2151	1770	1322	1131	943	874	749	
4308	3739	3416	3235	3107	3007	2884	2788	2718	2656	2607	2522	2441	2398	2340	2264	2183	1793	1337	1142	951	881	755	709	
4258	3738	3453	3266	3137	2983	2871	2789	2717	2663	2574	2488	2440	2375	2298	2215	1817	1349	1154	959	889	762	716	687	
4314	3785	3511	3314	3116	2969	2871	2791	2731	2629	2534	2482	2413	2333	2249	1839	1363	1164	968	897	769	722	693	677	
4490	3929	3612	3353	3158	3034	2930	2862	2747	2642	2584	2505	2414	2321	1881	1388	1182	981	908	778	730	702	686	623	
4624	4020	3623	3337	3176	3042	2957	2826	2703	2638	2554	2448	2353	1898	1395	1188	985	911	778	730	702	686	623	573	
4571	3916	3533	3332	3157	3053	2896	2763	2686	2598	2487	2386	1926	1411	1202	999	923	788	740	711	694	631	581	559	
4439	3842	3556	3332	3201	3019	2873	2790	2690	2566	2458	1978	1445	1228	1018	939	802	753	724	706	641	588	566	550	
4496	3975	3634	3447	3202	3021	2920	2797	2648	2531	2029	1474	1249	1033	952	812	763	734	716	650	596	573	557	534	
4515	3927	3662	3362	3146	3026	2880	2714	2590	2064	1494	1266	1045	964	822	773	744	726	660	606	582	566	543	490	
4541	4027	3596	3315	3152	2980	2791	2656	2103	1522	1290	1062	979	833	784	755	737	671	616	591	574	550	497	435	
4647	3969	3562	3336	3104	2882	2733	2150	1548	1305	1072	988	842	792	764	746	678	622	597	580	555	502	439	391	
4498	3888	3560	3264	2999	2824	2213	1591	1338	1103	1014	865	814	785	766	697	638	611	594	567	514	448	399	330	
4487	3875	3455	3136	2942	2296	1639	1373	1131	1037	887	835	805	784	714	655	627	609	579	525	457	408	337	259	
4467	3829	3409	3164	2464	1752	1462	1203	1101	937	879	847	826	749	685	657	638	605	548	474	423	351	270	172	
4479	3813	3473	2649	1857	1540	1261	1153	979	919	887	866	787	717	686	667	633	573	497	443	367	281	179	134	
4472	3919	2926	2029	1668	1363	1243	1053	989	952	928	847	772	739	716	682	619	529	469	388	295	190	140	111	
4477	3185	2174	1769	1444	1318	1118	1049	1009	985	891	812	778	751	715	649	557	493	406	307	197	145	115	98	
3676	2395	1931	1559	1417	1196	1119	1077	1052	954	867	831	801	759	688	588	521	427	328	213	155	121	104	94	
3428	2633	2091	1895	1573	1475	1404	1365	1228	1103	1047	1012	954	861	721	635	518	392	241	179	138	116	102	85	
3960	2976	2656	2170	2017	1908	1841	1646	1480	1395	1346	1265	1143	943	825	660	494	292	219	167	136	120	100	59	
3905	3384	2675	2463	2326	2242	1992	1789	1684	1618	1508	1357	1100	942	748	562	327	241	182	149	133	110	65	48	
4584	3444	3111	2903	2746	2411	2153	2024	1942	1808	1621	1314	1079	859	641	367	273	204	167	150	124	71	53	45	
3974	3535	3245	3041	2648	2347	2202	2108	1943	1733	1399	1130	899	673	380	282	209	172	155	129	73	56	47	29	