1396	1247	1149	1091	1024	999	972	955	944	926	915	905	896	884	876	870	866	862	854	851	848	840	839	831	
1431	1275	1195	1104	1068	1033	1011	997	977	965	951	940	928	920	913	907	903	894	890	887	879	877	869	863	
1479	1327	1193	1148	1097	1064	1048	1022	1008	993	980	966	957	949	941	936	926	921	917	909	904	896	888	884	
1467	1284	1219	1147	1105	1087	1058	1041	1025	1011	995	986	978	969	963	952	946	941	931	925	917	908	904	897	
1461	1332	1227	1157	1125	1090	1071	1054	1039	1021	1008	999	990	984	972	965	960	950	944	936	927	923	915	909	
1531	1330	1227	1183	1141	1120	1099	1077	1058	1042	1031	1019	1013	1002	995	988	978	971	963	953	949	939	933	930	
1476	1317	1245	1191	1165	1137	1111	1085	1068	1056	1043	1035	1022	1014	1005	995	987	977	967	962	952	946	942	935	
1474	1330	1256	1218	1179	1151	1120	1101	1087	1074	1063	1048	1037	1028	1017	1009	999	989	983	972	964	957	950	944	
1496	1356	1292	1237	1197	1156	1132	1115	1098	1084	1069	1056	1046	1034	1024	1013	1002	995	984	976	968	960	954	945	
1498	1372	1297	1238	1189	1156	1136	1118	1098	1082	1069	1059	1046	1036	1025	1013	1005	994	984	976	968	962	953	948	
1530	1415	1331	1259	1215	1188	1166	1140	1122	1106	1093	1079	1065	1051	1039	1030	1016	1004	995	986	979	970	965	959	
1588	1417	1318	1260	1225	1200	1169	1149	1132	1116	1102	1087	1073	1060	1051	1037	1024	1014	1005	998	989	983	977	976	
1555	1398	1317	1274	1235	1201	1177	1157	1141	1126	1110	1091	1077	1067	1052	1038	1028	1017	1009	1000	993	987	986	979	
1492	1379	1316	1268	1232	1204	1182	1159	1142	1124	1103	1088	1077	1062	1045	1034	1022	1014	1005	998	992	991	984	977	
1516	1410	1330	1280	1238	1213	1186	1168	1148	1125	1110	1097	1079	1062	1048	1036	1028	1018	1011	1005	1004	997	990	989	
1516	1395	1324	1277	1243	1211	1190	1168	1143	1126	1111	1093	1076	1062	1047	1039	1028	1019	1013	1011	1004	997	995	990	
1508	1381	1309	1268	1230	1206	1179	1155	1137	1120	1100	1083	1069	1054	1046	1034	1025	1019	1017	1010	1003	1001	995	991	
1508	1392	1324	1272	1239	1210	1182	1163	1141	1118	1101	1087	1070	1060	1048	1039	1033	1029	1021	1014	1012	1006	1002	993	
1516	1397	1316	1276	1237	1205	1182	1159	1135	1117	1102	1083	1067	1055	1046	1040	1036	1028	1021	1019	1012	1007	998	989	
1522	1394	1325	1272	1229	1202	1179	1154	1134	1119	1097	1080	1066	1056	1049	1045	1036	1029	1027	1019	1014	1005	996	990	
1526	1404	1318	1264	1229	1204	1172	1152	1136	1114	1096	1081	1070	1061	1057	1048	1041	1039	1030	1024	1015	1006	1000	988	
1519	1401	1313	1265	1230	1196	1170	1152	1127	1108	1092	1080	1069	1065	1056	1048	1046	1033	1027	1018	1009	1003	991	983	
1528	1395	1319	1272	1229	1195	1171	1143	1123	1105	1093	1077	1073	1064	1055	1053	1040	1034	1025	1015	1008	996	988	977	
1508	1394	1326	1272	1227	1200	1168	1145	1124	1108	1091	1086	1077	1067	1064	1051	1044	1035	1024	1017	1005	996	984	981	
1526	1411	1330	1276	1239	1205	1178	1155	1133	1115	1110	1101	1091	1087	1072	1063	1053	1042	1034	1022	1013	1000	996	990	
1548	1420	1332	1283	1240	1205	1179	1155	1137	1130	1120	1109	1105	1086	1077	1065	1053	1044	1032	1023	1010	1006	999	994	
1544	1414	1334	1282	1235	1206	1179	1161	1151	1141	1129	1123	1101	1090	1075	1061	1052	1040	1030	1017	1013	1006	1001	994	
1548	1420	1336	1275	1240	1209	1188	1175	1163	1145	1137	1115	1105	1090	1075	1066	1054	1044	1031	1027	1020	1013	1006	998	
1563	1413	1335	1289	1250	1216	1197	1183	1163	1155	1131	1119	1104	1088	1078	1065	1053	1040	1036	1029	1021	1014	1006	999	
1535	1410	1344	1289	1246	1222	1208	1184	1175	1147	1134	1117	1100	1090	1077	1064	1052	1047	1039	1031	1024	1015	1008	1006	
1549	1425	1349	1286	1252	1232	1202	1192	1162	1144	1127	1109	1099	1084	1070	1058	1053	1045	1037	1030	1021	1014	1012	1007	
1563	1436	1348	1302	1275	1236	1222	1187	1167	1147	1127	1116	1098	1082	1069	1063	1054	1046	1039	1030	1022	1020	1015	1006	
1584	1441	1363	1319	1268	1251	1209	1184	1160	1136	1122	1103	1087	1074	1068	1059	1051	1044	1035	1026	1024	1019	1010	1005	
1571	1447	1376	1310	1286	1236	1210	1183	1157	1141	1120	1101	1087	1079	1069	1060	1053	1043	1033	1031	1026	1017	1012	1007	
1569	1460	1365	1336	1274	1242	1210	1182	1165	1139	1117	1101	1093	1082	1072	1065	1054	1043	1041	1035	1025	1020	1015	1011	
1601	1450	1397	1314	1266	1232	1201	1180	1153	1130	1114	1106	1093	1082	1074	1062	1051	1048	1041	1031	1026	1021	1017	1007	
1566	1460	1362	1296	1259	1225	1198	1170	1144	1128	1119	1105	1094	1085	1073	1060	1056	1049	1039	1034	1029	1023	1013	1004	
1579	1431	1344	1295	1247	1218	1184	1158	1138	1127	1113	1101	1092	1080	1067	1063	1056	1046	1041	1036	1029	1019	1009	1003	
1556	1427	1357	1294	1250	1207	1174	1151	1139	1123	1111	1101	1089	1075	1069	1062	1052	1047	1042	1034	1024	1014	1008	1004	
1530	1425	1335	1277	1224	1187	1163	1150	1132	1120	1110	1096	1082	1075	1068	1057	1052	1047	1039	1028	1018	1011	1007	1002	
1558	1429	1341	1277	1225	1197	1178	1155	1141	1130	1113	1099	1091	1083	1071	1066	1060	1051	1039	1029	1022	1017	1012	1007	
1558	1416	1331	1269	1233	1208	1181	1160	1148	1128	1112	1101	1092	1080	1074	1066	1055	1041	1031	1024	1019	1014	1009	1004	
1527	1403	1320	1269	1236	1207	1179	1165	1143	1126	1114	1104	1092	1086	1076	1065	1051	1041	1034	1028	1023	1018	1012	1006	
1531	1402	1331	1284	1246	1214	1195	1170	1151	1137	1126	1110	1102	1091	1079	1063	1052	1045	1039	1034	1028	1022	1016	1012	
1529	1418	1340	1280	1239	1216	1188	1166	1150	1139	1122	1112	1101	1088	1072	1059	1052	1046	1041	1033	1027	1021	1017	1016	
1553	1434	1351	1295	1267	1233	1205	1182	1170	1153	1140	1128	1115	1098	1083	1074	1067	1059	1050	1044	1038	1033	1032	1025	
1567	1437	1362	1321	1277	1247	1219	1205	1185	1168	1153	1138	1120	1102	1093	1084	1073	1062	1056	1050	1044	1043	1036	1031	
1569	1442	1370	1317	1275	1244	1230	1207	1186	1170	1156	1135	1115	1105	1094	1082	1071	1065	1059	1053	1050	1042	1037	1027	
1568	1443	1363	1307	1270	1252	1224	1201	1182	1165	1143	1122	1112	1100	1088	1077	1071	1065	1059	1056	1048	1043	1033	1027	
1589	1465	1380	1327	1293	1258	1229	1208	1188	1164	1141	1127	1113	1100	1088	1080	1074	1067	1064	1056	1051	1041	1034	1029	
1589	1452	1376	1328	1283	1250	1226	1199	1174	1150	1135	1121	1107	1093	1085	1077	1070	1066	1058	1053	1043	1036	1031	1027	
1592	1458	1383	1321	1279	1251	1217	1190	1164	1149	1131	1114	1099	1089	1081	1074	1070	1062	1057	1047	1040	1035	1031	1019	
1580	1453	1370	1323	1286	1249	1216	1188	1171	1151	1134	1118	1107	1096	1089	1084	1076	1071	1061	1053	1048	1041	1028	1019	
1556	1431	1367	1315	1273	1237	1204	1185	1164	1145	1127	1116	1103	1096	1090	1082	1076	1065	1057	1052	1045	1032	1023	1016	
1561	1457	1374	1318	1275	1227	1205	1183	1163	1142	1129	1114	1105	1098	1089	1083	1071	1062	1056	1049	1036	1027	1020	1015	
1593	1451	1378	1323	1265	1233	1208	1185	1163	1148	1129	1120	1109	1100	1093	1081	1072	1065	1058	1045	1035	1028	1023	1018	
1559	1450	1379	1307	1264	1235	1206	1182	1163	1143	1133	1122	1111	1104	1092	1083	1075	1068	1051	1041	1033	1028	1023	1020	
1578	1464	1374	1314	1277	1237	1208	1187	1164	1152	1140	1129	1121	1108	1098	1088	1079	1060	1048	1038	1033	1028	1024	1019	
1593	1451	1363	1317	1267	1234	1209	1184	1167	1153	1141	1133	1118	1106	1095	1086	1067	1053	1043	1038	1033	1029	1024	1016	
1580	1441	1382	1320	1273	1236	1209	1187	1171	1159	1149	1132	1120	1109	1100	1081	1064	1054	1048	1043	1039	1034	1026	1020	
1568	1468	1379	1316	1273	1237	1210	1191	1174	1162	1144	1131	1120	1111	1090	1072	1062	1056	1051	1047	1042	1034	1028	1024	
1602	1465	1377	1321	1277	1246	1222	1197	1180	1160	1147	1134	1122	1100	1082	1072	1066	1059	1055	1050	1041	1035	1031	1026	
1597	1448	1369	1307	1274	1244	1216	1199	1178	1162	1149	1135	1112	1094	1082	1075	1067	1062	1057	1047	1040	1035	1030	1023	
1567	1448	1358	1312	1272	1240	1220	1197	1175	1161	1147	1123	1104	1091	1083	1075	1069	1064	1054	1046	1040	1035	1028	1023	
1581	1442	1365	1314	1274	1249	1223	1194	1177	1160	1134	1114	1100	1092	1082	1076	1071	1061	1053	1045	1040	1033	1028	1023	
1578	1448	1378	1317	1285	1250	1214	1193	1174	1148	1127	1110	1101	1090	1084	1078	1068	1060	1051	1046	1039	1033	1028	1022	
1583	1459	1368	1323	1274	1234	1207	1183	1156	1134	1117	1108	1097	1089	1083	1072	1063	1054	1049	1042	1036	1031	1025	1016	
1596	1444	1381	1318	1271	1236	1204	1173	1150	1132	1123	1111	1103	1096	1083	1074	1065	1060	1053	1047	1041	1035	1025	1018	
1553	1457	1373	1312	1268	1231	1194	1171	1153	1141	1127	1118	1110	1096	1087	1078	1072	1065	1058	1051	1044	1033	1026	1022	
1593	1459	1377	1320	1271	1224	1194	1169	1154	1137	1125	1116	1101	1092	1082	1076	1069	1062	1054	1047	1036	1028	1024	1020	
1582	1452	1376	1308	1254	1216	1189	1171	1152	1139	1129	1114	1102	1092	1086	1079	1071	1062	1055	1043	1035	1031	1027	1023	
1576	1444	1357	1293	1248	1211	1192	1171	1156	1145	1129	1113	1103	1097	1089	1079	1070	1063	1051	1042	1036	1031	1027	1022	
1581	1442	1345	1290	1238	1213	1191	1173	1157	1141	1124	1110	1104	1096	1085	1076	1069	1057	1048	1042	1037	1032	1027	1022	
1573	1431	1347	1276	1248	1218	1198	1178	1160	1142	1126	1120	1111	1098	1087	1079	1067	1055	1049	1043	1038	1033	1027	1023	
1537	1422	1330	1290	1252	1227	1205	1184	1164	1145	1137	1128	1113	1102	1091	1079	1067	1060	1053	1048	1043	1037	1033	1029	
1568	1414	1349	1296	1264	1235	1211	1187	1168	1156	1146	1129	1118	1106	1091	1077	1070	1062	1057	1052	1045	1041	1037	1034	
1530	1425	1352	1310	1272	1239	1210	1191	1176	1166	1149	1138	1126	1110	1096	1089	1081	1076	1071	1064	1060	1055	1051	1048	
1558	1428	1371	1322	1276	1240	1218	1198	1186	1166	1154	1139	1122	1108	1101	1091	1086	1081	1074	1069	1064	1060	1056	1047	
1553	1447	1376	1322	1278	1245	1224	1207	1183	1169	1153	1136	1122	1112	1102	1095	1090	1083	1078	1073	1069	1065	1056	1048	
1578	1452	1370	1315	1275	1248	1229	1200	1185	1169	1153	1138	1128	1116	1107	1102	1095	1090	1084	1079	1075	1066	1058	1048	
1575	1433	1355	1306	1268	1249	1215	1197	1180	1163	1147	1136	1124	1114	1109	1101	1096	1090	1085	1081	1072	1064	1054	1050	
1552	1422	1349	1304	1273	1232	1213	1192	1174	1157	1146	1133	1123	1117	1107	1102	1096	1091	1086	1077	1069	1058	1054	1049	
1538	1419	1354	1309	1256	1233	1209	1187	1169	1157	1143	1133	1127	1117	1112	1105	1099	1094	1085	1076	1065	1061	1056	1052	
1563	1449	1373	1303	1266	1235	1213	1192	1179	1161	1149	1141	1130	1122	1113	1106	1101	1091	1082	1070	1066	1060	1056	1054	
1568	1443	1353	1303	1264	1236	1211	1196	1177	1164	1154	1141	1133	1124	1116	1110	1100	1091	1078	1074	1067	1063	1060	1058	
1584	1423	1357	1302	1261	1235	1217	1194	1179	1166	1152	1144	1133	1124	1118	1106	1097	1084	1079	1072	1068	1065	1063	1062	
1544	1431	1347	1296	1260	1237	1210	1191	1176	1159	1150	1139	1128	1122	1110	1101	1088	1081	1074	1070	1067	1065	1064	1060	
1559	1422	1349	1296	1265	1229	1207	1190	1172	1161	1151	1139	1132	1119	1107	1094	1087	1080	1075	1072	1069	1067	1063	1062	
1566	1443	1349	1306	1263	1230	1211	1190	1178	1164	1152	1145	1131	1118	1103	1094	1086	1081	1078	1075	1071	1067	1066	1033	
1568	1417	1357	1302	1262	1240	1216	1203	1186	1168	1159	1143	1130	1114	1104	1094	1088	1085	1082	1078	1074	1073	1039	1026	
1545	1434	1358	1306	1272	1244	1230	1209	1186	1176	1158	1141	1124	1113	1103	1096	1093	1090	1085	1080	1079	1044	1031	1023	
1572	1445	1362	1308	1277	1255	1232	1205	1192	1172	1154	1137	1126	1116	1109	1106	1102	1097	1091	1090	1054	1040	1032	1026	
1598	1458	1380	1330	1298	1268	1240	1222	1199	1174	1154	1142	1128	1120	1117	1112	1107	1100	1099	1061	1046	1038	1031	1026	
1582	1451	1381	1343	1295	1263	1242	1217	1190	1168	1155	1140	1129	1126	1120	1114	1107	1104	1066	1051	1043	1036	1031	1025	
1596	1468	1411	1347	1307	1278	1246	1211	1187	1173	1155	1144	1139	1132	1125	1118	1115	1076	1060	1052	1045	1040	1033	1023	
1598	1479	1390	1341	1303	1268	1229	1199	1182	1163	1151	1146	1137	1129	1122	1118	1080	1064	1055	1048	1042	1035	1025	1021	
1604	1468	1394	1346	1299	1255	1219	1200	1177	1162	1156	1146	1138	1131	1125	1087	1070	1061	1054	1048	1041	1031	1027	1024	
1574	1451	1388	1331	1286	1246	1224	1196	1179	1169	1158	1149	1140	1133	1093	1076	1067	1059	1053	1046	1035	1030	1027	1022	
1563	1457	1373	1315	1272	1246	1215	1193	1181	1168	1158	1149	1142	1102	1085	1076	1068	1060	1051	1040	1035	1030	1024	1017	
1574	1438	1363	1307	1270	1237	1213	1197	1182	1169	1160	1151	1110	1092	1083	1074	1066	1056	1045	1040	1035	1029	1022	1019	
1561	1440	1357	1306	1269	1241	1216	1199	1183	1171	1159	1118	1100	1089	1080	1072	1062	1051	1046	1041	1035	1028	1024	1021	
1575	1438	1361	1304	1272	1242	1219	1199	1183	1170	1124	1105	1094	1085	1077	1067	1056	1051	1046	1040	1033	1029	1026	1024	
1561	1437	1351	1304	1265	1240	1219	1202	1188	1141	1122	1110	1100	1092	1082	1069	1064	1056	1050	1043	1038	1035	1033	1025	
1556	1430	1360	1313	1274	1242	1219	1205	1156	1134	1122	1112	1103	1093	1080	1075	1067	1061	1053	1048	1044	1042	1033	1029	
1538	1425	1363	1313	1271	1245	1229	1178	1152	1138	1128	1119	1109	1096	1091	1083	1076	1066	1061	1057	1054	1042	1037	1033	
1552	1446	1373	1314	1276	1249	1193	1165	1150	1137	1128	1118	1104	1098	1089	1082	1072	1067	1062	1058	1046	1040	1036	1028	
1577	1451	1372	1324	1295	1230	1194	1176	1164	1152	1139	1122	1113	1103	1096	1086	1081	1076	1072	1060	1054	1050	1042	1034	
1584	1454	1380	1340	1266	1222	1198	1179	1163	1150	1132	1123	1112	1104	1093	1088	1083	1079	1067	1061	1056	1048	1040	1032	
1579	1459	1397	1310	1261	1230	1207	1186	1171	1150	1139	1127	1117	1106	1100	1095	1091	1078	1072	1066	1056	1048	1040	1038	
1564	1458	1346	1287	1251	1228	1203	1185	1162	1149	1136	1126	1115	1107	1101	1097	1084	1078	1072	1062	1054	1046	1044	1038	
1589	1422	1344	1289	1254	1224	1205	1181	1163	1150	1138	1125	1116	1110	1103	1090	1083	1076	1066	1058	1049	1047	1041	1034	
1535	1422	1352	1298	1261	1239	1212	1192	1175	1161	1145	1134	1128	1121	1108	1100	1092	1082	1073	1064	1060	1053	1046	1041	
1602	1476	1398	1345	1313	1280	1254	1231	1211	1191	1180	1174	1164	1149	1141	1133	1121	1111	1101	1096	1089	1082	1076	1071	
1608	1479	1398	1352	1308	1276	1250	1228	1206	1194	1185	1175	1160	1150	1142	1130	1120	1110	1105	1097	1090	1084	1079	1075	
1607	1470	1410	1347	1308	1277	1247	1222	1208	1198	1185	1170	1160	1150	1138	1127	1116	1111	1103	1095	1089	1084	1080	1076	
1612	1495	1403	1350	1306	1271	1243	1226	1212	1198	1182	1172	1160	1147	1134	1123	1117	1109	1101	1095	1090	1086	1082	1075	
1597	1469	1393	1343	1300	1267	1248	1226	1206	1190	1178	1164	1148	1135	1124	1118	1110	1102	1096	1091	1086	1082	1075	1070	
1611	1478	1402	1344	1307	1285	1251	1228	1208	1195	1181	1165	1151	1139	1130	1121	1112	1106	1100	1094	1089	1082	1077	1072	
1614	1478	1394	1346	1320	1279	1251	1228	1211	1196	1178	1164	1151	1141	1130	1120	1113	1107	1101	1096	1089	1083	1078	1071	
1603	1470	1407	1369	1320	1285	1257	1235	1219	1198	1182	1167	1155	1143	1132	1123	1117	1109	1103	1096	1090	1084	1077	1071	
1596	1477	1419	1355	1313	1281	1257	1236	1212	1195	1177	1163	1149	1138	1129	1123	1114	1108	1101	1094	1088	1081	1075	1070	
1601	1495	1411	1356	1318	1284	1255	1228	1210	1191	1176	1162	1149	1138	1130	1121	1114	1107	1099	1093	1085	1079	1074	1071	
1634	1495	1420	1364	1326	1294	1266	1239	1217	1198	1182	1166	1153	1145	1136	1126	1119	1110	1103	1095	1088	1082	1078	1073	
1613	1493	1415	1361	1322	1286	1258	1235	1216	1198	1181	1168	1159	1147	1135	1127	1118	1110	1101	1094	1088	1084	1079	1075	
1597	1474	1405	1355	1309	1276	1250	1229	1210	1193	1179	1169	1154	1142	1134	1123	1115	1105	1098	1092	1088	1083	1079	1074	
1598	1484	1413	1351	1311	1279	1251	1231	1214	1197	1187	1171	1158	1147	1131	1123	1112	1105	1098	1092	1087	1083	1078	1070	
1602	1492	1403	1345	1310	1273	1250	1230	1211	1199	1180	1167	1155	1139	1130	1118	1111	1103	1096	1091	1086	1081	1073	1066	
1615	1478	1397	1347	1305	1275	1252	1230	1217	1196	1181	1169	1151	1142	1129	1122	1112	1104	1098	1092	1087	1079	1072	1067	
1597	1466	1397	1341	1307	1280	1251	1237	1209	1192	1180	1160	1151	1137	1127	1117	1109	1102	1096	1091	1083	1075	1070	1068	
1588	1473	1391	1339	1305	1273	1257	1226	1207	1195	1175	1165	1150	1139	1128	1119	1112	1105	1098	1089	1081	1076	1073	1067	
1619	1470	1401	1355	1314	1292	1252	1232	1218	1195	1180	1163	1149	1137	1127	1120	1113	1104	1095	1087	1082	1079	1073	1068	
1608	1485	1418	1365	1334	1278	1253	1238	1213	1197	1176	1161	1148	1138	1129	1118	1108	1099	1091	1085	1082	1076	1071	1069	
1585	1477	1405	1365	1304	1277	1260	1233	1216	1193	1177	1163	1153	1144	1133	1120	1111	1103	1096	1092	1086	1080	1078	1072	
1617	1490	1424	1342	1310	1290	1260	1238	1211	1194	1177	1166	1156	1145	1130	1121	1110	1103	1099	1093	1086	1083	1077	1069	
1601	1501	1395	1349	1318	1283	1255	1224	1207	1190	1178	1168	1157	1141	1130	1119	1111	1104	1097	1090	1087	1081	1073	1070	
1626	1475	1396	1353	1309	1278	1245	1224	1205	1190	1179	1167	1151	1139	1126	1117	1109	1102	1095	1092	1086	1078	1075	1068	
1606	1472	1409	1346	1310	1274	1247	1224	1206	1194	1181	1165	1151	1138	1127	1117	1110	1103	1100	1094	1086	1082	1075	1069	
1589	1489	1400	1352	1309	1274	1247	1224	1209	1194	1177	1163	1148	1137	1127	1116	1109	1106	1100	1092	1086	1079	1073	1064	
1622	1477	1408	1358	1307	1272	1245	1227	1211	1194	1179	1162	1150	1138	1127	1118	1114	1108	1100	1093	1086	1080	1071	1065	
1617	1499	1425	1352	1306	1274	1251	1232	1211	1194	1177	1165	1151	1138	1128	1124	1117	1109	1102	1095	1087	1078	1072	1066	
1626	1503	1410	1343	1300	1276	1254	1226	1206	1190	1176	1162	1148	1138	1133	1124	1116	1109	1101	1091	1082	1076	1070	1062	
1626	1473	1381	1332	1300	1274	1245	1222	1204	1185	1171	1156	1146	1141	1130	1122	1115	1107	1097	1088	1081	1075	1067	1061	
1589	1452	1387	1341	1310	1271	1245	1225	1203	1189	1171	1160	1155	1144	1134	1124	1115	1105	1096	1088	1082	1074	1067	1062	
1597	1478	1398	1354	1301	1267	1244	1220	1205	1185	1173	1167	1155	1144	1134	1124	1114	1105	1097	1091	1083	1076	1071	1065	
1609	1478	1406	1339	1293	1264	1236	1218	1196	1183	1176	1162	1149	1138	1128	1118	1109	1101	1094	1085	1078	1072	1066	1060	
1609	1503	1411	1349	1306	1271	1245	1220	1204	1195	1177	1162	1150	1139	1129	1119	1109	1100	1091	1084	1078	1072	1066	1058	
1637	1501	1411	1362	1313	1281	1253	1234	1221	1198	1179	1166	1154	1143	1133	1122	1111	1101	1093	1087	1081	1074	1066	1057	
1623	1485	1410	1353	1306	1271	1249	1234	1209	1189	1176	1163	1151	1139	1127	1116	1105	1097	1091	1085	1078	1070	1061	1052	
1617	1490	1406	1338	1296	1270	1253	1226	1204	1191	1174	1161	1148	1135	1124	1113	1105	1099	1093	1086	1077	1068	1059	1050	
1605	1472	1385	1329	1301	1281	1248	1226	1209	1192	1178	1164	1149	1138	1127	1119	1113	1106	1098	1089	1079	1070	1061	1056	
1597	1462	1389	1348	1313	1269	1243	1224	1204	1187	1173	1158	1147	1136	1127	1121	1114	1106	1095	1085	1076	1067	1062	1056	
1593	1456	1387	1342	1286	1257	1232	1211	1194	1180	1165	1154	1143	1134	1128	1120	1111	1100	1089	1080	1071	1066	1060	1053	
1595	1474	1408	1340	1292	1266	1235	1216	1198	1179	1164	1153	1144	1138	1130	1120	1108	1096	1086	1077	1072	1066	1059	1054	
1610	1491	1397	1339	1299	1261	1239	1217	1194	1179	1165	1155	1149	1140	1130	1118	1106	1095	1084	1079	1072	1065	1060	1055	
1620	1486	1405	1347	1296	1270	1241	1217	1200	1182	1170	1163	1153	1142	1129	1115	1102	1091	1086	1079	1072	1067	1062	1059	
1607	1478	1397	1333	1301	1267	1241	1221	1200	1185	1176	1165	1153	1139	1125	1112	1100	1095	1088	1081	1076	1071	1068	1064	
1597	1474	1381	1336	1295	1263	1241	1215	1199	1188	1176	1164	1150	1135	1121	1108	1101	1094	1087	1082	1077	1074	1070	1067	
1605	1456	1389	1338	1301	1276	1244	1224	1211	1196	1184	1169	1152	1138	1125	1117	1109	1102	1097	1092	1088	1082	1076	1067	
1585	1466	1393	1337	1304	1268	1244	1230	1214	1200	1185	1168	1154	1140	1132	1122	1113	1107	1099	1095	1089	1082	1073	1067	
1598	1472	1392	1341	1295	1266	1251	1232	1210	1194	1177	1163	1145	1137	1127	1118	1110	1102	1098	1092	1084	1075	1069	1064	
1616	1485	1403	1347	1300	1281	1258	1233	1214	1196	1178	1157	1148	1138	1129	1121	1113	1107	1100	1092	1083	1075	1070	1062	
1621	1473	1389	1329	1307	1281	1252	1232	1210	1190	1169	1160	1147	1137	1129	1120	1114	1107	1098	1088	1078	1072	1064	1057	
1607	1459	1378	1344	1310	1276	1252	1226	1206	1185	1174	1160	1149	1140	1131	1125	1116	1104	1094	1084	1078	1069	1062	1057	
1589	1457	1390	1344	1304	1279	1248	1226	1202	1190	1175	1162	1153	1142	1136	1127	1114	1101	1091	1085	1075	1068	1063	1055	
1607	1474	1401	1347	1309	1277	1253	1226	1211	1192	1177	1165	1152	1145	1136	1123	1110	1100	1094	1084	1077	1072	1064	1060	
1589	1474	1398	1350	1311	1275	1243	1226	1204	1185	1173	1161	1153	1143	1130	1117	1107	1101	1091	1084	1079	1071	1067	1064	
1629	1484	1407	1360	1313	1276	1255	1226	1203	1188	1176	1167	1156	1141	1128	1118	1109	1099	1091	1086	1075	1071	1068	1062	
1593	1470	1404	1344	1300	1277	1243	1218	1202	1188	1176	1162	1145	1132	1122	1114	1103	1095	1090	1079	1074	1071	1065	1060	
1597	1476	1387	1336	1303	1265	1237	1219	1203	1190	1174	1155	1142	1131	1121	1110	1102	1097	1086	1081	1078	1072	1067	1062	
1619	1478	1405	1355	1312	1270	1248	1231	1215	1194	1174	1161	1146	1135	1123	1115	1108	1096	1091	1086	1080	1074	1068	1060	
1627	1484	1409	1352	1303	1274	1253	1235	1213	1190	1175	1158	1146	1134	1126	1119	1106	1101	1096	1089	1083	1076	1066	1048	
1608	1488	1405	1347	1311	1285	1262	1236	1206	1189	1170	1158	1144	1136	1128	1114	1109	1104	1096	1089	1081	1071	1053	1048	
1605	1471	1395	1343	1313	1281	1253	1221	1203	1182	1169	1152	1144	1134	1120	1113	1108	1100	1092	1084	1073	1055	1050	1043	
1591	1460	1389	1350	1312	1276	1242	1222	1201	1188	1170	1159	1147	1132	1124	1118	1110	1102	1094	1082	1063	1056	1048	1045	
1586	1462	1404	1356	1312	1271	1248	1223	1209	1188	1174	1161	1144	1135	1128	1119	1110	1102	1087	1067	1060	1051	1048	1042	
1618	1491	1417	1359	1306	1277	1242	1227	1202	1182	1166	1148	1139	1132	1123	1113	1105	1090	1069	1062	1053	1050	1043	1036	
1618	1497	1405	1339	1303	1265	1247	1217	1194	1175	1157	1145	1138	1129	1117	1108	1093	1072	1065	1056	1053	1046	1039	1027	
1634	1482	1395	1341	1295	1267	1235	1211	1188	1170	1157	1149	1138	1124	1114	1099	1077	1069	1060	1057	1050	1043	1031	1024	
1612	1466	1388	1323	1287	1252	1228	1203	1183	1169	1159	1147	1132	1122	1106	1083	1075	1066	1063	1056	1048	1036	1029	1021	
1577	1464	1370	1321	1278	1250	1219	1199	1182	1170	1156	1139	1128	1111	1087	1079	1070	1067	1060	1052	1039	1031	1022	1016	
1605	1456	1379	1328	1290	1253	1231	1204	1190	1174	1156	1142	1124	1098	1089	1080	1077	1070	1062	1046	1038	1029	1023	1014	
1597	1462	1383	1338	1294	1270	1236	1215	1196	1173	1158	1137	1106	1095	1086	1083	1076	1068	1052	1044	1035	1028	1019	1011	
1588	1461	1391	1336	1304	1264	1239	1212	1188	1171	1149	1117	1106	1095	1090	1083	1075	1059	1050	1041	1032	1023	1015	1010	
1591	1468	1390	1343	1294	1263	1231	1205	1185	1163	1130	1117	1106	1099	1092	1083	1067	1058	1049	1039	1030	1022	1017	1010	
1607	1470	1397	1331	1296	1260	1227	1206	1180	1145	1131	1119	1111	1102	1092	1076	1067	1058	1047	1038	1030	1023	1016	1010	
1606	1483	1393	1345	1306	1261	1236	1205	1168	1152	1138	1128	1117	1107	1091	1082	1071	1060	1048	1039	1032	1025	1018	1012	
1619	1475	1393	1344	1289	1260	1224	1186	1167	1151	1139	1128	1118	1102	1093	1081	1068	1055	1046	1037	1030	1023	1016	1009	
1599	1474	1403	1328	1291	1252	1209	1188	1170	1154	1141	1131	1114	1105	1090	1076	1063	1054	1045	1038	1031	1024	1016	1011	
1603	1488	1388	1331	1283	1236	1211	1191	1172	1157	1147	1129	1119	1103	1088	1075	1066	1057	1049	1041	1033	1023	1018	1007	
1634	1477	1386	1328	1276	1240	1216	1192	1173	1160	1141	1129	1112	1095	1082	1072	1063	1055	1046	1038	1027	1022	1010	989	
1590	1458	1367	1303	1260	1233	1207	1186	1170	1150	1137	1118	1100	1087	1077	1067	1059	1049	1041	1030	1025	1012	991	967	
1590	1440	1350	1299	1265	1233	1211	1192	1167	1149	1129	1110	1097	1086	1075	1067	1057	1049	1038	1033	1020	999	972	944	
1584	1432	1358	1310	1265	1238	1210	1180	1159	1137	1118	1104	1092	1081	1072	1062	1053	1042	1037	1024	1002	975	946	929	
1563	1436	1363	1303	1269	1233	1202	1176	1153	1133	1117	1103	1092	1081	1069	1060	1049	1044	1030	1007	979	949	932	918	
1558	1438	1361	1317	1277	1241	1208	1180	1156	1134	1118	1106	1093	1079	1069	1057	1051	1037	1014	984	954	937	923	917	
1602	1476	1408	1352	1311	1275	1235	1203	1180	1161	1146	1128	1113	1099	1086	1078	1061	1034	1003	968	950	934	928	916	
1633	1501	1421	1364	1316	1268	1233	1206	1183	1165	1145	1128	1114	1098	1090	1072	1044	1012	976	958	941	934	922	889	
1607	1494	1411	1351	1299	1258	1230	1201	1178	1158	1140	1125	1108	1100	1081	1052	1020	983	965	947	939	926	893	886	
1625	1490	1406	1341	1293	1257	1220	1190	1168	1149	1133	1114	1106	1087	1058	1024	987	969	949	941	927	893	886	880	
1595	1475	1388	1327	1282	1237	1207	1183	1160	1144	1125	1115	1095	1066	1031	992	972	952	944	930	895	888	882	881	
1585	1459	1372	1317	1265	1232	1204	1179	1162	1142	1131	1109	1080	1045	1005	985	964	955	941	904	897	889	888	883	
1609	1474	1391	1319	1278	1245	1213	1194	1169	1154	1131	1099	1063	1019	999	978	969	954	913	905	897	896	891	852	
1612	1469	1378	1319	1278	1245	1220	1192	1177	1153	1119	1082	1037	1015	993	984	968	927	918	909	907	901	861	850	
1608	1465	1383	1322	1284	1252	1219	1198	1174	1138	1094	1049	1026	1002	992	975	932	923	914	912	906	865	854	841	
1583	1454	1370	1316	1280	1243	1218	1192	1154	1107	1060	1036	1011	1001	984	938	929	920	918	912	870	859	844	812	
1587	1464	1371	1325	1275	1248	1218	1176	1127	1075	1052	1025	1013	994	948	939	928	926	920	876	865	850	817	801	
1606	1453	1379	1318	1276	1243	1197	1145	1089	1063	1035	1022	1000	954	944	933	931	924	879	868	853	820	804	793	
1573	1449	1363	1306	1268	1219	1163	1106	1078	1049	1032	1008	959	949	938	936	929	883	871	855	822	806	795	785	
1591	1455	1375	1316	1251	1185	1119	1088	1057	1039	1015	965	954	943	941	934	889	877	861	828	811	800	790	777	
1578	1452	1369	1290	1215	1144	1108	1076	1054	1029	979	966	953	951	944	897	884	868	833	816	805	795	782	772	
1584	1449	1345	1258	1176	1133	1098	1075	1048	993	979	966	962	955	907	893	875	840	822	811	800	787	777	770	
1579	1421	1306	1214	1164	1121	1096	1066	1010	994	978	971	964	915	901	883	847	829	818	807	794	784	777	757	
1562	1391	1279	1212	1164	1127	1092	1032	1014	997	989	981	926	912	892	854	836	823	809	796	786	779	759	752	
1515	1350	1271	1209	1163	1127	1058	1035	1017	1007	999	941	924	904	864	845	831	817	804	794	786	766	757	749	
1500	1359	1272	1208	1163	1090	1062	1040	1027	1018	955	937	916	874	853	839	824	811	800	792	772	762	754	747	
1519	1371	1266	1212	1132	1095	1070	1053	1041	973	955	932	889	865	850	834	821	810	802	782	771	763	756	743	
1504	1356	1271	1181	1138	1104	1083	1069	999	977	947	900	876	860	844	829	818	810	788	777	768	761	748	743	
1497	1372	1245	1189	1144	1119	1104	1026	1004	972	919	894	877	860	843	829	819	796	785	775	768	755	750	744	
1518	1332	1243	1186	1153	1133	1043	1017	984	930	904	887	870	852	838	828	805	794	784	777	764	758	752	746	
1468	1335	1263	1216	1184	1076	1041	1004	946	918	898	880	862	849	836	813	802	791	783	770	764	757	751	739	
1523	1379	1307	1266	1138	1096	1053	987	958	933	915	894	880	867	842	830	818	809	793	787	780	774	761	754	
1552	1420	1349	1192	1134	1076	1007	976	948	926	904	890	876	851	839	825	815	799	793	785	779	765	758	750	
1546	1431	1238	1170	1104	1026	992	962	938	913	897	883	858	846	830	820	804	798	790	783	769	762	754	749	
1558	1309	1224	1144	1057	1016	982	950	925	909	894	868	856	840	830	814	807	798	791	776	769	761	756	746	
1414	1283	1178	1080	1029	994	961	935	917	901	875	863	847	837	820	811	802	795	780	772	764	758	748	743	
1458	1270	1139	1074	1029	991	959	938	922	893	880	864	850	832	823	810	803	788	780	772	765	755	750	746	
1468	1267	1161	1096	1049	1011	986	962	930	911	893	876	858	848	832	824	803	795	785	777	766	759	755	749	
1453	1286	1199	1125	1081	1050	1017	980	956	931	906	887	874	852	844	821	810	800	792	781	774	770	762	756	
1460	1305	1197	1145	1101	1060	1016	989	956	926	906	887	864	854	829	817	807	799	788	781	777	769	763	744	
1493	1321	1229	1168	1114	1052	1019	983	949	926	904	881	870	844	829	819	809	798	791	786	778	772	753	749	
1451	1307	1231	1165	1095	1054	1016	977	950	924	900	887	859	844	833	821	809	802	797	787	780	761	757	753	
1466	1335	1240	1152	1098	1054	1012	979	952	925	911	880	864	851	838	824	817	812	802	793	771	767	762	757	
1487	1323	1210	1140	1090	1045	1008	979	948	933	902	884	870	856	838	831	826	816	807	784	780	775	770	763	
1530	1315	1188	1126	1072	1028	997	965	947	915	896	879	865	846	839	834	824	813	788	784	779	774	766	765	
1459	1272	1175	1105	1057	1021	985	965	929	910	892	878	858	851	843	833	822	797	793	788	783	776	775	766	
1450	1273	1181	1118	1066	1019	992	947	924	905	891	868	860	852	842	831	805	801	795	790	781	780	771	765	
1438	1297	1214	1141	1078	1045	989	960	935	917	892	884	875	863	848	822	818	812	807	798	797	788	782	777	
1492	1307	1206	1135	1092	1027	988	960	939	909	901	890	874	857	830	826	819	814	804	802	793	787	782	776	
1466	1307	1211	1149	1067	1024	991	966	929	918	906	889	870	843	839	830	824	814	812	802	796	791	785	785	
1444	1291	1207	1104	1053	1011	978	940	928	915	898	878	850	845	835	828	818	816	805	800	794	788	788	786	
1477	1332	1176	1104	1050	1007	960	944	929	912	889	860	854	843	836	826	823	812	807	800	794	794	792	787	
1471	1251	1146	1085	1031	980	962	945	926	901	871	865	854	845	835	832	821	816	809	803	803	800	794	787	
1399	1229	1145	1080	1014	989	970	946	917	886	880	868	857	846	843	832	827	820	814	813	810	804	797	792	
1389	1253	1152	1068	1028	1003	975	944	910	901	886	873	859	856	845	839	830	824	823	820	813	806	801	796	
1407	1253	1133	1080	1044	1009	976	941	927	912	898	883	880	869	863	853	846	843	840	829	822	817	812	808	
1401	1226	1151	1096	1054	1019	981	964	945	930	912	907	894	887	875	868	865	861	849	842	837	831	827	822	
1352	1239	1164	1112	1069	1026	1004	982	964	946	940	923	915	902	893	890	885	872	865	858	852	848	842	835	
1396	1268	1184	1131	1070	1038	1012	993	975	967	948	935	921	909	906	899	885	876	869	863	859	853	846	843	
1421	1291	1203	1129	1089	1060	1038	1017	1005	984	970	954	940	935	928	912	900	893	887	883	876	869	866	864	
1472	1337	1217	1164	1127	1095	1069	1056	1028	1010	991	974	965	957	937	923	913	907	900	893	885	882	879	869	
1465	1302	1223	1172	1133	1104	1085	1054	1033	1013	993	983	973	952	937	927	921	914	907	898	892	888	876	872	
1434	1309	1227	1177	1142	1119	1082	1056	1033	1009	997	988	966	948	937	930	921	914	905	898	894	882	878	874	
1459	1335	1263	1214	1178	1136	1106	1078	1052	1036	1024	1001	979	965	958	948	941	932	925	921	909	903	899	892	
1494	1365	1294	1247	1196	1159	1128	1089	1069	1056	1032	1009	993	985	974	967	955	948	944	932	926	922	915	909	
1557	1405	1335	1262	1212	1163	1117	1095	1082	1058	1032	1014	1005	993	986	973	966	961	948	942	938	930	924	919	
1554	1423	1331	1252	1193	1142	1114	1099	1073	1047	1028	1018	1006	999	986	979	974	961	955	949	941	934	929	924	
1570	1420	1320	1245	1185	1155	1135	1107	1081	1058	1045	1032	1022	1009	1002	996	981	975	966	958	951	946	940	938	
1558	1408	1301	1235	1195	1172	1143	1112	1086	1068	1054	1043	1029	1021	1015	999	992	983	975	968	962	955	952	947	
1519	1368	1282	1230	1201	1168	1136	1105	1086	1068	1056	1041	1032	1024	1007	1000	990	982	975	969	962	959	954	950	
1509	1372	1294	1252	1210	1173	1138	1117	1095	1079	1062	1050	1041	1024	1014	1005	996	988	982	975	972	967	962	954	
1487	1374	1297	1241	1194	1157	1130	1107	1090	1073	1060	1051	1032	1022	1012	1002	994	988	981	976	971	966	958	957	
1524	1392	1316	1259	1208	1174	1148	1126	1104	1091	1079	1057	1046	1034	1024	1016	1010	1002	997	992	987	979	978	973	
1546	1412	1326	1259	1213	1181	1157	1134	1119	1103	1078	1061	1048	1037	1029	1022	1014	1009	1004	999	991	989	982	979	
1539	1398	1300	1244	1207	1181	1151	1135	1118	1091	1072	1058	1046	1038	1031	1022	1017	1012	1006	998	996	989	986	982	
1520	1369	1289	1240	1206	1174	1153	1135	1105	1085	1071	1059	1048	1040	1031	1026	1020	1015	1007	1005	998	994	990	987	
1509	1374	1289	1248	1210	1185	1164	1130	1106	1092	1079	1067	1057	1047	1040	1033	1027	1019	1016	1008	1004	1000	997	992	
1515	1372	1307	1258	1227	1198	1160	1135	1120	1107	1093	1082	1072	1062	1055	1048	1039	1034	1026	1020	1016	1013	1006	1002	
1508	1396	1321	1282	1246	1204	1174	1153	1136	1119	1104	1093	1082	1074	1065	1056	1050	1041	1034	1029	1026	1017	1013	1006	
1525	1418	1347	1301	1245	1205	1180	1161	1141	1126	1114	1102	1094	1084	1074	1068	1058	1049	1041	1037	1028	1023	1016	1009	
1562	1449	1379	1305	1257	1226	1205	1180	1163	1147	1134	1124	1111	1099	1093	1079	1070	1062	1058	1049	1042	1034	1027	1024	
1576	1456	1361	1295	1254	1229	1200	1182	1166	1153	1142	1127	1115	1107	1093	1083	1075	1070	1061	1054	1046	1039	1035	1032	
1574	1435	1355	1300	1268	1233	1211	1195	1182	1170	1155	1136	1128	1109	1099	1089	1084	1073	1066	1057	1050	1046	1043	1039	
1575	1449	1374	1320	1277	1247	1231	1216	1201	1182	1159	1149	1128	1114	1102	1096	1085	1078	1069	1062	1058	1054	1049	1044	
1574	1446	1374	1314	1276	1256	1237	1217	1196	1171	1158	1135	1120	1107	1101	1090	1083	1073	1066	1062	1057	1052	1046	1040	
1595	1474	1387	1333	1304	1277	1250	1222	1192	1178	1151	1134	1121	1113	1098	1091	1081	1074	1069	1063	1058	1052	1046	1043	
1602	1461	1386	1345	1303	1275	1243	1212	1196	1166	1146	1130	1122	1106	1099	1088	1081	1074	1067	1062	1056	1049	1046	1040	
1601	1475	1410	1358	1321	1281	1236	1219	1185	1160	1142	1134	1117	1107	1096	1089	1080	1073	1068	1062	1056	1053	1047	1045	
1580	1473	1401	1353	1304	1258	1237	1202	1175	1152	1143	1124	1114	1103	1094	1085	1078	1073	1067	1060	1057	1051	1049	1041	
1583	1467	1400	1342	1291	1267	1227	1199	1172	1162	1141	1129	1115	1106	1097	1090	1084	1075	1068	1065	1058	1056	1047	1045	
1594	1477	1395	1328	1299	1252	1216	1189	1177	1154	1139	1122	1112	1103	1096	1090	1081	1073	1069	1061	1059	1050	1047	1043	
1607	1474	1376	1339	1287	1247	1216	1199	1175	1156	1137	1127	1117	1110	1104	1093	1084	1080	1072	1070	1060	1057	1053	1046	
1601	1459	1384	1317	1266	1228	1208	1183	1164	1144	1133	1123	1115	1109	1098	1089	1085	1077	1075	1065	1062	1058	1051	1048	
1575	1457	1374	1305	1260	1236	1205	1181	1159	1146	1135	1126	1119	1108	1099	1095	1085	1082	1072	1069	1065	1057	1054	1048	
1593	1449	1347	1294	1261	1220	1192	1168	1153	1141	1132	1124	1113	1103	1099	1089	1086	1075	1072	1068	1060	1057	1051	1050	
1590	1426	1356	1312	1254	1221	1192	1172	1158	1149	1139	1127	1115	1111	1099	1096	1085	1080	1076	1067	1064	1058	1056	1052	
1549	1431	1359	1291	1246	1212	1190	1174	1165	1154	1140	1128	1122	1109	1106	1094	1089	1084	1074	1070	1064	1062	1058	1053	
1571	1445	1347	1289	1244	1217	1200	1185	1173	1158	1145	1137	1124	1120	1108	1102	1097	1087	1080	1072	1070	1065	1060	1055	
1587	1428	1344	1291	1253	1232	1211	1195	1175	1160	1151	1137	1132	1119	1110	1105	1094	1086	1078	1076	1071	1066	1061	1055	
1539	1419	1342	1293	1265	1240	1218	1195	1181	1171	1157	1150	1137	1127	1121	1109	1100	1091	1087	1081	1075	1069	1062	1057	
1539	1417	1336	1297	1262	1237	1213	1196	1185	1168	1159	1147	1137	1130	1118	1109	1100	1096	1090	1084	1077	1070	1065	1057	
1564	1434	1368	1319	1275	1247	1224	1209	1190	1180	1165	1153	1145	1130	1121	1112	1107	1101	1095	1086	1079	1071	1063	1058	
1565	1453	1375	1317	1281	1255	1239	1213	1200	1184	1170	1162	1146	1137	1126	1120	1111	1104	1093	1086	1078	1070	1065	1064	
1578	1456	1374	1326	1289	1269	1239	1220	1201	1184	1174	1156	1144	1133	1127	1118	1111	1099	1092	1084	1076	1070	1069	1066	
1595	1460	1380	1332	1302	1268	1245	1225	1208	1194	1175	1162	1150	1144	1135	1126	1111	1104	1096	1088	1082	1081	1078	1070	
1592	1463	1384	1339	1301	1271	1244	1227	1210	1190	1175	1163	1157	1146	1137	1122	1115	1106	1098	1090	1088	1084	1076	1069	
1594	1456	1383	1334	1296	1260	1241	1221	1199	1182	1170	1164	1153	1144	1128	1120	1111	1103	1095	1093	1088	1080	1073	1071	
1579	1452	1382	1327	1278	1255	1234	1210	1191	1179	1171	1159	1150	1133	1125	1116	1106	1098	1096	1089	1081	1074	1072	1065	
1581	1467	1385	1329	1299	1271	1241	1218	1202	1189	1177	1168	1149	1140	1129	1118	1110	1108	1101	1091	1084	1082	1075	1071	
1606	1460	1378	1334	1300	1264	1238	1220	1203	1189	1180	1161	1148	1137	1126	1118	1114	1106	1095	1088	1086	1079	1075	1068	
1590	1460	1390	1336	1293	1265	1241	1221	1205	1196	1177	1164	1152	1140	1132	1127	1119	1107	1100	1096	1089	1084	1077	1070	
1606	1474	1390	1333	1297	1269	1245	1228	1215	1195	1180	1167	1153	1143	1138	1128	1116	1109	1105	1098	1092	1085	1078	1073	
1591	1460	1380	1332	1294	1264	1245	1227	1206	1188	1174	1159	1148	1142	1131	1119	1112	1107	1100	1094	1087	1080	1074	1073	
1601	1464	1390	1338	1301	1275	1253	1226	1206	1190	1171	1157	1150	1139	1126	1119	1113	1105	1099	1090	1083	1077	1075	1068	
1595	1463	1382	1331	1295	1269	1238	1217	1201	1180	1166	1159	1146	1133	1126	1119	1110	1104	1094	1087	1081	1078	1071	1066	
1574	1447	1376	1329	1297	1264	1236	1219	1195	1181	1173	1159	1144	1135	1128	1118	1111	1101	1094	1088	1085	1078	1073	1070	
1581	1458	1383	1342	1300	1268	1246	1215	1200	1189	1175	1159	1149	1141	1131	1123	1112	1105	1099	1096	1088	1083	1080	1076	
1590	1465	1399	1338	1299	1271	1234	1217	1205	1190	1171	1158	1150	1139	1131	1120	1113	1107	1103	1095	1090	1086	1082	1074	
1609	1491	1397	1343	1304	1262	1240	1227	1210	1190	1173	1165	1150	1141	1130	1123	1117	1113	1105	1100	1094	1089	1081	1079	
1624	1475	1395	1344	1293	1263	1246	1227	1204	1185	1177	1162	1152	1138	1130	1123	1117	1109	1103	1097	1092	1084	1082	1073	
1592	1471	1400	1339	1303	1281	1259	1234	1209	1193	1174	1162	1148	1138	1130	1123	1115	1108	1102	1097	1089	1087	1077	1072	
1589	1465	1388	1341	1306	1282	1254	1227	1211	1189	1175	1159	1149	1140	1129	1121	1114	1106	1101	1093	1091	1080	1075	1067	
1618	1471	1394	1345	1309	1278	1251	1232	1204	1188	1170	1159	1150	1139	1130	1124	1116	1111	1103	1099	1088	1083	1074	1064	
1592	1469	1400	1356	1313	1281	1259	1223	1204	1184	1172	1160	1147	1138	1131	1123	1116	1108	1104	1092	1087	1078	1066	1063	
1602	1481	1411	1356	1313	1284	1245	1223	1201	1189	1174	1160	1150	1141	1132	1125	1116	1112	1100	1095	1086	1074	1071	1062	
1617	1497	1415	1355	1318	1277	1251	1228	1213	1196	1181	1167	1157	1146	1137	1127	1121	1109	1104	1094	1081	1078	1069	1059	
1629	1498	1416	1361	1309	1277	1245	1228	1208	1190	1173	1162	1151	1141	1131	1125	1113	1107	1097	1084	1081	1072	1062	1061	
1630	1507	1418	1351	1305	1268	1248	1225	1205	1185	1173	1158	1146	1136	1131	1119	1113	1103	1089	1086	1077	1066	1065	1064	
1607	1480	1392	1340	1295	1268	1241	1218	1193	1181	1166	1155	1145	1139	1127	1120	1109	1095	1091	1082	1071	1070	1069	1060	
1601	1466	1395	1336	1303	1270	1241	1214	1202	1183	1167	1157	1150	1137	1130	1118	1104	1100	1090	1079	1078	1077	1068	1063	
1585	1464	1384	1340	1296	1263	1233	1217	1198	1179	1169	1160	1143	1136	1124	1110	1105	1095	1084	1082	1081	1072	1066	1059	
1587	1463	1391	1337	1300	1264	1240	1214	1195	1183	1173	1155	1146	1132	1118	1111	1101	1089	1086	1084	1075	1069	1062	1056	
1592	1484	1396	1344	1300	1271	1242	1222	1206	1192	1172	1162	1148	1134	1126	1114	1100	1096	1094	1084	1077	1069	1063	1055	
1598	1448	1374	1328	1294	1258	1232	1214	1197	1177	1165	1150	1136	1127	1115	1101	1097	1095	1085	1078	1070	1064	1056	1056	
1577	1453	1386	1338	1293	1260	1239	1220	1198	1185	1169	1153	1141	1129	1115	1108	1105	1093	1086	1078	1072	1064	1064	1058	
1578	1460	1384	1329	1289	1263	1242	1218	1202	1182	1165	1152	1140	1126	1118	1115	1102	1094	1086	1080	1072	1072	1066	1062	
1605	1478	1394	1334	1301	1276	1250	1231	1207	1189	1175	1157	1142	1132	1128	1112	1105	1097	1091	1083	1083	1077	1071	1060	
1595	1465	1386	1341	1307	1275	1251	1227	1208	1191	1171	1155	1142	1138	1122	1115	1106	1098	1090	1089	1083	1077	1066	1061	
1602	1465	1394	1352	1309	1282	1254	1233	1210	1188	1170	1157	1151	1132	1125	1116	1107	1098	1095	1089	1082	1071	1066	1065	
1589	1470	1404	1348	1313	1279	1256	1232	1207	1186	1172	1162	1142	1134	1124	1114	1105	1102	1096	1088	1077	1071	1070	1062	
1573	1479	1395	1348	1305	1277	1252	1224	1203	1187	1175	1154	1146	1136	1126	1117	1113	1106	1097	1085	1079	1078	1070	1064	
1611	1484	1403	1345	1308	1278	1244	1221	1203	1191	1169	1159	1148	1138	1127	1123	1116	1106	1094	1088	1085	1076	1070	1064	
1610	1481	1393	1343	1306	1268	1242	1221	1209	1184	1172	1158	1147	1135	1131	1123	1113	1101	1095	1091	1082	1076	1070	1064	
1606	1453	1382	1337	1296	1266	1243	1226	1199	1184	1171	1156	1144	1140	1131	1121	1107	1101	1097	1088	1082	1076	1070	1065	
1571	1447	1390	1336	1301	1271	1251	1223	1206	1192	1176	1161	1156	1145	1134	1119	1113	1108	1096	1090	1084	1077	1070	1068	
1581	1478	1407	1354	1314	1283	1252	1230	1213	1193	1176	1168	1154	1143	1127	1118	1112	1099	1093	1087	1080	1073	1071	1067	
1600	1476	1402	1355	1317	1277	1251	1233	1210	1190	1180	1166	1154	1139	1128	1122	1108	1100	1094	1087	1080	1077	1072	1065	
1613	1490	1411	1359	1313	1279	1258	1232	1208	1196	1180	1168	1152	1141	1134	1120	1112	1106	1099	1091	1088	1081	1074	1072	
1612	1482	1404	1346	1304	1279	1250	1222	1209	1192	1178	1161	1149	1142	1128	1118	1112	1105	1097	1094	1087	1080	1078	1073	
1606	1486	1409	1353	1317	1279	1248	1232	1209	1194	1175	1160	1152	1138	1128	1121	1113	1105	1101	1091	1084	1082	1077	1074	
1615	1486	1412	1364	1316	1279	1259	1234	1211	1190	1175	1164	1150	1140	1132	1124	1114	1109	1099	1090	1088	1083	1080	1077	
1617	1475	1404	1342	1300	1274	1247	1223	1202	1187	1175	1160	1149	1141	1132	1121	1114	1104	1094	1092	1087	1084	1080	1073	
1589	1477	1389	1336	1300	1268	1239	1217	1201	1188	1172	1158	1149	1139	1128	1121	1110	1100	1098	1093	1090	1085	1078	1072	
1603	1472	1392	1341	1303	1267	1243	1226	1211	1193	1175	1166	1156	1145	1136	1125	1115	1112	1107	1103	1097	1089	1083	1077	
1632	1496	1413	1358	1315	1288	1263	1245	1222	1199	1188	1175	1159	1149	1137	1127	1124	1119	1114	1106	1098	1090	1083	1077	
1600	1473	1400	1349	1317	1289	1269	1245	1220	1205	1191	1173	1162	1148	1137	1133	1127	1122	1113	1104	1096	1088	1082	989	
1603	1488	1408	1361	1321	1296	1264	1238	1220	1204	1185	1174	1160	1147	1143	1135	1130	1121	1112	1104	1096	1090	997	982	
1599	1475	1404	1358	1323	1289	1259	1239	1220	1196	1183	1169	1155	1150	1142	1137	1127	1115	1106	1098	1092	999	984	973	
1583	1461	1396	1349	1308	1273	1250	1230	1204	1192	1175	1160	1152	1144	1139	1129	1116	1107	1099	1093	1000	985	974	968	
1589	1474	1404	1350	1307	1280	1252	1223	1209	1190	1173	1165	1155	1149	1139	1125	1116	1108	1102	1008	991	980	974	955	
1598	1487	1407	1351	1316	1281	1251	1234	1212	1193	1182	1170	1162	1152	1137	1128	1119	1113	1019	1000	988	981	962	953	
1624	1488	1413	1368	1322	1283	1260	1236	1215	1203	1191	1182	1171	1155	1146	1136	1128	1029	1009	996	987	968	959	949	
1615	1480	1415	1357	1315	1286	1259	1231	1217	1203	1193	1181	1164	1155	1144	1136	1037	1014	1000	990	971	962	952	949	
1609	1492	1393	1341	1305	1270	1240	1225	1210	1198	1185	1168	1159	1147	1139	1039	1016	1002	992	973	964	955	952	939	
1598	1460	1395	1346	1299	1268	1251	1233	1220	1206	1186	1174	1161	1153	1047	1024	1010	998	978	968	959	956	943	927	
1600	1481	1410	1346	1306	1285	1263	1246	1228	1206	1191	1177	1168	1057	1033	1019	1007	986	976	965	962	949	933	926	
1606	1483	1392	1342	1312	1283	1265	1244	1220	1202	1187	1176	1065	1040	1025	1013	992	982	970	967	954	938	930	922	
1615	1474	1389	1349	1312	1294	1267	1241	1223	1206	1192	1075	1048	1031	1019	998	988	976	973	960	943	934	926	920	
1602	1470	1403	1351	1327	1294	1260	1240	1221	1207	1085	1058	1040	1027	1005	994	981	977	963	946	937	929	923	919	
1590	1465	1398	1359	1319	1279	1255	1233	1218	1093	1065	1047	1034	1011	1000	987	983	968	949	940	932	925	921	912	
1596	1488	1422	1365	1316	1284	1256	1239	1112	1080	1060	1045	1019	1007	994	990	975	956	947	939	932	926	917	905	
1617	1505	1419	1361	1322	1283	1262	1127	1093	1071	1054	1028	1015	1001	996	980	960	951	943	936	930	921	909	905	
1631	1487	1398	1346	1299	1277	1137	1102	1079	1062	1036	1022	1007	1000	984	963	954	946	939	933	924	912	908	901	
1614	1473	1396	1334	1305	1155	1112	1089	1072	1044	1030	1014	1005	989	967	957	949	942	936	927	914	910	903	897	
1577	1469	1387	1348	1183	1135	1110	1093	1065	1048	1030	1021	1002	980	969	961	953	946	936	922	918	910	904	897	
1606	1455	1401	1216	1163	1133	1115	1082	1063	1044	1034	1014	992	981	972	964	956	946	932	928	920	912	904	869	
1560	1465	1259	1195	1157	1136	1102	1080	1058	1048	1027	1004	991	981	973	963	953	936	932	923	915	907	871	859	
1592	1314	1232	1187	1161	1120	1097	1073	1056	1033	1009	996	985	976	966	955	938	934	925	916	908	872	860	852	
1441	1311	1245	1202	1150	1118	1093	1076	1049	1025	1009	997	986	976	964	945	941	931	922	914	876	862	854	850	
1499	1370	1296	1213	1172	1145	1125	1094	1070	1051	1037	1027	1017	1003	981	977	967	957	949	910	895	884	879	873	
1576	1438	1326	1268	1234	1204	1161	1129	1102	1087	1072	1060	1044	1020	1015	1004	993	985	940	925	910	905	899	893	
1577	1412	1334	1284	1244	1193	1155	1128	1108	1090	1078	1060	1036	1030	1019	1007	997	950	935	918	913	907	900	897	
1541	1422	1347	1296	1229	1183	1152	1128	1108	1093	1075	1049	1043	1031	1019	1008	958	942	925	919	913	906	903	899	
1578	1460	1381	1286	1224	1188	1155	1132	1117	1096	1068	1059	1046	1032	1020	967	951	933	926	920	912	909	905	900	
1605	1465	1342	1260	1222	1184	1157	1139	1110	1077	1065	1052	1037	1025	972	955	937	930	924	916	912	908	903	897	
1607	1414	1310	1267	1221	1190	1170	1136	1093	1080	1067	1052	1039	985	967	947	940	933	925	920	916	911	905	899	
1551	1394	1331	1275	1231	1201	1158	1113	1097	1084	1066	1052	993	973	953	946	939	931	926	922	917	910	904	902	
1581	1461	1356	1276	1236	1190	1139	1121	1103	1081	1067	1002	978	958	950	942	933	928	923	918	911	905	903	899	
1598	1438	1327	1273	1219	1163	1143	1120	1096	1079	1010	986	966	957	949	938	933	928	923	916	910	907	903	899	
1588	1430	1342	1275	1209	1181	1155	1123	1103	1030	1003	981	971	961	950	944	938	932	925	919	915	911	907	902	
1562	1432	1337	1262	1232	1190	1151	1123	1046	1018	995	984	972	961	955	949	943	936	930	925	921	915	910	902	
1611	1455	1352	1312	1233	1178	1144	1065	1035	1010	997	984	973	967	961	955	948	941	936	932	926	921	913	908	
1600	1445	1375	1269	1205	1168	1085	1051	1025	1011	998	987	981	974	968	961	954	948	943	936	930	922	917	912	
1583	1451	1314	1237	1194	1106	1066	1037	1022	1008	996	987	980	974	965	958	952	947	940	934	925	920	915	908	
1575	1387	1285	1235	1138	1091	1058	1042	1028	1014	1003	995	986	976	968	962	957	949	940	931	925	919	912	906	
1564	1410	1330	1210	1149	1109	1089	1070	1047	1035	1025	1013	1003	994	986	981	972	963	952	945	940	933	927	922	
1605	1456	1287	1188	1133	1106	1081	1057	1042	1030	1018	1008	998	989	984	975	966	955	948	943	937	931	926	922	
1584	1360	1234	1164	1135	1105	1079	1060	1047	1035	1022	1010	1001	995	987	976	965	958	951	945	939	933	928	925	
1486	1314	1225	1179	1143	1109	1088	1073	1060	1044	1031	1022	1015	1002	989	978	970	963	955	948	942	937	934	932	
1475	1334	1272	1218	1182	1156	1136	1118	1102	1086	1076	1067	1051	1036	1025	1017	1009	999	991	985	980	976	972	969	
1581	1441	1349	1298	1266	1247	1226	1206	1186	1172	1156	1133	1114	1098	1089	1078	1066	1054	1045	1041	1032	1028	1025	1019	
1569	1431	1358	1313	1279	1249	1225	1203	1187	1170	1146	1125	1107	1099	1088	1076	1064	1053	1048	1038	1033	1030	1024	1019	
1543	1429	1359	1313	1278	1250	1222	1202	1184	1158	1137	1117	1106	1094	1081	1070	1059	1054	1043	1038	1035	1029	1024	1021	
1583	1463	1384	1334	1291	1255	1234	1210	1180	1159	1138	1126	1113	1099	1087	1076	1070	1059	1053	1050	1044	1039	1035	1030	
1607	1466	1382	1333	1289	1262	1233	1202	1177	1153	1138	1123	1109	1097	1085	1077	1065	1059	1056	1050	1044	1040	1035	1028	
1596	1462	1379	1324	1291	1259	1223	1196	1170	1154	1137	1123	1110	1096	1088	1076	1070	1067	1061	1053	1048	1042	1035	1027	
1608	1466	1384	1325	1288	1245	1214	1187	1166	1147	1131	1118	1104	1096	1084	1078	1074	1068	1060	1054	1049	1041	1033	982	
1600	1465	1386	1333	1282	1245	1214	1190	1170	1153	1139	1122	1113	1099	1092	1087	1081	1073	1067	1060	1052	1044	990	982	
1601	1473	1394	1326	1279	1241	1212	1188	1171	1152	1134	1124	1108	1100	1095	1089	1081	1075	1068	1059	1051	996	987	977	
1620	1487	1392	1325	1280	1241	1212	1190	1167	1149	1138	1122	1114	1108	1101	1092	1085	1076	1066	1058	1003	994	983	979	
1633	1479	1387	1325	1276	1240	1210	1182	1164	1153	1135	1127	1120	1112	1103	1096	1087	1075	1067	1011	1002	991	987	979	
1579	1447	1359	1305	1262	1227	1198	1175	1160	1141	1133	1125	1114	1105	1097	1088	1075	1067	1011	1002	991	987	979	973	
1589	1441	1361	1305	1266	1230	1200	1183	1158	1150	1141	1130	1119	1109	1100	1086	1075	1017	1008	997	993	985	978	970	
1574	1438	1349	1293	1253	1223	1201	1175	1164	1155	1143	1131	1119	1110	1096	1085	1025	1016	1004	999	991	983	974	971	
1571	1430	1350	1291	1250	1221	1193	1180	1171	1158	1146	1133	1124	1110	1098	1033	1024	1010	1004	995	987	978	975	968	
1591	1448	1361	1306	1264	1228	1210	1195	1179	1162	1149	1137	1122	1110	1042	1033	1015	1009	999	991	982	979	972	972	
1566	1439	1359	1300	1256	1233	1216	1198	1179	1160	1145	1129	1117	1048	1037	1019	1012	1002	994	985	982	975	975	963	
1565	1431	1352	1295	1262	1238	1216	1196	1174	1155	1139	1125	1054	1042	1024	1017	1006	998	989	986	979	979	966	961	
1564	1427	1357	1309	1277	1248	1227	1202	1181	1163	1147	1067	1054	1036	1029	1018	1010	1002	999	992	992	979	972	966	
1561	1438	1368	1324	1286	1260	1228	1203	1179	1163	1079	1065	1046	1036	1025	1016	1006	1002	995	995	982	974	968	963	
1596	1459	1395	1344	1304	1264	1234	1205	1187	1098	1082	1060	1049	1037	1026	1016	1012	1004	1002	989	981	975	970	968	
1598	1470	1395	1344	1301	1264	1227	1206	1109	1092	1069	1057	1045	1034	1024	1020	1011	1009	995	987	981	976	972	967	
1604	1481	1405	1347	1303	1256	1229	1125	1106	1081	1068	1056	1045	1034	1030	1021	1018	1003	995	987	982	978	973	970	
1614	1487	1406	1351	1286	1255	1145	1123	1095	1081	1068	1057	1045	1040	1029	1025	1010	1002	993	987	983	978	975	973	
1634	1481	1391	1315	1276	1159	1135	1105	1087	1072	1060	1048	1043	1032	1026	1011	1003	994	988	984	979	976	974	970	
1598	1464	1362	1314	1188	1162	1128	1104	1086	1071	1058	1051	1040	1033	1018	1008	999	992	988	982	979	977	974	970	
1602	1443	1361	1218	1187	1147	1119	1100	1084	1070	1061	1049	1042	1027	1016	1006	998	994	988	985	983	979	975	970	
1566	1436	1265	1221	1173	1139	1114	1097	1082	1070	1058	1051	1036	1025	1015	1006	1002	996	993	991	987	983	978	973	
1575	1333	1271	1215	1168	1138	1117	1099	1082	1068	1059	1044	1032	1022	1012	1008	1002	998	996	991	987	982	977	973	
1473	1356	1273	1217	1181	1155	1128	1108	1094	1084	1066	1051	1041	1031	1026	1019	1014	1010	1004	1000	993	988	982	977	
1494	1363	1278	1232	1190	1160	1136	1121	1108	1090	1072	1061	1050	1045	1038	1033	1029	1022	1018	1010	1004	998	993	991	
1542	1399	1323	1270	1229	1196	1173	1157	1135	1113	1097	1085	1078	1067	1059	1054	1045	1040	1030	1024	1018	1013	1011	1008	
1520	1405	1325	1274	1230	1202	1182	1154	1131	1112	1098	1090	1077	1068	1063	1052	1046	1036	1030	1024	1018	1016	1013	1008	
1538	1423	1342	1282	1243	1219	1186	1158	1136	1122	1113	1098	1087	1080	1069	1062	1051	1045	1039	1033	1031	1028	1023	1021	
1556	1436	1349	1289	1257	1220	1185	1157	1141	1131	1114	1101	1094	1083	1076	1061	1055	1049	1043	1041	1037	1032	1029	1028	
1554	1427	1351	1307	1251	1209	1178	1161	1149	1131	1116	1107	1094	1086	1070	1063	1056	1050	1048	1044	1038	1035	1034	1029	
1551	1435	1362	1299	1240	1202	1182	1165	1144	1129	1119	1104	1095	1078	1071	1064	1058	1055	1051	1045	1042	1041	1036	1033	
1561	1442	1354	1286	1241	1217	1193	1168	1150	1139	1123	1109	1091	1082	1074	1068	1064	1060	1053	1050	1049	1043	1039	1037	
1586	1440	1349	1287	1253	1220	1190	1169	1156	1137	1122	1100	1089	1080	1073	1069	1065	1058	1055	1054	1048	1044	1042	1036	
1559	1420	1334	1291	1248	1214	1189	1176	1157	1139	1117	1106	1096	1088	1083	1079	1071	1068	1066	1060	1055	1052	1046	1041	
1557	1416	1343	1278	1239	1210	1194	1173	1154	1129	1118	1108	1100	1095	1089	1081	1076	1074	1067	1062	1059	1053	1048	1033	
1552	1430	1336	1284	1248	1228	1203	1179	1154	1138	1126	1116	1111	1105	1096	1091	1088	1080	1075	1072	1066	1060	1045	1038	
1580	1426	1349	1304	1275	1242	1208	1179	1160	1146	1134	1127	1120	1109	1103	1100	1092	1086	1083	1077	1071	1056	1049	1022	
1564	1432	1360	1314	1271	1229	1197	1177	1163	1150	1142	1134	1120	1111	1107	1098	1091	1088	1082	1075	1060	1053	1026	982	
1543	1421	1358	1304	1257	1219	1198	1183	1169	1160	1149	1133	1124	1119	1109	1101	1098	1092	1083	1068	1059	1031	986	960	
1565	1453	1371	1298	1252	1223	1206	1189	1176	1162	1144	1133	1126	1116	1107	1103	1096	1087	1072	1063	1035	990	964	939	
1606	1455	1354	1295	1259	1239	1214	1200	1185	1165	1152	1144	1131	1120	1116	1107	1096	1081	1072	1042	996	970	945	932	
1571	1432	1351	1304	1276	1245	1226	1209	1185	1171	1161	1142	1129	1124	1114	1103	1087	1078	1047	1001	974	949	936	912	
1560	1435	1361	1319	1284	1262	1238	1208	1193	1181	1160	1145	1140	1129	1116	1100	1090	1057	1010	982	957	943	919	906	
1565	1446	1383	1328	1300	1266	1231	1212	1198	1176	1160	1153	1142	1128	1112	1101	1063	1014	985	960	946	922	909	903	
1602	1474	1394	1348	1307	1258	1236	1218	1192	1170	1161	1150	1135	1119	1108	1070	1020	991	965	951	926	912	906	900	
1618	1475	1404	1354	1299	1272	1243	1215	1191	1180	1166	1149	1133	1121	1081	1030	1000	973	957	931	916	910	904	889	
1605	1482	1412	1340	1302	1265	1237	1210	1198	1184	1166	1147	1133	1091	1039	1006	979	962	936	921	915	909	894	889	
1605	1488	1385	1334	1289	1252	1224	1210	1195	1177	1156	1142	1099	1045	1012	984	966	940	925	919	913	898	893	884	
1620	1461	1384	1332	1291	1256	1239	1216	1197	1175	1161	1115	1059	1024	994	974	947	931	925	919	904	899	890	879	
1582	1449	1379	1321	1279	1255	1229	1209	1186	1171	1125	1068	1032	1002	982	953	937	931	925	910	905	895	883	869	
1581	1459	1378	1321	1286	1255	1230	1202	1186	1134	1076	1038	1006	983	954	938	932	926	911	906	896	884	870	865	
1588	1458	1378	1331	1291	1262	1228	1208	1155	1093	1054	1022	997	968	951	943	935	920	915	905	892	877	872	858	
1588	1457	1384	1334	1296	1256	1234	1173	1109	1066	1033	1008	979	962	953	943	928	923	912	899	884	879	865	855	
1580	1453	1383	1334	1290	1262	1198	1130	1084	1046	1020	991	974	963	953	938	932	920	906	891	886	872	860	855	
1591	1466	1394	1336	1300	1233	1155	1105	1063	1035	1006	989	978	968	951	945	930	916	901	895	881	869	864	849	
1594	1478	1401	1357	1281	1190	1135	1089	1058	1026	1007	995	985	967	960	941	927	912	906	891	878	873	857	840	
1588	1465	1406	1316	1214	1151	1103	1070	1037	1016	1004	994	976	969	948	934	919	913	898	883	877	861	844	831	
1607	1490	1380	1269	1189	1136	1100	1063	1039	1024	1013	994	984	963	946	930	922	907	891	885	869	852	839	826	
1612	1457	1321	1226	1164	1124	1081	1055	1040	1027	1007	997	976	959	943	935	919	903	895	878	858	845	831	820	
1585	1400	1287	1214	1164	1117	1087	1066	1052	1029	1015	994	974	957	949	931	915	907	890	869	856	841	830	824	
1543	1375	1271	1210	1152	1121	1097	1083	1056	1039	1018	995	978	968	948	930	920	902	880	864	849	838	832	821	
1515	1353	1276	1201	1165	1138	1122	1089	1070	1046	1022	1005	994	970	949	935	917	893	876	859	848	842	831	816	
1480	1373	1274	1218	1181	1161	1123	1098	1070	1045	1025	1012	986	964	950	931	904	886	867	856	849	838	823	799	
1559	1399	1312	1259	1229	1172	1144	1113	1083	1059	1044	1017	989	972	949	919	901	882	869	862	851	834	809	795	
1539	1395	1323	1284	1217	1187	1151	1119	1091	1072	1040	1011	990	966	935	912	893	880	873	861	844	819	803	788	
