1771	1095	829	646	474	410	329	270	257	244	237	235	231	224	223	220	215	213	207	206	205	202	199	199	
2223	1562	1178	838	725	579	452	433	412	401	393	386	375	371	367	361	357	350	349	347	344	340	340	340	
3342	2213	1490	1270	964	698	656	614	597	585	569	556	545	539	530	523	513	512	507	503	497	495	494	489	
3291	1989	1656	1219	858	799	748	726	709	686	669	651	644	631	622	609	607	599	590	580	575	572	566	560	
2823	2234	1545	1068	976	905	874	848	818	794	772	762	745	736	720	717	707	697	683	675	670	659	653	643	
3915	2275	1454	1303	1188	1142	1110	1074	1043	1011	998	975	956	936	930	916	900	883	871	863	847	836	815	796	
2923	1676	1466	1326	1265	1219	1173	1127	1086	1069	1042	1012	988	980	964	945	923	908	899	879	867	846	826	813	
2368	1792	1584	1500	1432	1373	1297	1248	1224	1196	1156	1129	1109	1092	1064	1039	1023	1009	985	973	949	922	906	877	
3148	2296	2055	1918	1781	1666	1548	1510	1454	1395	1351	1322	1299	1263	1223	1197	1177	1149	1130	1103	1066	1046	1012	995	
2972	2517	2329	2119	1965	1820	1768	1689	1610	1552	1514	1484	1446	1399	1368	1344	1309	1282	1239	1180	1152	1107	1088	1073	
3786	3342	2898	2491	2267	2146	2038	1895	1812	1758	1716	1665	1611	1570	1536	1495	1466	1417	1345	1317	1265	1245	1230	1211	
4809	3537	2915	2612	2448	2296	2117	2007	1942	1884	1826	1765	1717	1680	1634	1600	1538	1448	1416	1360	1335	1318	1295	1273	
3952	3082	2725	2531	2363	2166	2053	1982	1920	1859	1796	1745	1706	1660	1624	1561	1468	1435	1375	1349	1331	1308	1285	1271	
3462	2948	2671	2472	2237	2111	2033	1966	1896	1829	1777	1734	1688	1650	1584	1485	1451	1390	1364	1344	1321	1298	1284	1267	
3571	3114	2724	2434	2267	2172	2093	2015	1938	1877	1826	1777	1736	1664	1551	1514	1446	1416	1395	1372	1349	1333	1315	1306	
3598	3048	2604	2404	2282	2195	2102	2017	1943	1889	1833	1789	1713	1595	1556	1485	1454	1432	1408	1385	1369	1350	1340	1325	
3472	2870	2558	2402	2297	2191	2090	2010	1951	1890	1841	1764	1641	1598	1524	1488	1464	1439	1416	1400	1381	1371	1356	1334	
3289	2846	2605	2462	2321	2206	2110	2042	1972	1919	1832	1705	1653	1571	1534	1509	1482	1460	1444	1425	1414	1396	1374	1357	
3369	2985	2745	2553	2376	2264	2179	2102	2035	1932	1782	1723	1638	1595	1569	1541	1514	1498	1478	1467	1449	1424	1404	1372	
3570	3186	2824	2604	2431	2326	2236	2159	2040	1879	1814	1721	1677	1648	1618	1586	1567	1546	1535	1516	1489	1466	1432	1405	
3792	3249	2836	2610	2474	2367	2273	2137	1966	1892	1792	1742	1713	1680	1647	1627	1606	1594	1574	1535	1509	1471	1443	1434	
3695	3110	2790	2619	2483	2376	2222	2037	1957	1854	1803	1771	1734	1694	1674	1651	1636	1614	1575	1546	1507	1477	1468	1455	
3576	3114	2837	2662	2517	2339	2126	2033	1918	1865	1830	1784	1742	1720	1693	1677	1654	1613	1584	1541	1511	1501	1487	1479	
3639	3204	2911	2739	2513	2277	2169	2033	1964	1925	1869	1823	1798	1770	1751	1723	1679	1647	1602	1571	1559	1544	1536	1523	
3873	3420	3112	2815	2524	2388	2229	2141	2089	2019	1966	1936	1899	1875	1835	1785	1751	1697	1662	1648	1632	1622	1610	1598	
4127	3629	3140	2761	2592	2406	2303	2239	2157	2093	2059	2011	1985	1926	1873	1832	1774	1733	1718	1702	1692	1680	1668	1656	
4198	3501	2991	2772	2552	2430	2354	2263	2189	2145	2091	2061	1997	1935	1890	1827	1785	1769	1751	1740	1727	1714	1702	1684	
4261	3470	3161	2862	2697	2600	2478	2388	2333	2257	2220	2137	2069	2011	1939	1889	1871	1848	1836	1820	1804	1790	1768	1758	
4183	3630	3222	2993	2858	2675	2563	2495	2398	2351	2258	2173	2110	2024	1970	1948	1923	1910	1894	1877	1863	1838	1826	1815	
4479	3775	3418	3192	2921	2774	2684	2547	2488	2367	2271	2194	2094	2034	2012	1984	1969	1952	1933	1918	1890	1876	1863	1847	
4441	3855	3505	3173	2974	2857	2691	2622	2482	2354	2267	2153	2089	2064	2032	2017	1999	1979	1960	1931	1915	1902	1884	1872	
4395	3855	3398	3150	2999	2805	2721	2575	2430	2337	2213	2141	2111	2074	2057	2037	2015	1994	1964	1947	1931	1911	1898	1879	
4546	3845	3480	3258	3023	2897	2716	2539	2435	2286	2202	2168	2129	2107	2084	2060	2036	2006	1989	1973	1948	1935	1915	1902	
4515	3915	3571	3249	3072	2852	2626	2504	2334	2239	2202	2159	2135	2108	2081	2055	2024	2007	1988	1960	1947	1927	1914	1898	
4454	3911	3502	3277	3009	2746	2607	2423	2313	2271	2219	2190	2161	2132	2103	2069	2051	2030	2000	1986	1965	1951	1935	1916	
4579	3872	3537	3197	2891	2730	2531	2413	2363	2305	2269	2234	2199	2167	2131	2111	2089	2054	2034	2012	1997	1981	1962	1933	
4554	3988	3494	3081	2881	2649	2519	2456	2388	2347	2300	2262	2229	2191	2168	2144	2107	2084	2059	2043	2025	2005	1973	1938	
4536	3809	3259	3020	2760	2607	2527	2449	2402	2354	2313	2278	2237	2212	2184	2147	2120	2091	2074	2052	2032	1996	1959	1932	
4273	3551	3210	2907	2728	2628	2539	2479	2423	2380	2340	2297	2268	2237	2198	2169	2139	2120	2097	2076	2040	2003	1973	1946	
3927	3433	3034	2825	2706	2599	2525	2460	2413	2368	2321	2292	2261	2222	2192	2162	2143	2120	2099	2062	2023	1992	1964	1938	
3941	3362	3033	2871	2738	2644	2567	2512	2461	2404	2369	2333	2293	2260	2225	2200	2173	2150	2110	2068	2034	2003	1977	1951	
3811	3334	3073	2886	2769	2680	2613	2555	2494	2452	2412	2368	2332	2290	2262	2229	2203	2162	2117	2079	2044	2018	1992	1965	
3902	3480	3156	2990	2875	2792	2713	2631	2580	2536	2484	2446	2400	2366	2330	2302	2257	2208	2166	2132	2101	2073	2042	2011	
4144	3645	3350	3184	3064	2952	2849	2782	2730	2664	2614	2554	2512	2461	2427	2365	2313	2262	2222	2184	2153	2120	2086	2070	
4290	3827	3550	3356	3212	3076	2986	2914	2834	2765	2696	2646	2586	2542	2471	2408	2353	2310	2269	2234	2197	2157	2139	2118	
4521	4041	3705	3492	3314	3191	3084	2978	2894	2798	2741	2668	2617	2534	2467	2406	2359	2313	2276	2238	2195	2176	2152	2127	
4751	4197	3879	3629	3462	3309	3182	3072	2958	2886	2803	2735	2642	2567	2501	2450	2399	2359	2318	2272	2252	2224	2195	2176	
4825	4293	3927	3691	3496	3343	3213	3077	2988	2894	2820	2719	2637	2566	2511	2454	2413	2367	2320	2299	2269	2238	2217	2192	
4895	4289	3913	3658	3480	3323	3161	3055	2957	2873	2766	2679	2605	2545	2482	2438	2391	2343	2317	2286	2253	2233	2207	2183	
4814	4242	3902	3664	3467	3271	3142	3030	2937	2823	2729	2650	2585	2522	2475	2424	2374	2348	2316	2282	2262	2235	2211	2162	
4805	4234	3881	3632	3389	3237	3103	2993	2868	2773	2687	2617	2546	2498	2445	2392	2367	2334	2300	2278	2252	2227	2176	2133	
4836	4261	3891	3583	3398	3230	3095	2951	2847	2758	2681	2606	2553	2497	2440	2413	2380	2343	2321	2292	2265	2211	2166	2035	
4808	4215	3813	3570	3358	3193	3032	2919	2824	2743	2663	2607	2550	2491	2463	2428	2389	2366	2336	2306	2251	2205	2067	1976	
4759	4163	3819	3543	3343	3144	3024	2922	2836	2747	2685	2619	2558	2527	2486	2442	2418	2388	2357	2302	2253	2114	2021	1953	
4673	4149	3768	3514	3269	3131	3012	2917	2820	2753	2680	2615	2580	2537	2491	2463	2433	2398	2342	2291	2148	2052	1981	1936	
4679	4100	3749	3436	3257	3121	3013	2902	2824	2744	2674	2637	2592	2545	2514	2479	2442	2383	2331	2183	2085	2011	1964	1930	
4656	4111	3654	3401	3230	3100	2975	2887	2804	2730	2688	2638	2586	2554	2517	2476	2414	2362	2209	2111	2035	1986	1951	1920	
4640	3981	3615	3405	3255	3111	3008	2910	2831	2780	2723	2663	2627	2589	2545	2482	2425	2258	2155	2077	2027	1992	1959	1937	
4471	3929	3637	3425	3247	3123	3009	2923	2859	2797	2732	2692	2652	2603	2530	2470	2294	2183	2101	2044	2008	1975	1950	1931	
4594	4120	3761	3515	3345	3202	3095	3016	2942	2866	2811	2765	2712	2633	2564	2374	2254	2166	2103	2062	2028	2002	1981	1962	
4763	4189	3817	3596	3406	3268	3169	3077	2994	2928	2874	2811	2726	2645	2439	2308	2215	2143	2100	2063	2034	2013	1994	1974	
4730	4137	3813	3565	3397	3273	3167	3077	2999	2938	2871	2784	2697	2482	2346	2252	2174	2127	2089	2057	2034	2014	1992	1965	
4698	4166	3809	3584	3430	3297	3187	3092	3020	2946	2848	2748	2519	2370	2276	2196	2149	2106	2074	2050	2029	2007	1979	1968	
4766	4167	3835	3625	3446	3298	3184	3101	3016	2906	2798	2559	2403	2306	2225	2174	2131	2096	2072	2050	2027	1999	1988	1967	
4766	4188	3868	3636	3451	3308	3208	3115	2992	2874	2614	2446	2343	2258	2203	2158	2121	2097	2075	2052	2022	2010	1988	1975	
4781	4267	3914	3665	3472	3344	3235	3091	2955	2681	2500	2388	2299	2239	2193	2156	2126	2101	2076	2046	2032	2010	1997	1969	
4846	4265	3908	3652	3497	3355	3193	3046	2742	2544	2422	2328	2260	2213	2175	2142	2117	2092	2060	2044	2022	2009	1980	1965	
4827	4232	3873	3669	3493	3307	3145	2803	2601	2467	2367	2295	2243	2201	2168	2142	2115	2082	2065	2043	2030	2000	1985	1977	
4779	4233	3931	3693	3457	3262	2873	2654	2510	2406	2331	2275	2229	2193	2164	2135	2101	2082	2058	2044	2013	1997	1987	1979	
4799	4274	3910	3615	3376	2947	2707	2556	2445	2364	2301	2253	2215	2185	2155	2121	2102	2077	2063	2031	2014	2004	1996	1983	
4826	4259	3850	3548	3056	2786	2620	2497	2405	2338	2287	2241	2211	2177	2140	2118	2091	2075	2044	2026	2016	2007	1993	1988	
4834	4182	3776	3193	2881	2699	2564	2462	2390	2339	2291	2260	2223	2185	2161	2131	2113	2079	2057	2043	2032	2018	2011	1997	
4760	4106	3365	2988	2777	2626	2509	2431	2378	2328	2295	2257	2217	2192	2157	2138	2102	2079	2064	2052	2037	2029	2013	1992	
4678	3603	3128	2878	2700	2571	2483	2422	2367	2332	2290	2246	2219	2184	2163	2127	2102	2085	2071	2054	2046	2030	2009	1996	
4040	3353	3029	2819	2669	2563	2493	2427	2383	2336	2287	2259	2222	2198	2159	2128	2110	2094	2077	2068	2052	2030	2016	1997	
3839	3343	3045	2833	2700	2609	2524	2471	2418	2356	2323	2283	2259	2214	2183	2163	2146	2127	2117	2101	2077	2063	2042	2021	
4096	3475	3144	2945	2819	2709	2639	2566	2492	2449	2409	2378	2330	2293	2271	2253	2233	2222	2204	2180	2162	2140	2115	2086	
4206	3625	3307	3115	2962	2866	2774	2685	2629	2577	2535	2479	2436	2410	2387	2363	2344	2322	2292	2270	2248	2217	2185	2163	
4307	3774	3449	3241	3119	2999	2876	2806	2743	2689	2617	2565	2529	2499	2472	2449	2422	2392	2365	2337	2303	2267	2244	2206	
4405	3887	3551	3364	3186	3033	2941	2867	2803	2718	2661	2618	2585	2550	2524	2495	2464	2433	2401	2358	2321	2292	2252	2224	
4526	3959	3656	3424	3223	3100	3003	2924	2830	2765	2714	2670	2631	2604	2573	2539	2507	2471	2425	2384	2351	2309	2281	2243	
4587	4079	3711	3443	3273	3147	3048	2949	2876	2818	2763	2720	2687	2650	2611	2578	2540	2491	2450	2412	2369	2340	2298	2264	
4729	4134	3713	3486	3314	3198	3082	2998	2932	2863	2813	2772	2733	2688	2648	2606	2554	2509	2468	2425	2394	2347	2308	2286	
4722	4078	3739	3514	3363	3220	3118	3037	2960	2901	2855	2807	2757	2715	2671	2613	2565	2519	2474	2440	2388	2347	2322	2295	
4600	4049	3743	3545	3370	3248	3156	3071	3003	2950	2894	2841	2792	2746	2686	2632	2579	2530	2490	2432	2388	2360	2332	2311	
4708	4175	3861	3623	3468	3341	3235	3155	3093	3028	2970	2911	2855	2792	2732	2670	2612	2567	2505	2455	2424	2396	2369	2345	
4714	4224	3880	3663	3495	3366	3275	3200	3123	3057	2996	2933	2862	2800	2731	2665	2617	2551	2500	2464	2436	2408	2383	2357	
4817	4227	3917	3696	3533	3413	3329	3236	3163	3093	3022	2932	2863	2788	2717	2663	2592	2535	2498	2469	2439	2414	2385	2365	
4802	4279	3957	3727	3568	3463	3349	3267	3187	3108	3011	2929	2847	2770	2713	2639	2578	2539	2509	2476	2448	2418	2398	2134	
4855	4317	3978	3765	3627	3493	3396	3300	3205	3098	3004	2914	2830	2763	2684	2619	2580	2547	2510	2480	2446	2425	2150	2097	
4872	4335	4016	3815	3645	3517	3396	3291	3175	3064	2964	2873	2797	2712	2646	2608	2573	2534	2502	2467	2445	2166	2112	2082	
4877	4339	4057	3826	3668	3525	3408	3274	3153	3037	2938	2853	2759	2689	2650	2612	2568	2533	2495	2473	2182	2126	2096	2070	
4873	4379	4040	3837	3653	3511	3359	3225	3096	2983	2893	2792	2717	2675	2634	2589	2553	2514	2492	2193	2137	2105	2079	2055	
4883	4352	4069	3822	3630	3456	3296	3157	3038	2938	2829	2750	2705	2662	2614	2576	2535	2513	2206	2150	2116	2090	2066	2047	
4870	4364	4020	3782	3570	3386	3226	3093	2980	2865	2783	2737	2690	2640	2599	2554	2531	2220	2162	2125	2099	2075	2056	2033	
4852	4321	3980	3722	3492	3308	3158	3036	2916	2827	2774	2723	2668	2623	2576	2551	2235	2175	2137	2110	2084	2064	2039	2021	
4857	4296	3927	3651	3426	3255	3115	2982	2885	2828	2773	2713	2663	2616	2587	2258	2193	2154	2126	2099	2078	2053	2035	2016	
4832	4243	3852	3581	3378	3211	3054	2950	2884	2825	2760	2708	2656	2625	2293	2226	2183	2154	2124	2100	2075	2057	2036	2020	
4781	4187	3795	3535	3341	3161	3036	2958	2895	2822	2767	2711	2674	2325	2256	2211	2182	2151	2127	2099	2079	2058	2042	2025	
4699	4089	3741	3506	3292	3149	3055	2979	2897	2836	2773	2732	2370	2298	2249	2219	2186	2160	2132	2112	2089	2073	2054	2043	
4626	4085	3747	3476	3288	3173	3087	2992	2918	2844	2798	2419	2343	2291	2259	2226	2195	2166	2144	2119	2102	2082	2071	2054	
4654	4098	3705	3461	3310	3200	3082	2996	2911	2861	2467	2386	2333	2300	2266	2231	2200	2174	2148	2131	2110	2097	2079	2062	
4651	4066	3727	3516	3366	3229	3131	3026	2966	2542	2453	2395	2355	2314	2272	2241	2214	2187	2170	2147	2132	2113	2095	2077	
4617	4087	3766	3554	3380	3261	3137	3061	2609	2506	2441	2398	2350	2306	2274	2245	2217	2200	2175	2159	2139	2119	2101	2083	
4621	4118	3800	3573	3408	3265	3175	2671	2557	2486	2436	2383	2337	2304	2273	2243	2226	2200	2184	2163	2143	2125	2105	2086	
4700	4191	3851	3621	3430	3316	2772	2646	2571	2512	2451	2400	2365	2329	2297	2273	2244	2228	2206	2184	2165	2143	2123	2104	
4754	4204	3866	3623	3474	2880	2734	2649	2582	2512	2457	2419	2381	2346	2322	2287	2270	2246	2223	2204	2182	2161	2141	2132	
4787	4235	3871	3643	2971	2805	2711	2633	2558	2503	2461	2417	2379	2352	2316	2297	2271	2247	2227	2205	2184	2163	2154	2134	
4753	4197	3873	3104	2908	2795	2707	2626	2565	2517	2466	2422	2390	2352	2330	2300	2274	2253	2230	2209	2186	2176	2155	2142	
4730	4221	3269	3035	2902	2804	2714	2644	2587	2532	2481	2442	2400	2374	2340	2313	2290	2264	2241	2216	2206	2184	2170	2155	
4836	3533	3228	3061	2939	2824	2744	2677	2615	2560	2520	2469	2440	2403	2375	2352	2326	2301	2276	2264	2240	2224	2207	2184	
3914	3479	3246	3092	2942	2840	2762	2691	2634	2591	2535	2502	2462	2431	2405	2376	2349	2324	2311	2284	2267	2249	2226	2206	
4802	4274	3933	3652	3484	3358	3245	3156	3092	3015	2967	2914	2874	2835	2796	2759	2728	2705	2671	2645	2618	2590	2563	2536	
4835	4285	3895	3683	3509	3372	3269	3189	3097	3034	2976	2930	2887	2845	2806	2771	2745	2709	2680	2649	2620	2586	2558	2538	
4774	4184	3904	3682	3517	3398	3298	3187	3116	3050	2996	2947	2901	2858	2820	2790	2753	2721	2689	2659	2624	2594	2573	2554	
4701	4227	3911	3701	3546	3422	3293	3213	3137	3069	3015	2964	2918	2879	2843	2802	2764	2731	2698	2661	2630	2609	2588	2566	
4753	4242	3925	3724	3569	3411	3311	3221	3141	3078	3022	2973	2929	2893	2846	2803	2769	2734	2695	2662	2639	2616	2591	2552	
4835	4308	4011	3784	3583	3458	3342	3249	3174	3109	3045	2992	2949	2898	2854	2817	2779	2733	2697	2670	2645	2619	2577	2534	
4829	4327	4007	3746	3594	3453	3342	3257	3183	3110	3050	3002	2947	2899	2861	2816	2770	2729	2702	2675	2646	2601	2556	2514	
4864	4335	3970	3759	3581	3447	3350	3261	3181	3110	3052	2994	2941	2902	2856	2809	2765	2737	2705	2675	2630	2581	2536	2484	
4800	4230	3943	3724	3568	3451	3350	3254	3175	3115	3056	3000	2955	2904	2854	2804	2774	2739	2708	2660	2609	2562	2508	2481	
4734	4270	3957	3753	3599	3471	3358	3262	3191	3126	3061	3014	2961	2904	2852	2816	2781	2749	2698	2645	2594	2539	2509	2480	
4839	4304	3996	3791	3628	3495	3370	3286	3215	3139	3086	3029	2970	2917	2873	2830	2793	2737	2680	2625	2566	2535	2505	2478	
4830	4315	4022	3802	3636	3490	3392	3304	3222	3159	3098	3032	2974	2921	2874	2835	2774	2714	2656	2594	2562	2529	2501	2472	
4828	4324	4023	3802	3616	3488	3382	3295	3223	3157	3085	3024	2968	2918	2878	2813	2745	2687	2624	2588	2552	2522	2491	2473	
4835	4325	4017	3778	3623	3488	3380	3293	3218	3139	3071	3007	2956	2914	2845	2774	2715	2649	2611	2571	2541	2508	2490	2465	
4823	4317	4002	3795	3625	3488	3375	3289	3198	3124	3051	2996	2954	2880	2807	2747	2674	2636	2596	2565	2527	2509	2482	2463	
4847	4324	4022	3804	3630	3495	3391	3288	3202	3120	3058	3005	2922	2844	2782	2707	2666	2622	2590	2551	2533	2503	2482	2458	
4843	4354	4046	3820	3643	3515	3388	3286	3191	3118	3059	2974	2890	2825	2749	2705	2658	2623	2581	2560	2526	2504	2479	2447	
4843	4331	4027	3794	3635	3492	3377	3270	3187	3125	3034	2946	2874	2792	2746	2697	2658	2616	2588	2553	2530	2505	2472	2449	
4819	4333	4007	3796	3616	3483	3362	3258	3187	3088	2992	2916	2831	2781	2726	2682	2636	2608	2572	2549	2518	2483	2459	2441	
4805	4285	3990	3749	3588	3444	3326	3246	3141	3036	2956	2866	2814	2757	2712	2662	2633	2595	2568	2537	2500	2473	2455	2429	
4819	4320	3982	3763	3580	3447	3340	3224	3106	3016	2921	2863	2796	2746	2690	2660	2622	2594	2563	2526	2499	2477	2449	2419	
4864	4298	3987	3745	3581	3440	3311	3183	3081	2975	2911	2839	2787	2728	2696	2656	2626	2591	2553	2523	2500	2472	2439	2411	
4804	4299	3970	3739	3555	3413	3266	3147	3035	2964	2878	2825	2764	2730	2687	2656	2620	2580	2548	2523	2495	2462	2432	2416	
4832	4303	3962	3727	3542	3369	3240	3118	3041	2944	2887	2817	2782	2736	2704	2663	2619	2582	2557	2525	2491	2458	2441	2418	
4841	4292	3968	3724	3525	3369	3231	3139	3036	2964	2886	2841	2792	2754	2709	2661	2622	2591	2557	2522	2488	2469	2446	2416	
4786	4258	3944	3697	3510	3351	3247	3131	3048	2963	2909	2855	2811	2759	2708	2664	2626	2589	2551	2515	2495	2471	2439	2416	
4786	4276	3915	3663	3463	3334	3202	3106	3010	2948	2892	2845	2792	2738	2694	2654	2616	2577	2541	2520	2492	2459	2435	2409	
4769	4219	3866	3618	3462	3314	3193	3090	3022	2959	2906	2843	2787	2736	2695	2656	2614	2575	2551	2521	2486	2461	2433	2419	
4729	4176	3830	3623	3435	3290	3169	3088	3015	2958	2886	2822	2770	2724	2679	2637	2598	2574	2541	2503	2477	2449	2433	2417	
4694	4127	3829	3588	3413	3271	3166	3080	3014	2933	2862	2807	2759	2711	2667	2627	2600	2563	2524	2498	2469	2453	2437	2419	
4661	4135	3796	3573	3398	3274	3170	3090	2999	2913	2852	2801	2749	2704	2662	2630	2590	2547	2520	2491	2475	2458	2437	2419	
4715	4179	3846	3609	3449	3299	3185	3073	2974	2908	2850	2793	2740	2694	2660	2619	2574	2544	2515	2498	2480	2459	2441	2428	
4724	4169	3841	3640	3441	3303	3165	3053	2976	2908	2848	2791	2741	2705	2657	2611	2580	2550	2532	2512	2490	2470	2457	2434	
4676	4156	3845	3588	3418	3259	3136	3045	2968	2898	2836	2780	2743	2691	2642	2609	2576	2555	2534	2511	2491	2475	2451	2438	
4715	4191	3825	3600	3408	3261	3151	3056	2977	2907	2844	2799	2739	2688	2649	2611	2590	2567	2542	2521	2504	2477	2462	2447	
4736	4166	3833	3592	3411	3266	3156	3064	2984	2914	2863	2798	2739	2697	2658	2635	2610	2583	2560	2542	2515	2498	2483	2464	
4687	4167	3822	3590	3414	3278	3157	3067	2984	2926	2855	2792	2745	2699	2674	2645	2618	2594	2574	2545	2525	2509	2490	2472	
4720	4162	3828	3582	3411	3260	3152	3056	2989	2910	2841	2792	2742	2713	2682	2652	2627	2605	2574	2551	2534	2514	2495	2475	
4670	4143	3816	3569	3390	3261	3154	3070	2983	2908	2853	2798	2767	2730	2697	2670	2646	2614	2586	2568	2545	2526	2505	2485	
4721	4168	3822	3589	3405	3273	3166	3071	2978	2917	2859	2825	2783	2748	2718	2691	2655	2624	2604	2580	2560	2538	2517	2490	
4737	4186	3846	3606	3442	3312	3203	3098	3023	2961	2921	2867	2827	2788	2756	2715	2681	2660	2633	2608	2585	2562	2533	2516	
4736	4179	3851	3636	3471	3331	3207	3112	3043	2996	2937	2893	2848	2808	2762	2725	2704	2675	2650	2627	2602	2570	2551	2528	
4725	4195	3876	3666	3490	3329	3219	3134	3077	3012	2960	2909	2863	2812	2772	2750	2719	2693	2665	2638	2603	2582	2558	2528	
4790	4231	3917	3681	3474	3341	3239	3174	3100	3040	2984	2934	2877	2832	2806	2768	2741	2713	2683	2647	2626	2600	2568	2548	
4758	4237	3907	3647	3486	3358	3278	3198	3129	3063	3008	2948	2900	2872	2830	2796	2765	2733	2695	2674	2646	2613	2591	2567	
4750	4204	3851	3651	3494	3393	3292	3215	3141	3080	3015	2964	2933	2888	2853	2817	2780	2740	2717	2686	2651	2628	2603	2572	
4766	4177	3886	3670	3532	3403	3311	3228	3161	3089	3029	2991	2943	2905	2863	2821	2780	2752	2720	2685	2660	2634	2601	2575	
4759	4256	3930	3732	3564	3438	3337	3255	3174	3109	3066	3011	2967	2923	2879	2833	2803	2769	2733	2704	2676	2640	2611	2577	
4765	4250	3959	3736	3575	3455	3352	3262	3187	3138	3077	3027	2978	2931	2883	2849	2812	2774	2742	2713	2672	2641	2604	2579	
4833	4347	4018	3802	3634	3498	3386	3299	3239	3167	3109	3053	3001	2949	2915	2874	2831	2793	2760	2715	2682	2645	2620	2583	
4825	4299	3994	3779	3617	3491	3389	3316	3235	3167	3107	3050	2992	2952	2907	2861	2818	2783	2736	2701	2664	2639	2600	2574	
4838	4312	4009	3787	3626	3498	3406	3314	3238	3169	3111	3050	3002	2952	2906	2859	2821	2772	2735	2695	2668	2627	2599	2578	
4822	4334	4011	3800	3634	3517	3407	3323	3250	3184	3119	3067	3015	2962	2908	2865	2812	2770	2727	2698	2657	2627	2605	2576	
4821	4315	4017	3800	3653	3526	3427	3340	3266	3193	3133	3074	3015	2956	2906	2852	2809	2761	2732	2690	2656	2632	2599	2578	
4827	4326	4010	3805	3640	3522	3424	3344	3263	3198	3134	3068	3006	2953	2890	2844	2792	2759	2716	2682	2657	2622	2601	2572	
4833	4321	4029	3811	3659	3541	3443	3350	3279	3205	3134	3066	3008	2940	2889	2827	2793	2747	2712	2684	2648	2623	2592	2531	
4812	4340	4016	3826	3678	3547	3435	3351	3261	3182	3107	3044	2971	2916	2853	2817	2770	2732	2704	2664	2638	2606	2542	2480	
4870	4326	4038	3830	3669	3537	3437	3332	3240	3158	3089	3009	2951	2887	2847	2798	2756	2726	2685	2658	2625	2560	2494	2348	
4855	4363	4042	3829	3664	3529	3405	3299	3211	3135	3051	2991	2924	2881	2825	2782	2752	2710	2683	2648	2579	2513	2364	2230	
4888	4350	4038	3814	3644	3493	3371	3274	3193	3106	3036	2964	2914	2856	2812	2779	2737	2710	2675	2602	2533	2381	2240	2155	
4868	4351	4036	3814	3625	3479	3364	3268	3169	3090	3015	2961	2899	2851	2814	2769	2741	2704	2624	2554	2398	2254	2167	2117	
4866	4347	4034	3796	3614	3482	3372	3259	3164	3079	3016	2948	2896	2855	2807	2776	2739	2653	2582	2423	2274	2185	2133	2087	
4852	4345	4022	3787	3613	3478	3349	3243	3152	3081	3006	2947	2899	2850	2819	2777	2687	2614	2447	2291	2199	2145	2099	2050	
4877	4335	4012	3782	3614	3466	3338	3236	3158	3078	3010	2956	2894	2861	2814	2717	2642	2469	2307	2214	2157	2109	2060	2020	
4844	4291	3974	3765	3580	3430	3312	3227	3134	3059	2997	2931	2892	2844	2741	2664	2489	2321	2224	2164	2114	2065	2024	1977	
4811	4278	3974	3739	3555	3414	3308	3200	3113	3047	2974	2933	2880	2774	2694	2512	2336	2235	2174	2124	2075	2034	1987	1949	
4863	4343	4011	3766	3592	3441	3316	3208	3134	3056	3006	2944	2823	2735	2543	2358	2256	2191	2141	2091	2050	2003	1964	1936	
4798	4289	3961	3738	3556	3411	3293	3201	3111	3050	2986	2856	2766	2569	2376	2271	2203	2152	2101	2059	2011	1972	1944	1868	
4843	4318	3981	3735	3550	3405	3298	3196	3125	3054	2910	2812	2607	2404	2294	2223	2169	2117	2072	2024	1984	1956	1878	1848	
4831	4293	3950	3712	3531	3407	3286	3203	3124	2970	2867	2653	2436	2324	2250	2194	2140	2093	2044	2002	1972	1892	1862	1832	
4821	4271	3932	3713	3559	3413	3313	3218	3039	2927	2702	2475	2354	2277	2216	2161	2112	2062	2020	1989	1906	1874	1843	1818	
4802	4254	3947	3740	3564	3436	3318	3118	2993	2753	2516	2388	2308	2244	2183	2133	2082	2040	2007	1920	1888	1856	1831	1801	
4777	4285	3975	3750	3584	3445	3219	3080	2824	2566	2427	2345	2275	2209	2156	2105	2058	2025	1937	1903	1871	1846	1816	1789	
4819	4302	3977	3758	3570	3313	3161	2890	2610	2461	2376	2305	2236	2181	2129	2080	2046	1957	1923	1890	1864	1832	1805	1752	
4850	4318	3999	3739	3423	3252	2964	2667	2508	2414	2335	2262	2204	2150	2098	2064	1972	1937	1903	1877	1843	1815	1762	1722	
4873	4347	3969	3580	3378	3048	2728	2554	2453	2371	2295	2234	2180	2125	2089	1993	1957	1920	1894	1858	1830	1775	1735	1699	
4843	4274	3770	3519	3144	2798	2607	2498	2414	2333	2271	2213	2157	2118	2019	1980	1943	1915	1878	1850	1792	1752	1716	1682	
4808	4044	3712	3267	2874	2662	2545	2450	2365	2298	2239	2179	2139	2040	2001	1964	1934	1897	1868	1810	1768	1731	1697	1426	
4577	4034	3432	2974	2734	2610	2504	2414	2341	2278	2212	2171	2067	2025	1984	1954	1916	1886	1827	1784	1746	1711	1436	1330	
4621	3717	3130	2831	2695	2578	2479	2399	2329	2256	2211	2099	2054	2008	1976	1937	1907	1847	1801	1762	1727	1446	1339	1136	
4413	3369	3011	2844	2698	2582	2476	2395	2316	2266	2144	2097	2050	2017	1973	1941	1879	1831	1792	1756	1468	1358	1151	1095	
3731	3216	3002	2827	2685	2556	2464	2383	2327	2195	2143	2091	2056	2011	1973	1911	1863	1824	1787	1489	1374	1164	1108	1016	
3841	3427	3167	2935	2770	2640	2536	2460	2302	2246	2190	2144	2090	2046	1975	1923	1878	1840	1534	1412	1193	1132	1037	984	
4524	3867	3488	3224	3036	2885	2777	2525	2443	2356	2297	2230	2176	2099	2045	1996	1953	1605	1472	1225	1158	1057	1000	961	
4568	3893	3503	3242	3051	2920	2637	2541	2441	2369	2293	2232	2149	2094	2043	1999	1641	1503	1249	1182	1081	1023	984	898	
4406	3801	3431	3185	3029	2716	2605	2497	2416	2332	2268	2179	2119	2068	2023	1661	1519	1263	1192	1090	1031	991	902	875	
4449	3853	3495	3271	2846	2710	2582	2492	2403	2329	2232	2165	2111	2064	1690	1542	1278	1205	1100	1040	1000	910	880	858	
4464	3871	3516	3008	2851	2701	2582	2476	2390	2287	2213	2157	2105	1716	1564	1292	1217	1109	1049	1009	916	886	864	854	
4528	3933	3242	3026	2846	2695	2572	2467	2349	2268	2208	2148	1745	1588	1309	1232	1123	1063	1021	927	897	875	864	852	
4537	3560	3244	3001	2816	2670	2550	2419	2329	2264	2200	1780	1620	1331	1253	1141	1080	1036	939	910	887	876	863	528	
4025	3538	3218	2981	2804	2660	2509	2411	2338	2266	1829	1661	1357	1277	1164	1100	1054	955	926	903	892	879	541	481	
4285	3712	3336	3059	2867	2684	2558	2459	2369	1899	1719	1399	1314	1191	1120	1073	970	940	917	906	892	548	486	399	
4486	3795	3400	3108	2874	2712	2590	2489	1975	1771	1432	1340	1209	1136	1088	984	952	929	918	902	552	490	401	302	
4373	3732	3315	3027	2825	2685	2568	2028	1813	1460	1364	1231	1155	1106	996	964	941	930	914	559	497	405	303	273	
4358	3623	3245	2983	2812	2672	2099	1872	1494	1391	1252	1172	1121	1008	976	953	941	925	567	502	409	305	274	257	
4126	3539	3182	2959	2789	2169	1920	1524	1410	1271	1188	1136	1018	986	963	951	935	573	507	413	309	277	260	253	
4148	3565	3231	3005	2301	2001	1580	1456	1305	1213	1161	1039	1007	982	970	954	587	515	419	312	280	263	256	235	
4171	3600	3263	2448	2105	1637	1500	1345	1244	1186	1058	1026	1001	989	971	594	522	423	316	284	266	259	237	226	
4225	3621	2627	2219	1701	1549	1379	1265	1202	1072	1039	1013	1000	982	599	525	426	317	286	268	261	239	228	219	
4187	2886	2390	1797	1618	1431	1309	1245	1104	1070	1040	1026	1008	609	533	432	318	287	269	262	240	229	220	161	
3386	2647	1937	1730	1518	1380	1302	1150	1114	1083	1067	1048	634	554	449	330	296	275	267	244	231	222	163	157	
3702	2506	2162	1857	1597	1485	1308	1266	1226	1203	1183	709	618	503	348	308	286	276	250	234	225	166	159	156	
2913	2389	2024	1673	1550	1354	1310	1263	1238	1215	730	632	516	353	312	290	280	254	237	228	167	159	156	147	
3152	2529	1940	1754	1500	1444	1385	1351	1322	786	678	546	365	323	298	284	257	240	231	170	162	158	149	142	
3041	2212	1933	1621	1543	1466	1422	1385	804	691	555	370	327	302	287	260	241	232	170	162	158	149	142	139	
2669	2221	1790	1683	1580	1518	1471	840	718	572	374	329	304	289	262	243	234	171	163	159	150	143	140	122	
2839	2163	1969	1812	1708	1641	892	751	591	385	337	313	297	270	250	241	179	170	166	155	146	143	124	119	
3012	2592	2313	2143	2032	1040	847	652	408	358	330	311	279	256	245	182	173	170	159	150	146	125	119	95	
3853	3170	2810	2584	1241	987	737	456	393	362	340	299	273	258	191	182	178	164	155	151	129	122	96	90	
4139	3376	3011	1387	1068	781	476	409	377	351	309	282	266	197	188	182	168	157	153	131	123	97	91	87	
3908	3308	1460	1104	794	482	413	380	353	311	284	267	198	189	183	169	158	154	133	125	99	93	88	86	
3982	1603	1174	828	501	428	393	363	321	293	275	204	195	188	170	159	155	134	126	100	94	89	87	84	
1859	1279	872	521	444	408	373	328	298	280	208	196	189	171	160	156	135	127	101	95	90	88	85	85	
2071	1148	619	510	464	421	363	330	307	225	210	201	182	169	163	140	132	103	97	90	88	85	85	85	
1949	903	695	623	555	481	436	394	286	265	256	230	212	203	164	153	120	111	101	99	96	96	96	93	
1646	1111	950	802	681	601	544	390	357	342	295	265	243	184	170	129	119	109	106	103	103	103	100	99	
2143	1642	1256	1016	870	791	564	504	455	384	345	288	215	199	146	135	122	118	115	115	114	111	109	107	
2830	1850	1259	1047	935	629	556	495	415	372	307	232	215	155	143	130	126	121	121	119	116	114	111	111	
2487	1592	1286	1137	736	629	555	461	409	340	253	234	169	157	139	135	130	130	128	125	123	120	120	119	
2280	1692	1447	931	741	642	526	446	366	273	249	177	162	144	140	134	134	132	129	127	124	124	123	121	
2370	1826	1112	854	727	585	488	394	295	269	188	172	151	147	140	140	137	134	132	129	128	127	125	124	
3387	1510	992	833	665	541	435	323	293	202	183	160	156	148	148	145	142	139	136	135	133	130	129	128	
2031	1148	890	700	568	456	337	304	210	189	166	161	153	152	149	145	141	138	137	135	132	131	130	128	
1707	1148	873	690	535	390	348	234	208	181	175	167	165	160	154	149	146	144	143	140	139	138	136	135	
2579	1694	1285	923	665	588	358	311	262	249	233	229	224	213	205	201	197	193	190	189	188	182	178	178	
2771	1525	1054	753	653	392	336	282	264	246	241	235	221	211	207	203	199	196	195	193	187	183	183	171	
2055	1260	877	723	435	369	303	280	261	251	242	227	216	211	207	202	198	197	194	188	184	184	172	162	
1910	1116	877	508	417	333	300	278	267	255	240	228	222	217	211	207	206	202	194	190	189	177	166	166	
2631	1783	790	611	456	394	347	327	294	268	252	245	236	228	222	220	215	207	199	198	186	175	175	172	
2128	895	657	487	415	361	339	304	277	259	252	243	235	229	227	222	213	205	203	191	180	180	177	173	
1712	1003	665	527	450	416	374	337	316	307	297	286	279	276	270	259	249	247	230	218	218	214	209	206	
1603	986	735	597	508	445	404	379	367	350	338	328	323	315	302	290	287	270	255	255	248	241	238	236	
1727	1172	856	712	597	532	495	478	455	437	426	418	406	384	370	365	344	324	324	312	304	301	298	296	
1858	1257	991	801	697	644	619	585	558	541	530	517	493	470	464	437	414	414	398	389	387	383	381	379	
1900	1369	1057	893	820	776	724	686	660	648	626	594	567	554	513	484	483	466	455	452	447	444	442	439	
1894	1354	1102	991	922	852	801	767	753	724	685	638	620	572	541	538	518	506	503	498	494	492	488	484	
1989	1491	1285	1164	1048	972	934	913	878	825	760	732	670	634	629	599	583	577	572	565	560	556	552	545	
2232	1837	1496	1308	1204	1152	1123	1079	1015	930	895	819	771	757	716	693	685	679	668	663	659	654	647	631	
2343	1822	1522	1385	1316	1272	1219	1114	1020	979	898	843	827	763	739	727	720	709	704	700	695	688	671	666	
2230	1777	1533	1438	1384	1320	1200	1093	1047	952	889	868	801	775	763	754	743	737	731	726	718	701	696	689	
2214	1810	1670	1591	1506	1355	1222	1147	1027	957	932	854	825	814	805	794	785	779	773	764	746	741	733	729	
2725	2373	2213	2026	1786	1507	1400	1226	1138	1092	993	951	935	923	911	902	893	887	876	855	849	841	836	830	
3936	3303	2883	2380	1882	1648	1391	1279	1223	1103	1057	1038	1019	1006	992	981	975	964	941	934	926	920	913	907	
4315	3287	2635	2019	1736	1448	1331	1260	1131	1080	1061	1040	1025	1010	998	992	982	959	951	942	935	928	922	917	
3782	2912	2178	1849	1530	1408	1322	1183	1124	1104	1082	1062	1047	1035	1029	1015	992	982	973	966	959	953	948	942	
3676	2534	1982	1618	1478	1371	1229	1168	1145	1122	1101	1085	1071	1064	1049	1026	1012	1002	995	987	980	974	968	962	
2922	2171	1722	1555	1428	1275	1210	1185	1156	1129	1110	1095	1086	1069	1043	1029	1018	1011	1003	996	990	983	977	973	
2601	1959	1699	1527	1330	1254	1220	1186	1154	1135	1121	1110	1089	1061	1047	1034	1027	1018	1011	1005	998	992	987	981	
2381	1973	1675	1441	1345	1295	1247	1211	1188	1171	1160	1136	1105	1091	1078	1071	1061	1054	1047	1041	1035	1029	1022	1019	
2550	2064	1722	1592	1495	1429	1381	1351	1322	1305	1278	1240	1222	1208	1200	1188	1178	1171	1163	1157	1149	1140	1136	1125	
2950	2288	2006	1822	1654	1589	1539	1497	1476	1431	1372	1346	1331	1321	1307	1294	1286	1276	1270	1262	1252	1244	1229	1207	
2918	2450	1999	1793	1702	1637	1580	1555	1506	1442	1413	1394	1383	1367	1353	1345	1335	1329	1321	1309	1300	1283	1261	1253	
2990	2273	1976	1854	1769	1699	1660	1605	1533	1501	1481	1466	1450	1435	1425	1414	1406	1393	1381	1370	1352	1321	1312	1298	
2918	2455	2145	2016	1889	1831	1755	1669	1630	1605	1586	1564	1548	1537	1524	1516	1501	1486	1473	1448	1410	1399	1384	1377	
3010	2545	2333	2176	2070	1966	1867	1821	1786	1763	1733	1713	1698	1680	1669	1651	1631	1617	1588	1539	1525	1504	1494	1486	
3213	2860	2524	2376	2246	2121	2068	2025	1992	1956	1931	1908	1886	1868	1842	1812	1792	1759	1704	1679	1650	1633	1623	1621	
3376	2884	2623	2443	2290	2229	2177	2136	2092	2062	2035	2007	1986	1955	1920	1897	1857	1787	1757	1724	1706	1690	1687	1673	
3388	2991	2719	2525	2441	2378	2316	2262	2228	2192	2158	2131	2092	2047	2020	1969	1888	1849	1809	1776	1758	1754	1740	1727	
3518	3108	2817	2691	2596	2511	2440	2392	2348	2306	2268	2220	2164	2130	2068	1969	1923	1874	1838	1818	1814	1798	1780	1771	
4045	3519	3295	3132	2919	2800	2729	2661	2610	2556	2495	2342	2292	2208	2090	2022	1966	1924	1902	1894	1876	1857	1847	1817	
4527	4053	3714	3389	3212	3085	2981	2902	2836	2727	2547	2474	2368	2177	2105	2040	1993	1968	1960	1938	1916	1904	1871	1855	
4754	4162	3665	3416	3260	3129	3028	2947	2826	2628	2543	2416	2216	2138	2070	2021	1996	1988	1964	1942	1930	1894	1878	1863	
4731	4010	3675	3474	3306	3173	3073	2933	2722	2617	2483	2277	2197	2120	2066	2039	2031	2005	1980	1966	1928	1912	1896	1881	
4641	4072	3778	3537	3345	3214	3045	2815	2695	2542	2321	2235	2151	2095	2065	2055	2027	2002	1987	1948	1932	1916	1898	1886	
4758	4179	3812	3536	3373	3168	2908	2764	2596	2363	2272	2179	2118	2088	2076	2045	2020	2006	1966	1949	1932	1913	1900	1896	
4697	4105	3743	3531	3284	2969	2810	2629	2386	2289	2194	2132	2099	2086	2055	2029	2015	1975	1958	1941	1922	1909	1904	1885	
4686	4125	3806	3478	3072	2887	2682	2425	2317	2219	2152	2118	2103	2070	2043	2028	1988	1971	1952	1932	1919	1913	1893	1876	
4678	4147	3678	3213	2981	2753	2475	2361	2253	2182	2147	2130	2095	2068	2052	2011	1993	1972	1951	1935	1928	1907	1889	1877	
4698	4005	3384	3109	2840	2529	2410	2294	2218	2179	2162	2123	2093	2075	2033	2014	1992	1971	1955	1948	1927	1908	1895	1883	
4487	3660	3266	2952	2602	2475	2344	2263	2221	2202	2159	2127	2101	2058	2037	2012	1990	1974	1966	1944	1924	1910	1897	1884	
4166	3547	3115	2694	2543	2397	2310	2262	2239	2192	2152	2126	2081	2058	2030	2007	1990	1981	1957	1936	1921	1907	1893	1885	
4004	3382	2817	2637	2465	2362	2305	2275	2222	2181	2150	2103	2079	2051	2028	2010	2000	1974	1953	1937	1923	1909	1901	1893	
4150	3254	2881	2650	2472	2401	2360	2299	2248	2212	2158	2126	2093	2068	2049	2037	2011	1990	1970	1955	1941	1933	1925	1918	
3655	3150	2794	2579	2488	2433	2363	2307	2267	2210	2178	2140	2108	2088	2074	2047	2025	2003	1987	1973	1964	1955	1948	1943	
3777	3138	2854	2720	2633	2539	2464	2409	2341	2302	2254	2212	2186	2170	2142	2117	2091	2071	2054	2043	2034	2025	2018	2010	
3842	3341	3094	2957	2787	2689	2614	2522	2461	2402	2353	2320	2302	2267	2239	2207	2184	2163	2148	2136	2124	2117	2106	2093	
3871	3491	3225	3001	2863	2763	2646	2577	2503	2446	2407	2385	2347	2317	2281	2256	2234	2216	2202	2190	2179	2166	2153	2138	
4167	3703	3306	3111	2971	2825	2740	2658	2575	2529	2502	2462	2421	2376	2346	2320	2301	2285	2271	2257	2243	2222	2207	2193	
4303	3719	3382	3188	2963	2856	2758	2667	2613	2578	2530	2484	2432	2395	2366	2345	2328	2312	2297	2281	2258	2240	2225	2208	
4192	3681	3395	3110	2982	2859	2741	2679	2641	2588	2536	2479	2437	2407	2384	2366	2348	2332	2313	2290	2268	2250	2232	2222	
4235	3754	3330	3164	2999	2854	2776	2730	2667	2610	2543	2493	2458	2428	2407	2389	2371	2352	2327	2305	2287	2266	2256	2230	
4408	3739	3475	3257	3039	2937	2875	2803	2737	2646	2588	2547	2512	2487	2464	2444	2420	2389	2366	2347	2326	2313	2284	2270	
4245	3820	3520	3222	3085	2992	2905	2831	2722	2652	2601	2559	2531	2504	2481	2456	2423	2398	2376	2354	2341	2309	2294	2280	
4740	4104	3513	3307	3173	3058	2964	2816	2734	2668	2623	2591	2561	2533	2506	2471	2444	2421	2397	2383	2348	2331	2314	2301	
4617	3820	3533	3347	3189	3070	2906	2808	2738	2688	2651	2619	2590	2558	2521	2489	2464	2437	2424	2386	2367	2349	2334	2318	
4371	3905	3591	3337	3192	3010	2897	2818	2759	2713	2677	2644	2605	2567	2533	2504	2474	2455	2413	2395	2377	2361	2342	2324	
4573	3955	3608	3399	3154	3003	2910	2842	2785	2745	2708	2658	2615	2577	2544	2513	2488	2444	2424	2405	2388	2368	2349	2328	
4646	4099	3769	3365	3178	3052	2970	2902	2856	2807	2752	2701	2655	2618	2581	2549	2500	2480	2460	2439	2418	2398	2376	2354	
4711	4145	3552	3314	3155	3050	2970	2917	2861	2798	2741	2689	2649	2605	2572	2520	2499	2477	2455	2434	2413	2391	2368	2350	
4665	3828	3482	3287	3151	3053	2984	2918	2845	2783	2723	2681	2637	2600	2542	2518	2495	2472	2450	2428	2406	2383	2364	2346	
4444	3821	3518	3320	3197	3101	3026	2934	2863	2795	2748	2700	2656	2596	2566	2538	2511	2485	2459	2436	2411	2392	2374	2355	
4324	3853	3565	3372	3239	3149	3035	2952	2876	2818	2762	2714	2649	2615	2584	2555	2524	2498	2470	2443	2423	2405	2385	2372	
4567	4049	3712	3525	3382	3248	3134	3042	2978	2907	2846	2772	2726	2690	2656	2617	2587	2554	2524	2498	2478	2458	2441	2419	
4631	4100	3804	3601	3409	3267	3154	3075	2989	2919	2838	2786	2743	2699	2659	2626	2590	2554	2527	2507	2484	2467	2442	2424	
4696	4188	3871	3620	3405	3273	3181	3087	2998	2908	2851	2802	2756	2708	2671	2634	2596	2568	2541	2518	2498	2472	2453	2429	
4749	4228	3855	3572	3409	3288	3179	3084	2981	2908	2854	2803	2748	2706	2667	2626	2594	2565	2540	2519	2492	2472	2447	2423	
4713	4142	3768	3550	3402	3276	3166	3049	2967	2907	2849	2784	2738	2694	2650	2617	2587	2560	2537	2507	2487	2461	2437	2416	
4620	4072	3762	3564	3397	3267	3128	3033	2964	2902	2827	2778	2732	2681	2646	2612	2582	2559	2529	2509	2482	2457	2433	2416	
4558	4071	3766	3549	3380	3220	3099	3022	2947	2868	2814	2765	2712	2675	2639	2608	2583	2550	2529	2499	2473	2448	2431	2410	
4646	4126	3795	3570	3366	3224	3127	3036	2945	2885	2832	2772	2730	2692	2654	2626	2591	2566	2535	2508	2481	2462	2439	2418	
4735	4199	3843	3579	3383	3257	3150	3045	2975	2920	2852	2807	2764	2725	2687	2642	2616	2583	2551	2522	2501	2475	2451	2443	
4743	4150	3785	3543	3383	3249	3125	3045	2976	2902	2852	2804	2760	2719	2671	2639	2602	2570	2538	2515	2487	2463	2455	2435	
4633	4074	3752	3541	3367	3213	3119	3039	2959	2903	2849	2800	2755	2705	2670	2631	2599	2565	2541	2511	2487	2478	2459	2442	
4594	4069	3765	3517	3331	3224	3135	3036	2974	2910	2853	2802	2748	2709	2667	2635	2598	2573	2539	2514	2504	2484	2468	2445	
4618	4119	3749	3505	3367	3256	3149	3068	2996	2928	2871	2813	2768	2724	2691	2653	2627	2588	2560	2548	2526	2507	2483	2457	
4701	4120	3759	3565	3421	3280	3178	3097	3010	2943	2876	2829	2781	2744	2704	2674	2634	2602	2589	2563	2544	2516	2486	2465	
4711	4104	3830	3622	3444	3318	3219	3116	3042	2959	2903	2851	2809	2766	2731	2687	2651	2635	2605	2585	2554	2522	2500	2470	
4647	4143	3846	3607	3446	3319	3198	3111	3016	2952	2894	2847	2799	2760	2713	2676	2660	2628	2604	2572	2539	2517	2487	2470	
4675	4169	3848	3626	3467	3322	3217	3105	3030	2963	2912	2857	2814	2764	2725	2708	2674	2648	2615	2580	2555	2522	2505	2488	
4745	4199	3865	3646	3451	3327	3192	3100	3024	2965	2904	2852	2799	2756	2737	2703	2673	2637	2601	2575	2542	2522	2505	2485	
4736	4218	3893	3639	3461	3289	3186	3103	3034	2968	2914	2852	2806	2786	2748	2714	2678	2639	2611	2575	2552	2533	2510	2493	
4769	4215	3873	3644	3435	3303	3207	3121	3047	2986	2913	2861	2834	2793	2756	2719	2675	2647	2611	2587	2567	2544	2522	2491	
4734	4194	3866	3607	3436	3317	3216	3129	3062	2974	2916	2882	2839	2799	2756	2708	2678	2641	2615	2594	2569	2546	2515	2491	
4702	4164	3805	3582	3433	3308	3205	3122	3027	2964	2924	2873	2831	2783	2733	2700	2663	2635	2614	2589	2565	2534	2509	2487	
4704	4116	3796	3607	3446	3323	3226	3116	3037	2986	2932	2883	2828	2775	2739	2698	2665	2644	2617	2591	2558	2532	2508	2474	
4679	4163	3872	3646	3482	3359	3219	3133	3069	3008	2956	2886	2826	2784	2738	2703	2680	2649	2620	2587	2561	2536	2501	2476	
4734	4220	3883	3653	3495	3333	3239	3165	3094	3027	2942	2876	2826	2778	2740	2715	2681	2651	2618	2591	2565	2529	2502	2481	
4744	4194	3865	3658	3463	3339	3252	3173	3099	3003	2930	2869	2815	2774	2747	2713	2682	2647	2620	2591	2553	2526	2503	2477	
4700	4184	3893	3637	3469	3360	3261	3178	3071	2992	2926	2863	2818	2787	2750	2715	2679	2647	2617	2579	2551	2528	2501	2478	
4708	4233	3856	3634	3492	3370	3271	3149	3057	2984	2918	2867	2832	2792	2753	2715	2683	2651	2613	2585	2560	2532	2506	2482	
4753	4152	3832	3641	3500	3379	3240	3131	3050	2972	2918	2878	2836	2795	2754	2722	2687	2648	2619	2592	2562	2535	2508	2485	
4649	4155	3875	3666	3506	3349	3223	3120	3035	2976	2933	2889	2847	2804	2768	2733	2688	2655	2624	2593	2565	2535	2512	2493	
4724	4227	3912	3688	3484	3339	3225	3123	3050	3003	2951	2906	2860	2821	2784	2733	2697	2665	2631	2599	2567	2542	2521	2497	
4809	4265	3940	3674	3492	3352	3228	3138	3086	3028	2969	2911	2870	2832	2777	2741	2706	2672	2639	2603	2577	2554	2527	2506	
4816	4296	3930	3678	3498	3333	3229	3166	3098	3032	2966	2918	2875	2820	2780	2742	2708	2673	2634	2607	2585	2557	2535	2515	
4856	4252	3896	3665	3456	3319	3247	3170	3096	3024	2972	2921	2858	2815	2773	2734	2696	2657	2628	2603	2574	2552	2532	2509	
4707	4154	3844	3600	3433	3343	3247	3164	3084	3027	2974	2910	2864	2821	2777	2737	2696	2666	2641	2610	2587	2565	2542	2522	
4673	4170	3847	3594	3472	3352	3254	3160	3092	3029	2962	2909	2861	2814	2770	2728	2694	2669	2638	2615	2592	2566	2544	2526	
4777	4190	3842	3672	3521	3389	3280	3196	3123	3042	2985	2935	2881	2835	2788	2749	2720	2686	2660	2635	2606	2581	2562	2544	
4672	4123	3874	3680	3513	3379	3282	3200	3113	3049	2996	2938	2886	2837	2790	2758	2723	2695	2669	2638	2610	2589	2570	2551	
4610	4198	3904	3685	3526	3394	3298	3197	3121	3061	2994	2937	2884	2831	2792	2756	2726	2694	2661	2629	2605	2586	2567	2545	
4805	4256	3929	3707	3540	3420	3295	3210	3139	3059	2997	2932	2872	2831	2795	2762	2728	2693	2658	2632	2613	2591	2566	2550	
4793	4256	3952	3730	3567	3404	3301	3216	3129	3056	2983	2916	2868	2829	2793	2756	2718	2680	2654	2635	2613	2586	2570	1550	
4795	4264	3952	3744	3537	3407	3304	3206	3116	3032	2959	2910	2866	2827	2787	2748	2704	2677	2657	2634	2607	2588	1559	1452	
4792	4259	3969	3697	3533	3406	3289	3194	3101	3020	2965	2918	2875	2830	2786	2741	2710	2688	2664	2636	2616	1570	1461	1417	
4734	4243	3887	3678	3516	3376	3273	3167	3076	3016	2967	2921	2867	2818	2773	2739	2715	2691	2661	2639	1576	1465	1420	1383	
4773	4207	3913	3706	3529	3396	3272	3165	3098	3047	2993	2935	2882	2832	2794	2767	2737	2704	2680	1598	1485	1439	1402	1183	
4716	4230	3921	3692	3524	3379	3252	3169	3109	3048	2984	2929	2873	2831	2803	2769	2733	2704	1614	1497	1450	1411	1190	1151	
4729	4222	3900	3676	3496	3348	3256	3185	3114	3045	2982	2922	2874	2844	2809	2769	2740	1630	1511	1464	1424	1199	1159	1126	
4793	4251	3922	3682	3490	3370	3283	3203	3121	3053	2987	2931	2894	2857	2814	2781	1648	1528	1478	1437	1207	1165	1130	1115	
4732	4225	3898	3639	3487	3378	3283	3188	3116	3037	2976	2935	2893	2844	2808	1661	1542	1492	1449	1214	1170	1134	1119	986	
4813	4268	3879	3669	3519	3391	3283	3203	3109	3041	2992	2945	2890	2853	1683	1560	1508	1462	1224	1180	1144	1128	994	956	
4773	4188	3888	3691	3528	3397	3293	3189	3114	3060	3006	2942	2903	1700	1575	1522	1476	1233	1188	1152	1136	1001	963	934	
4705	4222	3924	3713	3537	3407	3292	3204	3136	3072	3001	2957	1722	1595	1539	1491	1244	1197	1161	1144	1008	970	941	922	
4780	4270	3956	3719	3545	3410	3306	3230	3160	3078	3028	1750	1616	1559	1509	1255	1205	1168	1151	1012	974	945	926	893	
4810	4287	3937	3711	3535	3407	3318	3238	3146	3087	1769	1629	1571	1521	1262	1212	1175	1158	1016	978	949	930	897	884	
4805	4238	3937	3704	3523	3413	3312	3214	3152	1794	1650	1589	1539	1272	1222	1184	1167	1024	985	955	936	903	890	852	
4662	4185	3871	3651	3516	3398	3287	3216	1816	1668	1605	1553	1280	1230	1190	1173	1027	988	957	938	905	892	854	828	
4714	4204	3892	3698	3544	3413	3322	1845	1690	1624	1573	1288	1238	1196	1177	1029	989	958	939	906	893	855	829	821	
4702	4204	3915	3706	3545	3432	1885	1719	1648	1591	1294	1244	1200	1180	1033	993	962	943	910	897	859	833	825	789	
4777	4262	3951	3737	3579	1932	1757	1682	1620	1313	1263	1217	1195	1044	1002	971	952	918	905	866	840	832	796	783	
4781	4271	3963	3760	1983	1794	1712	1648	1329	1278	1230	1206	1052	1010	979	960	926	910	871	845	837	801	787	780	
4773	4258	3963	2045	1849	1762	1691	1356	1303	1250	1225	1066	1021	990	971	936	919	879	853	845	809	795	788	740	
4813	4282	2135	1916	1822	1743	1380	1319	1265	1236	1074	1030	998	977	942	924	884	858	849	813	798	791	742	732	
4777	2266	2019	1904	1809	1410	1345	1288	1255	1090	1046	1014	992	957	938	896	870	861	823	808	801	750	740	734	
2513	2193	2051	1937	1469	1392	1323	1283	1114	1070	1038	1012	974	952	909	882	872	834	819	812	758	747	741	736	
3735	3243	2826	1773	1649	1558	1505	1226	1169	1131	1098	1048	1019	972	943	930	883	866	857	799	784	776	771	765	
4495	3785	2223	2065	1934	1868	1388	1305	1258	1214	1155	1115	1060	1026	1010	951	926	912	849	832	824	819	812	804	
4461	2528	2325	2165	2088	1489	1378	1320	1267	1197	1153	1092	1058	1041	978	948	933	868	848	837	831	823	815	811	
2991	2682	2458	2341	1564	1432	1365	1306	1223	1176	1111	1076	1055	992	961	946	879	857	846	840	830	822	818	808	
4044	3492	3141	1790	1621	1541	1452	1329	1271	1193	1153	1127	1054	1019	1004	929	900	889	883	873	865	860	848	838	
4529	3897	2101	1872	1775	1664	1513	1403	1280	1230	1193	1109	1071	1053	969	939	926	918	904	893	887	875	864	855	
4444	2285	1999	1893	1762	1588	1454	1313	1257	1213	1124	1084	1066	980	950	934	924	908	895	889	877	866	857	855	
2732	2359	2206	2043	1770	1537	1369	1297	1246	1153	1112	1093	1002	969	951	940	922	908	900	887	874	865	863	849	
4450	3880	3136	2140	1764	1546	1454	1375	1228	1175	1151	1048	1009	985	974	955	941	932	918	903	894	892	878	872	
4460	3432	2294	1876	1635	1533	1444	1279	1217	1190	1080	1041	1016	1004	985	971	960	944	929	920	918	904	897	885	
3962	2569	2087	1822	1701	1599	1386	1274	1237	1109	1068	1042	1028	1008	994	982	964	948	939	937	923	915	903	900	
3326	2587	2229	2060	1927	1571	1391	1337	1181	1137	1106	1091	1067	1053	1041	1023	1007	997	994	979	971	958	955	947	
3899	3222	2948	2669	1723	1506	1436	1255	1191	1158	1141	1111	1097	1083	1065	1050	1037	1034	1019	1011	998	993	983	977	
4242	3764	3186	1844	1603	1527	1317	1239	1196	1174	1140	1124	1107	1088	1070	1056	1053	1036	1027	1013	1008	998	992	988	
4674	3509	1969	1694	1611	1377	1288	1238	1214	1173	1155	1134	1111	1092	1078	1074	1057	1044	1031	1026	1016	1010	1007	1001	
3957	2143	1826	1737	1475	1366	1308	1275	1227	1201	1174	1149	1128	1113	1109	1092	1078	1065	1060	1049	1043	1039	1033	1024	
2742	2264	2131	1796	1630	1535	1482	1400	1361	1316	1284	1258	1242	1237	1216	1200	1183	1177	1166	1160	1153	1146	1137	1132	
4234	3790	2863	2112	1910	1811	1630	1554	1498	1458	1421	1396	1386	1358	1340	1322	1314	1299	1292	1283	1273	1256	1249	1237	
4479	3113	2246	2023	1910	1711	1635	1573	1530	1489	1463	1451	1419	1400	1378	1369	1351	1343	1334	1324	1305	1298	1286	1283	
3636	2542	2251	2111	1877	1787	1714	1666	1621	1593	1577	1539	1516	1489	1479	1461	1453	1442	1431	1412	1405	1392	1389	1376	
3459	2958	2729	2379	2256	2146	2080	2016	1959	1935	1883	1849	1800	1786	1763	1750	1735	1722	1698	1688	1672	1667	1651	1639	
4278	3688	3090	2906	2745	2633	2533	2429	2380	2310	2256	2159	2124	2073	2046	2021	1998	1965	1951	1930	1922	1903	1889	1883	
4341	3461	3182	2975	2813	2696	2561	2495	2416	2349	2235	2194	2133	2103	2076	2053	2017	2001	1976	1965	1944	1930	1922	1913	
3960	3506	3227	2977	2820	2651	2571	2481	2401	2273	2230	2165	2131	2102	2077	2040	2020	1994	1984	1963	1949	1940	1928	1913	
4500	4005	3548	3305	2926	2797	2678	2577	2412	2357	2282	2244	2209	2178	2136	2112	2082	2067	2044	2029	2020	2005	1990	1975	
4575	3893	3527	3078	2917	2771	2654	2472	2407	2325	2283	2246	2212	2165	2138	2106	2089	2065	2049	2040	2023	2006	1991	1971	
4393	3804	3244	3047	2881	2752	2553	2479	2392	2342	2300	2265	2214	2185	2146	2126	2100	2082	2071	2050	2033	2017	1996	1980	
4386	3582	3295	3054	2884	2662	2576	2480	2420	2376	2329	2271	2235	2188	2163	2134	2114	2103	2081	2063	2046	2024	2006	1530	
4148	3648	3301	3070	2816	2713	2593	2518	2468	2414	2347	2304	2254	2227	2193	2171	2158	2132	2112	2095	2070	2051	1555	1452	
4476	3798	3449	3121	2987	2840	2731	2664	2600	2506	2452	2384	2349	2308	2281	2261	2231	2209	2186	2156	2135	1603	1485	1413	
4491	3842	3380	3179	2998	2859	2775	2699	2594	2533	2457	2419	2372	2340	2316	2281	2251	2224	2194	2172	1630	1506	1429	1378	
4413	3714	3425	3197	3009	2908	2805	2688	2613	2531	2484	2429	2393	2364	2325	2291	2260	2228	2205	1653	1522	1443	1391	1369	
4367	3883	3517	3217	3076	2950	2794	2707	2603	2547	2483	2442	2411	2367	2329	2293	2258	2234	1671	1539	1457	1405	1382	1370	
4615	3929	3424	3244	3079	2883	2777	2666	2598	2526	2482	2447	2400	2361	2325	2287	2263	1689	1554	1470	1417	1393	1380	1360	
4453	3721	3453	3241	3009	2885	2761	2682	2602	2549	2513	2463	2419	2382	2343	2318	1725	1579	1491	1435	1411	1397	1377	1361	
4230	3770	3461	3160	2999	2862	2764	2677	2617	2577	2520	2469	2430	2387	2360	1746	1600	1508	1446	1423	1409	1389	1372	1364	
4508	3879	3452	3226	3052	2922	2811	2742	2691	2627	2568	2525	2475	2447	1805	1649	1544	1475	1448	1431	1410	1393	1384	1375	
4516	3798	3449	3207	3047	2911	2825	2767	2695	2626	2576	2524	2490	1822	1663	1555	1484	1456	1439	1417	1399	1390	1381	1377	
4278	3717	3407	3200	3025	2922	2850	2771	2694	2637	2578	2537	1846	1680	1569	1495	1465	1447	1425	1407	1397	1387	1383	1372	
4406	3862	3540	3298	3159	3053	2937	2833	2761	2698	2653	1909	1727	1606	1526	1495	1475	1453	1435	1423	1412	1408	1396	1391	
4430	3907	3530	3345	3202	3057	2929	2850	2777	2720	1937	1748	1622	1542	1511	1491	1468	1449	1437	1425	1421	1408	1403	1395	
4482	3862	3577	3389	3201	3038	2935	2855	2790	1977	1780	1645	1563	1526	1503	1480	1460	1448	1436	1432	1419	1414	1406	1394	
4393	3896	3605	3364	3167	3034	2937	2861	1999	1794	1656	1571	1534	1509	1485	1465	1452	1440	1436	1422	1417	1409	1397	1393	
4459	3926	3576	3331	3165	3042	2949	2037	1823	1678	1587	1547	1521	1497	1474	1460	1448	1444	1430	1425	1417	1405	1401	1395	
4587	3961	3610	3382	3190	3072	2088	1863	1708	1611	1565	1538	1513	1490	1474	1461	1457	1443	1437	1428	1416	1411	1404	1399	
4507	3915	3602	3329	3180	2135	1895	1735	1630	1582	1553	1526	1500	1484	1469	1465	1451	1445	1436	1424	1419	1411	1406	1390	
4467	3943	3540	3344	2199	1944	1777	1661	1611	1579	1551	1525	1509	1493	1488	1474	1467	1457	1445	1440	1432	1427	1409	1394	
4534	3875	3586	2294	2011	1828	1706	1649	1617	1587	1554	1537	1520	1514	1498	1491	1481	1467	1462	1452	1447	1427	1412	1407	
4452	3955	2443	2112	1901	1753	1689	1650	1618	1581	1564	1544	1535	1518	1511	1501	1487	1481	1469	1464	1443	1426	1419	1413	
4575	2654	2240	1988	1813	1739	1687	1651	1608	1589	1566	1555	1536	1528	1517	1502	1495	1483	1478	1457	1439	1432	1426	1418	
2980	2416	2100	1898	1800	1734	1692	1641	1622	1595	1582	1563	1553	1539	1522	1513	1501	1494	1473	1455	1447	1440	1432	1424	
2864	2363	2087	1952	1852	1793	1721	1689	1657	1637	1617	1607	1591	1574	1563	1550	1540	1517	1498	1488	1479	1469	1461	1453	
3152	2669	2407	2241	2125	2019	1966	1926	1897	1862	1841	1821	1799	1786	1772	1760	1728	1703	1689	1675	1664	1652	1643	1630	
3203	2789	2469	2306	2163	2091	2042	2008	1957	1932	1908	1878	1864	1849	1834	1798	1773	1757	1741	1728	1715	1704	1691	1683	
3282	2799	2542	2347	2246	2184	2130	2072	2032	1996	1960	1942	1925	1907	1868	1841	1822	1805	1792	1777	1765	1751	1744	1740	
3479	3029	2719	2570	2458	2387	2304	2255	2200	2151	2122	2098	2079	2028	1993	1957	1938	1924	1907	1895	1880	1868	1860	1850	
3639	3148	2864	2705	2575	2476	2400	2325	2258	2219	2187	2164	2109	2068	2031	2006	1991	1974	1960	1943	1929	1921	1910	1899	
3694	3242	2984	2796	2638	2547	2442	2364	2315	2276	2250	2184	2136	2088	2062	2043	2022	2006	1988	1973	1964	1952	1940	1919	
3838	3422	3084	2859	2728	2601	2503	2444	2397	2358	2279	2223	2168	2135	2114	2092	2073	2053	2036	2027	2015	2003	1979	1960	
4080	3536	3164	2976	2798	2684	2607	2539	2494	2392	2323	2264	2226	2204	2173	2154	2131	2114	2102	2088	2076	2050	2026	2017	
4020	3476	3171	2953	2804	2712	2630	2575	2459	2382	2320	2280	2254	2220	2199	2176	2156	2142	2124	2112	2084	2058	2049	2026	
4026	3521	3155	2965	2846	2743	2665	2523	2445	2372	2326	2296	2259	2237	2212	2191	2176	2158	2146	2115	2087	2076	2053	2018	
4118	3526	3224	3066	2914	2817	2647	2543	2460	2406	2370	2333	2309	2279	2253	2235	2214	2200	2165	2130	2117	2088	2048	1993	
4087	3582	3337	3137	3003	2794	2671	2574	2506	2461	2418	2392	2355	2324	2303	2280	2263	2220	2181	2164	2128	2085	2024	1677	
4335	3855	3538	3339	3062	2875	2751	2659	2600	2546	2511	2462	2421	2394	2363	2339	2292	2240	2217	2172	2115	2053	1697	1275	
4533	3968	3659	3258	3032	2864	2757	2694	2635	2592	2536	2492	2460	2427	2396	2345	2288	2262	2215	2155	2088	1729	1298	1115	
4486	3974	3465	3185	2982	2851	2773	2705	2657	2590	2543	2506	2466	2431	2374	2315	2288	2239	2176	2106	1741	1306	1121	937	
4627	3779	3393	3128	2966	2872	2793	2732	2658	2597	2555	2511	2473	2412	2346	2316	2265	2199	2129	1756	1313	1128	943	873	
4311	3717	3358	3143	3032	2936	2863	2765	2687	2633	2578	2537	2462	2385	2351	2299	2230	2153	1773	1324	1135	948	878	756	
4311	3742	3420	3239	3112	3012	2887	2790	2719	2657	2609	2524	2443	2400	2342	2266	2185	1796	1339	1146	956	885	762	717	
4259	3740	3457	3270	3140	2985	2872	2790	2718	2665	2576	2490	2442	2377	2300	2217	1820	1351	1158	964	893	769	724	694	
4319	3789	3514	3317	3118	2970	2872	2792	2733	2631	2536	2484	2415	2335	2251	1842	1365	1168	973	901	776	730	700	682	
4492	3931	3614	3354	3159	3035	2931	2864	2749	2644	2586	2507	2416	2323	1884	1390	1186	986	912	784	737	708	690	628	
4626	4022	3624	3338	3177	3043	2960	2829	2706	2641	2557	2451	2356	1902	1398	1193	991	916	785	738	709	691	629	580	
4572	3918	3534	3332	3157	3054	2897	2764	2687	2599	2488	2388	1928	1413	1206	1004	927	793	746	716	697	635	586	564	
4440	3843	3556	3332	3203	3021	2875	2792	2692	2568	2461	1981	1448	1233	1024	944	808	760	730	710	646	594	572	556	
4498	3975	3635	3449	3204	3023	2922	2799	2650	2534	2032	1477	1254	1039	957	818	770	740	720	655	602	579	563	540	
4516	3929	3667	3365	3149	3028	2882	2716	2593	2067	1497	1271	1051	969	828	780	750	730	665	612	588	572	549	496	
4542	4033	3599	3317	3154	2982	2793	2659	2106	1525	1295	1068	984	839	791	761	741	676	622	597	580	556	503	442	
4651	3972	3563	3337	3105	2883	2735	2152	1550	1309	1077	992	847	798	769	749	682	627	602	585	560	507	446	397	
4500	3889	3560	3264	2999	2825	2214	1592	1342	1107	1017	869	818	788	768	700	642	615	598	571	518	454	404	334	
4487	3876	3455	3137	2944	2297	1640	1377	1135	1040	891	839	808	786	717	659	631	613	583	529	463	413	341	268	
4469	3830	3412	3166	2465	1753	1467	1208	1105	941	883	850	828	752	689	661	642	609	552	480	428	355	279	188	
4479	3815	3475	2650	1858	1545	1266	1157	983	923	890	868	790	721	690	671	637	577	503	449	372	290	195	144	
4473	3920	2927	2031	1672	1367	1246	1057	993	955	930	850	776	743	720	686	623	535	475	393	304	206	150	122	
4479	3190	2178	1775	1449	1322	1123	1054	1013	988	895	817	783	756	720	654	564	500	412	317	213	155	126	110	
3680	2399	1936	1563	1421	1200	1123	1080	1054	957	870	834	804	763	692	594	527	432	337	228	164	132	116	106	
3429	2636	2094	1898	1577	1479	1408	1368	1231	1106	1050	1015	958	865	728	642	523	401	256	188	149	128	114	99	
3963	2981	2660	2174	2021	1911	1842	1649	1483	1398	1349	1270	1150	953	834	665	505	311	231	180	150	134	116	78	
3908	3388	2682	2468	2329	2243	1995	1791	1686	1620	1511	1362	1108	949	752	572	346	254	196	164	148	126	84	73	
4585	3448	3116	2905	2746	2414	2155	2026	1944	1811	1626	1324	1088	864	654	388	288	220	184	167	141	90	78	69	
3977	3538	3245	3041	2650	2348	2203	2109	1946	1738	1408	1138	904	686	401	297	225	189	172	146	92	79	70	51	
