557	501	474	443	421	406	392	386	383	376	369	367	364	363	361	359	356	351	348	346	346	344	340	338	
599	551	504	468	446	430	418	411	403	396	394	390	389	387	385	382	378	376	373	372	371	368	366	365	
639	565	512	487	463	445	437	427	420	418	416	415	413	411	408	404	402	400	400	399	396	393	392	392	
640	554	522	489	466	455	443	434	432	429	428	426	424	421	416	414	411	411	410	407	404	403	403	401	
622	567	517	488	476	461	452	450	446	444	441	438	434	428	426	423	422	421	418	414	413	413	411	407	
658	577	532	514	495	485	482	478	476	473	469	465	458	454	450	448	446	443	437	436	436	433	429	426	
631	556	532	504	493	488	484	482	476	472	468	461	455	450	448	445	442	436	435	434	431	427	424	420	
598	559	527	511	505	500	496	489	485	481	473	467	463	461	458	455	449	447	446	443	439	436	432	428	
628	566	538	525	514	507	497	493	488	481	475	470	468	465	461	455	452	451	448	443	440	436	432	429	
614	573	556	541	530	518	511	505	496	489	482	480	476	471	464	460	458	455	450	446	442	438	435	433	
648	613	593	571	556	547	538	525	515	506	504	500	494	487	482	479	475	470	466	462	457	454	452	450	
689	633	602	582	569	558	544	533	523	519	514	508	501	496	493	488	483	479	475	469	466	463	461	459	
652	612	589	573	560	546	535	525	521	515	509	502	496	493	488	483	479	475	469	466	463	461	459	456	
640	609	587	569	552	540	530	526	520	513	506	500	497	492	487	483	479	472	469	466	464	462	459	459	
643	612	588	569	551	539	533	527	520	513	507	504	499	493	489	485	477	474	471	469	466	463	463	460	
642	612	585	566	549	543	533	526	519	513	510	505	499	494	490	481	478	474	472	469	466	466	463	462	
641	601	575	556	548	538	530	523	516	513	508	502	497	493	484	481	477	475	472	469	469	466	465	463	
634	602	574	564	551	542	533	525	520	515	509	502	498	489	486	482	480	477	474	474	471	470	468	466	
638	594	579	565	554	543	530	525	520	513	506	502	493	490	485	482	479	476	476	473	472	470	468	465	
631	604	585	573	558	545	538	532	524	516	512	503	500	495	492	488	485	485	481	480	478	476	473	470	
647	615	587	572	556	549	543	535	525	521	511	508	503	498	494	491	491	487	486	484	481	478	474	472	
649	611	588	570	560	552	544	532	526	515	512	506	501	497	494	494	490	489	487	484	481	477	474	471	
642	612	588	576	564	555	542	535	524	521	515	510	506	503	503	499	498	495	491	488	484	480	476	475	
637	606	591	576	565	552	544	532	528	521	516	512	508	508	504	502	499	494	491	487	483	479	478	478	
643	619	598	582	565	556	543	539	532	526	522	518	517	513	511	508	502	498	494	490	486	485	485	484	
667	633	604	584	574	559	553	544	538	534	530	529	524	521	517	511	505	501	497	493	492	491	490	488	
664	623	600	585	569	562	552	546	541	536	535	530	527	522	516	510	506	502	498	497	496	495	493	493	
665	632	609	588	579	569	562	554	547	544	538	533	528	522	514	510	506	502	500	499	498	496	496	492	
676	640	615	601	591	577	569	559	554	548	542	537	531	521	517	513	509	507	506	505	503	502	498	496	
686	645	628	612	596	586	575	564	558	551	546	540	530	525	521	516	514	513	512	510	509	505	503	500	
680	654	630	608	596	584	573	567	559	551	544	534	529	525	520	518	517	516	514	513	508	506	503	499	
691	657	629	616	602	586	579	569	560	552	542	534	530	525	523	522	521	519	518	513	511	506	502	500	
689	650	633	616	599	591	579	570	561	551	542	537	532	530	527	526	524	523	518	516	511	507	505	504	
694	669	642	616	602	589	579	570	559	548	543	537	535	530	529	527	526	521	519	513	508	506	505	502	
701	667	637	615	602	590	578	567	555	550	544	542	537	534	532	531	526	524	518	512	510	509	505	499	
701	660	633	616	601	589	576	564	559	553	550	545	543	540	539	534	532	526	520	518	517	513	505	504	
692	658	632	613	599	586	574	568	561	556	551	549	546	544	539	537	531	525	523	522	518	509	508	504	
681	649	622	608	592	579	572	565	560	554	551	548	546	541	539	532	526	524	523	519	510	509	505	502	
673	642	622	603	588	580	573	567	561	557	554	551	545	543	536	530	528	527	523	512	510	505	503	500	
673	645	620	599	590	582	574	567	563	560	557	550	547	539	533	530	529	525	515	513	508	506	503	501	
669	636	612	602	591	582	575	571	568	565	557	553	545	537	535	534	530	520	518	513	511	508	506	504	
660	630	614	600	590	582	577	574	570	561	558	550	542	540	539	535	525	523	518	515	512	510	507	506	
669	645	624	609	599	592	587	581	571	568	559	551	549	548	544	534	532	527	523	520	518	515	514	510	
686	654	632	621	612	606	598	586	582	572	564	561	559	554	544	542	537	533	530	528	525	524	520	519	
681	647	633	621	615	604	591	587	577	568	565	563	558	548	546	540	535	532	530	527	526	522	521	518	
686	659	637	630	618	604	599	588	579	576	573	565	554	550	545	540	537	535	532	530	525	524	521	519	
705	669	656	639	621	612	601	590	587	584	576	565	561	555	550	547	544	541	539	534	533	530	529	524	
699	673	655	634	623	610	599	594	590	580	569	565	558	552	549	546	543	541	536	535	532	531	526	522	
712	677	644	633	619	607	600	596	586	574	570	562	556	552	549	546	544	539	538	535	534	529	525	519	
705	662	647	630	615	607	603	592	579	572	564	558	553	550	547	545	540	539	536	535	530	526	519	513	
693	668	643	624	616	610	598	584	577	568	562	557	554	550	548	543	542	538	537	532	528	521	515	512	
697	661	639	629	620	607	591	582	572	566	561	557	553	551	546	545	541	540	535	531	524	518	515	507	
696	665	650	637	621	606	596	582	576	570	566	562	560	554	553	549	548	543	539	532	525	521	513	504	
693	664	648	630	614	603	588	581	575	570	566	564	558	557	552	551	546	542	535	528	524	515	506	503	
700	673	647	627	616	598	590	584	578	574	572	566	565	560	558	553	549	542	535	531	521	511	507	501	
703	666	642	628	607	598	591	585	580	578	572	571	565	563	558	553	546	539	535	524	513	509	503	500	
702	667	643	619	607	599	590	584	582	576	575	569	567	562	555	547	539	535	525	513	509	503	500	497	
693	660	631	616	607	597	590	588	582	579	573	571	565	557	549	541	537	526	514	510	504	501	498	498	
684	648	632	621	608	598	596	589	586	579	574	569	560	551	544	540	529	517	511	505	502	499	499	495	
692	667	647	627	615	611	603	599	592	585	580	572	563	554	550	537	525	518	511	508	505	505	501	501	
693	663	640	627	620	611	606	599	592	587	577	567	558	554	540	528	521	514	510	507	507	503	503	501	
706	677	651	637	625	617	609	601	596	585	575	564	560	543	531	524	517	513	510	510	506	506	504	501	
703	670	648	635	625	617	609	602	590	580	569	565	547	536	527	518	514	511	510	506	506	504	501	500	
702	669	653	640	630	619	612	600	589	577	571	553	540	530	521	516	513	512	508	508	506	503	502	499	
694	674	657	644	631	623	611	599	587	580	561	548	536	527	521	518	517	513	512	509	505	503	500	498	
707	678	659	644	634	621	608	595	588	566	553	540	531	525	520	519	515	514	511	507	505	502	500	498	
709	678	654	643	629	615	600	593	569	556	542	533	527	522	521	518	517	514	510	507	504	502	500	500	
701	672	657	641	626	609	600	574	560	547	537	531	526	525	522	521	518	513	510	507	505	503	503	503	
711	689	664	641	619	609	579	564	551	541	534	529	528	525	523	519	514	511	508	506	504	504	504	500	
719	683	657	631	617	586	569	555	544	536	531	530	527	525	521	516	513	510	508	506	506	506	502	502	
718	680	651	632	597	577	561	549	540	535	534	530	528	524	519	516	512	510	508	508	508	504	504	502	
706	668	643	607	586	569	557	546	539	538	533	531	527	522	518	514	511	509	509	509	505	505	503	502	
700	659	616	595	575	561	550	543	542	537	535	531	525	521	517	514	511	511	511	506	506	504	503	503	
690	631	606	583	568	554	548	545	541	538	533	526	522	518	515	512	512	512	507	507	505	504	504	503	
663	625	597	579	561	554	550	545	540	535	528	524	520	517	514	514	514	509	509	507	506	506	505	504	
657	623	600	579	571	564	558	552	545	538	533	528	525	522	521	521	516	514	512	511	511	510	509	507	
654	625	600	587	575	568	560	553	545	541	536	533	530	528	527	522	520	518	517	517	516	514	512	510	
675	635	618	603	593	583	575	564	557	549	546	541	539	537	531	529	526	525	524	523	522	520	518	518	
675	650	625	609	598	587	577	568	560	557	552	550	548	542	540	537	536	536	535	533	531	529	529	526	
687	651	628	615	603	591	580	572	568	561	558	556	550	546	543	542	542	541	539	537	534	534	530	530	
686	652	634	620	607	593	582	577	569	566	563	556	552	549	547	547	546	544	542	540	540	535	535	532	
691	665	645	627	606	594	587	572	568	565	558	554	551	549	549	548	546	544	541	541	536	536	533	529	
706	671	643	621	606	599	583	579	574	567	562	559	557	557	555	552	550	548	548	543	543	539	535	533	
705	661	635	618	609	592	588	581	574	569	566	564	564	561	558	554	551	551	545	545	541	537	535	533	
695	657	634	623	604	599	591	583	578	575	571	571	567	563	559	556	556	550	549	545	541	539	536	535	
690	658	644	623	616	603	593	587	584	580	580	576	571	567	564	564	557	556	552	548	546	543	542	538	
692	667	640	630	614	601	594	589	585	585	581	576	572	569	568	561	560	556	552	550	547	546	542	539	
710	668	654	636	623	613	607	601	600	593	587	583	580	579	572	570	565	561	559	556	555	550	547	545	
696	673	652	633	622	614	608	607	599	593	589	585	584	576	575	569	565	563	560	559	554	551	549	524	
706	673	650	634	623	613	612	604	597	593	588	587	579	578	572	568	566	563	562	556	553	551	526	514	
703	675	648	635	622	619	610	602	598	593	591	582	581	575	571	569	566	565	559	556	554	528	514	511	
703	662	647	633	626	617	608	603	597	595	585	584	577	572	570	567	566	560	557	555	529	515	512	509	
692	666	649	640	630	619	612	606	604	590	589	582	577	575	571	569	563	559	557	530	516	513	510	507	
699	672	657	645	632	621	614	612	598	596	587	581	579	575	573	567	563	561	532	518	515	512	509	507	
695	672	656	641	628	619	617	602	600	589	582	580	576	574	568	564	562	533	519	515	512	509	507	505	
700	677	651	637	624	620	605	603	592	585	583	578	576	570	566	564	535	521	517	514	511	509	507	505	
704	672	649	635	630	612	608	598	591	589	584	582	576	572	569	538	523	518	514	511	509	507	505	502	
698	660	642	635	616	613	600	593	590	585	583	577	573	570	539	524	519	515	512	510	508	506	503	499	
693	665	654	629	625	612	603	599	593	591	585	579	575	543	526	521	517	514	512	510	508	505	501	498	
693	672	641	635	622	611	607	599	596	590	584	580	547	530	525	520	517	515	513	511	508	504	501	498	
704	663	649	632	617	612	603	600	593	587	583	549	531	526	521	518	516	514	512	509	505	502	499	498	
684	661	642	625	616	605	602	595	589	585	550	532	527	522	519	517	515	513	510	506	503	500	499	498	
695	669	644	633	617	612	604	597	592	555	537	531	526	523	521	519	517	513	509	506	503	502	501	499	
705	668	651	633	621	612	604	598	560	542	535	530	527	525	523	521	517	512	509	505	504	503	501	499	
686	663	643	631	618	609	602	562	544	536	531	528	526	524	522	519	514	511	507	506	505	503	501	500	
687	662	645	630	620	611	570	552	542	537	534	532	530	528	524	518	515	511	510	509	507	505	504	502	
704	674	652	638	628	583	562	551	544	541	538	536	533	529	523	520	516	515	514	512	510	509	507	506	
694	667	649	633	587	565	554	547	544	540	538	535	531	525	522	518	517	516	514	512	511	509	508	507	
693	667	647	597	575	561	553	550	544	542	539	534	528	525	521	520	518	516	514	513	511	510	509	506	
690	662	607	584	568	558	555	548	546	543	538	532	529	525	524	522	520	518	517	515	513	512	509	507	
689	622	596	579	570	567	560	558	555	549	543	540	535	534	532	530	527	526	524	522	520	516	514	513	
651	617	592	580	575	567	564	561	555	548	544	539	537	535	532	529	528	526	524	522	518	516	515	515	
677	639	623	613	602	597	593	585	578	573	567	564	562	559	555	554	551	549	547	543	540	539	539	536	
659	636	625	610	603	598	588	581	576	570	567	565	562	558	557	553	551	549	545	542	540	540	537	536	
679	659	634	621	614	600	593	588	580	577	574	571	567	565	561	559	557	553	549	547	547	544	543	543	
690	656	639	628	610	602	597	588	584	581	577	573	571	566	563	559	555	551	549	548	545	544	543	540	
673	651	637	617	607	602	593	589	586	580	576	574	569	566	562	558	554	552	551	548	547	546	543	539	
679	650	627	614	609	599	594	591	583	579	576	571	568	564	560	556	554	553	550	549	547	544	540	536	
681	653	632	625	610	602	598	590	583	579	574	571	566	562	558	556	555	552	551	549	546	542	538	534	
679	640	631	616	606	601	593	586	582	577	573	568	564	560	558	557	554	553	550	547	543	539	535	532	
667	650	629	617	611	601	594	589	584	580	573	569	563	561	560	557	556	552	549	545	541	537	534	532	
679	648	631	620	608	598	591	586	581	574	570	564	562	561	558	557	553	550	546	542	538	535	533	533	
681	659	641	623	610	602	596	591	583	576	570	567	565	562	560	554	551	547	543	539	536	534	534	531	
683	657	636	620	612	605	598	588	580	574	571	569	566	564	558	555	551	547	542	539	537	537	534	532	
685	651	628	617	610	603	593	585	578	575	572	569	566	560	557	553	549	544	540	538	538	535	533	533	
681	647	628	619	610	600	590	583	579	576	573	570	564	561	557	553	547	543	541	540	537	535	535	533	
671	642	627	616	605	595	587	581	578	575	572	566	563	559	555	549	544	542	540	537	535	535	533	532	
672	642	626	612	602	591	584	581	577	573	567	564	560	556	550	545	543	541	537	535	535	533	532	528	
675	647	631	618	604	593	590	586	581	573	570	566	562	555	550	548	546	542	539	539	537	536	532	530	
676	648	628	613	601	596	591	584	576	572	567	563	556	551	549	547	543	540	540	538	537	533	531	531	
679	643	626	611	604	598	589	579	575	569	565	559	554	552	550	546	543	543	541	539	535	533	533	532	
669	642	625	616	608	596	586	580	574	569	562	557	555	553	549	546	546	544	541	537	535	534	533	530	
669	644	629	619	604	592	586	580	574	565	560	558	555	551	547	547	545	542	538	535	534	533	530	529	
674	649	635	616	601	592	585	578	569	564	562	559	555	551	551	549	546	542	539	538	537	534	533	531	
675	650	628	609	597	590	582	571	566	564	561	557	552	552	550	547	543	540	539	538	535	533	531	531	
676	648	626	610	600	590	576	570	568	565	560	555	555	552	549	545	542	541	540	537	535	533	532	531	
681	649	627	613	603	585	576	572	568	563	558	558	554	551	547	544	542	541	538	536	534	533	532	529	
670	641	624	610	591	582	577	573	568	563	561	556	553	548	545	543	542	538	536	534	533	532	529	527	
682	650	626	602	590	585	580	575	569	567	561	558	552	549	547	546	542	539	537	535	534	530	528	528	
681	650	617	601	593	587	579	572	570	563	560	554	551	549	547	543	540	538	536	535	531	529	529	527	
676	630	609	597	590	582	575	573	564	561	555	551	549	547	543	540	538	536	535	531	529	529	527	526	
659	630	610	601	592	585	582	573	568	560	554	552	550	546	543	541	539	538	534	532	532	530	529	527	
659	633	617	607	600	594	584	578	570	564	561	558	553	548	546	542	540	536	534	534	531	530	528	525	
672	644	627	616	609	594	585	577	570	566	563	557	551	549	545	543	539	537	537	534	533	530	527	523	
675	646	627	618	601	589	580	572	568	565	559	553	551	547	545	540	538	537	534	533	530	527	523	520	
680	647	632	609	595	586	577	573	569	562	556	553	549	547	542	540	539	536	535	531	528	524	521	519	
663	644	619	605	593	582	578	574	567	560	557	552	549	544	542	541	538	537	533	530	526	522	520	519	
676	636	618	605	592	586	581	573	564	561	556	553	547	545	543	539	538	534	531	526	522	520	519	517	
668	641	621	604	598	591	580	566	561	556	553	547	545	543	539	538	534	531	526	522	520	519	517	516	
672	639	619	608	598	586	572	566	560	555	549	547	544	540	539	535	532	527	523	521	520	518	517	515	
677	645	624	612	599	584	578	569	559	552	550	547	543	542	538	535	530	526	524	523	521	520	518	515	
675	644	630	610	595	587	578	567	560	558	555	551	549	545	542	536	532	529	526	524	523	520	517	515	
673	649	624	603	594	584	573	565	563	560	555	553	549	546	540	536	533	529	527	526	523	520	518	515	
677	646	620	608	596	585	575	570	566	561	558	553	549	543	539	536	532	530	529	526	523	521	518	517	
678	641	623	610	597	586	579	574	567	563	558	554	548	543	540	535	532	531	528	525	523	520	519	515	
668	637	624	608	593	586	580	572	568	563	559	553	548	545	540	537	536	533	529	527	524	521	517	516	
676	654	632	615	603	596	586	581	573	568	562	557	554	548	545	544	541	537	534	531	528	524	523	522	
688	651	626	613	603	592	586	576	570	564	559	555	549	545	544	541	537	534	531	528	524	523	522	521	
678	644	626	613	602	595	583	577	570	565	561	553	549	547	544	540	537	534	531	527	526	525	524	524	
670	639	625	612	604	592	586	578	572	567	558	554	552	548	543	540	537	534	530	528	527	525	525	525	
668	648	629	619	606	597	587	581	576	564	558	556	551	546	543	540	537	533	531	530	528	528	528	526	
684	652	638	620	610	599	592	587	575	567	564	559	554	551	548	544	539	537	534	531	531	531	529	526	
679	657	638	623	608	600	594	580	573	570	564	558	555	552	547	542	540	537	534	533	533	531	528	526	
686	656	635	616	608	600	585	578	575	569	561	558	555	548	543	541	538	535	534	534	532	529	527	526	
679	647	622	613	603	588	581	578	572	564	561	558	551	546	544	541	536	535	535	533	530	528	527	525	
684	652	636	623	605	596	589	581	572	569	564	557	550	548	545	539	538	538	535	532	530	529	527	527	
676	657	641	618	607	599	588	578	574	569	561	554	552	549	542	540	540	536	533	531	530	528	528	528	
687	659	634	620	610	598	586	582	576	567	560	558	553	546	544	543	539	536	534	532	530	530	530	524	
686	651	635	621	607	594	588	581	572	565	563	558	549	547	545	541	538	536	534	532	531	531	525	521	
675	651	630	615	601	593	586	577	568	566	561	552	550	547	543	540	538	536	534	533	533	527	523	513	
684	648	627	611	603	594	583	572	570	565	556	554	551	547	543	540	538	536	534	534	528	524	514	508	
678	647	626	616	605	594	581	579	574	565	562	559	555	551	548	546	543	540	539	533	529	518	510	508	
685	651	636	624	609	593	589	583	573	570	567	563	559	556	554	551	548	547	540	536	525	516	513	512	
683	655	640	618	600	595	588	578	573	570	566	561	558	556	553	550	548	541	537	526	517	514	513	505	
685	659	634	613	606	597	587	581	578	573	568	565	562	559	556	554	547	543	529	519	516	514	506	500	
683	648	623	616	605	595	588	585	579	574	571	567	564	561	559	551	547	533	523	520	517	509	503	498	
671	640	630	614	602	595	592	584	579	576	571	568	564	562	554	550	536	526	523	520	512	505	500	497	
668	650	627	611	604	600	591	586	580	575	572	568	566	558	554	540	530	527	524	515	508	503	500	498	
680	644	626	617	611	600	594	588	583	579	575	572	564	559	544	533	530	527	518	511	506	503	500	499	
672	645	632	621	606	599	592	586	581	576	573	565	560	545	534	531	528	519	512	507	504	501	500	494	
676	659	640	621	613	605	599	593	586	582	572	567	551	539	535	532	523	516	511	507	504	502	496	494	
685	658	632	622	614	604	597	590	586	576	571	554	542	538	535	525	518	512	508	505	503	497	495	492	
683	648	632	622	612	602	595	591	579	574	557	545	540	537	526	519	513	509	506	504	498	496	493	491	
681	654	642	627	616	607	602	588	581	562	549	544	541	530	522	515	510	506	504	498	496	493	491	489	
676	658	641	626	615	608	593	586	566	553	548	543	532	524	517	512	508	506	500	498	495	492	490	488	
685	660	637	624	617	599	592	571	557	552	547	536	527	519	514	510	508	502	500	497	493	491	489	485	
683	653	637	626	606	598	575	561	555	550	539	529	521	516	512	510	504	502	499	495	493	491	486	481	
682	654	636	614	606	581	566	557	550	539	529	521	516	512	510	504	502	499	495	493	491	486	481	474	
676	646	622	614	588	572	559	551	540	530	521	516	512	510	504	502	499	495	493	491	486	481	474	469	
681	643	629	602	582	569	561	547	536	526	521	517	515	509	505	502	496	494	492	486	481	474	469	450	
671	642	610	588	572	565	550	539	529	523	519	517	510	506	503	496	494	492	486	481	474	469	450	433	
660	622	595	578	571	555	544	533	527	522	520	513	509	506	499	497	495	489	484	477	472	453	436	417	
665	614	593	582	563	552	540	533	528	523	515	511	507	500	498	496	490	485	478	473	454	437	417	411	
636	607	594	574	563	551	541	535	529	519	514	510	503	501	499	493	487	480	475	456	438	418	412	404	
634	615	591	572	560	551	543	536	527	522	517	510	508	505	499	493	486	480	460	442	421	414	406	402	
667	623	596	577	568	559	551	538	533	528	519	517	512	505	499	492	486	463	445	422	415	407	403	397	
661	626	604	586	574	563	546	541	536	526	524	518	510	501	494	488	464	446	423	416	408	404	398	390	
656	620	597	581	567	550	545	539	528	525	518	510	501	494	488	464	446	423	416	408	404	398	390	384	
649	622	601	585	564	556	549	538	534	526	518	509	501	495	471	452	428	420	410	406	400	391	385	384	
666	635	613	583	570	560	546	538	530	522	512	504	497	473	453	429	421	411	408	402	393	387	386	380	
667	635	596	580	568	553	545	537	529	519	511	502	478	458	434	426	415	411	405	395	389	388	382	380	
668	621	599	583	567	554	546	537	527	519	509	484	464	440	432	420	416	410	400	394	393	386	384	361	
653	622	600	582	564	554	545	534	525	514	488	467	443	435	423	418	412	402	396	395	388	386	362	357	
651	619	593	574	563	553	540	531	520	492	469	445	437	425	419	413	403	397	396	389	387	363	358	347	
664	626	601	582	571	558	545	530	499	476	452	443	430	424	418	408	402	401	394	392	365	359	348	328	
651	620	595	581	566	552	537	505	482	457	447	433	427	421	410	404	403	396	394	367	361	350	330	323	
658	616	592	577	562	545	510	485	460	449	434	428	422	409	403	402	395	393	366	360	350	330	323	317	
642	605	585	569	550	514	487	461	449	434	428	422	409	403	402	395	393	366	360	350	329	322	316	314	
643	611	589	567	529	501	475	461	445	435	428	415	409	407	400	398	371	365	354	332	325	319	317	305	
651	612	581	537	507	479	465	449	438	431	418	412	410	403	401	374	368	357	335	328	322	320	308	300	
650	603	552	521	492	476	460	448	439	425	419	416	408	406	379	373	361	337	329	323	321	309	301	298	
633	567	535	503	486	468	455	446	431	425	422	413	411	384	378	366	340	332	326	323	311	302	299	290	
609	563	520	499	481	468	459	443	436	433	423	421	391	384	370	344	336	330	327	315	306	303	293	292	
617	556	525	506	484	473	457	448	445	435	432	399	390	374	347	339	332	330	317	308	305	294	293	291	
595	553	520	492	480	463	454	448	437	434	401	392	376	349	341	334	332	319	309	306	295	294	292	288	
623	576	531	514	492	480	472	457	454	410	400	384	354	346	338	336	323	313	309	298	297	295	291	289	
611	548	526	503	490	480	464	460	414	402	386	356	348	340	338	324	315	311	300	299	297	293	291	286	
596	566	537	517	506	486	480	426	411	395	363	355	346	344	330	320	315	302	301	299	295	293	289	286	
614	567	540	523	499	491	430	413	396	365	357	346	344	330	320	315	302	301	299	295	293	289	286	285	
619	587	566	539	527	461	440	414	380	368	356	353	338	327	322	309	308	306	301	299	295	291	290	283	
667	630	592	574	494	465	434	396	379	366	362	347	336	330	316	315	313	308	306	301	297	296	289	284	
679	624	599	514	479	446	407	390	376	372	356	343	337	320	319	317	311	309	304	300	299	292	287	277	
650	618	522	486	452	411	392	378	374	358	345	339	321	320	318	312	310	305	301	300	293	288	278	274	
657	537	497	457	415	395	379	375	359	347	341	323	322	320	314	312	307	303	302	295	290	280	276	272	
583	518	472	425	404	386	381	364	352	346	327	325	323	317	315	309	305	303	296	291	281	277	273	272	
589	513	449	424	398	391	372	359	353	334	330	328	322	320	314	310	307	299	294	284	279	275	274	271	
559	482	451	420	406	384	370	364	345	340	338	332	330	325	321	318	310	305	294	289	284	283	280	278	
557	504	469	447	416	395	387	365	358	354	344	341	333	328	324	316	310	297	292	286	285	282	280	278	
579	526	491	457	430	422	393	383	377	364	361	346	336	331	322	316	302	297	290	288	285	283	281	280	
607	541	489	458	441	409	399	391	377	373	357	347	341	329	322	306	301	293	291	288	285	283	282	282	
580	513	478	459	420	409	401	384	379	362	352	345	333	326	310	305	296	294	291	288	286	285	285	281	
572	523	495	451	431	419	398	387	370	358	350	338	331	315	310	301	299	296	293	291	290	290	286	283	
601	540	484	454	440	417	404	384	371	362	348	339	323	318	308	306	303	300	298	297	297	293	290	285	
620	529	484	467	438	423	402	388	377	360	351	334	329	318	313	310	307	305	304	304	299	295	289	287	
575	504	473	441	424	403	390	379	361	350	333	328	317	312	309	306	304	303	303	298	294	288	286	284	
556	503	465	443	417	400	389	371	359	342	336	325	319	316	311	309	307	306	301	297	291	288	286	284	
591	529	497	458	437	421	396	382	361	354	342	335	330	324	322	320	317	312	307	301	298	296	293	290	
616	532	485	459	441	413	398	375	367	353	346	341	332	329	326	323	317	312	306	303	301	298	295	286	
588	523	488	462	427	409	383	375	361	351	345	336	333	329	326	320	316	308	305	303	300	297	288	285	
579	514	483	445	423	394	382	366	356	349	338	334	329	326	320	316	309	306	304	301	298	289	286	286	
594	538	482	455	418	400	381	370	361	347	343	337	334	328	323	316	313	311	305	301	291	288	288	288	
587	514	473	429	411	390	379	370	356	352	346	341	335	330	323	319	315	308	303	293	290	290	290	289	
587	515	465	434	409	394	384	369	365	359	355	348	343	335	329	325	318	313	302	298	298	298	297	295	
559	499	464	432	413	402	385	381	375	369	362	357	348	342	338	331	326	314	310	308	308	306	304	300	
565	505	468	440	424	405	401	393	388	378	371	362	355	349	342	337	325	321	319	319	317	315	311	311	
560	502	472	448	425	418	409	403	391	384	375	368	362	355	349	337	333	331	331	329	326	322	322	321	
564	518	485	457	449	438	430	415	407	397	389	383	375	368	357	351	349	349	347	344	340	340	339	337	
575	531	492	480	467	458	441	431	420	411	405	394	387	371	365	363	363	361	358	354	354	353	351	349	
587	539	521	500	485	463	453	441	429	423	409	400	384	377	375	375	373	370	366	366	365	363	361	359	
595	561	528	508	479	469	457	444	437	422	411	395	388	386	386	384	381	377	377	376	374	372	369	367	
606	563	525	491	481	469	456	445	429	418	402	395	393	393	390	387	383	383	382	380	378	374	372	370	
599	555	512	499	485	468	453	435	424	407	399	396	396	393	390	385	385	384	382	380	376	374	372	369	
602	545	527	507	490	467	449	437	419	411	408	407	404	401	396	396	394	392	390	386	383	380	377	375	
608	584	556	529	500	475	462	441	430	424	423	419	416	412	412	410	408	406	401	398	395	392	390	390	
660	610	572	528	496	478	453	442	435	434	430	425	421	421	419	416	414	409	406	403	400	398	398	398	
666	606	554	514	493	464	451	442	440	436	431	427	427	425	422	420	415	412	409	406	404	404	404	403	
630	569	522	498	468	455	446	444	440	434	430	430	428	425	423	418	415	412	409	407	407	407	406	405	
629	566	530	493	473	463	461	456	450	442	442	440	437	435	430	427	424	420	417	417	417	416	415	413	
601	553	511	490	477	473	464	458	448	447	443	440	438	433	430	427	423	420	420	420	419	417	414	414	
590	538	507	492	484	474	467	456	455	451	448	446	441	438	435	430	427	427	427	426	424	421	421	420	
583	541	509	500	483	476	464	462	458	455	453	447	444	440	435	431	431	431	430	428	425	425	424	424	
574	534	520	503	492	479	475	470	466	464	458	454	450	445	441	440	440	439	436	432	432	431	431	430	
585	559	533	517	500	494	485	480	478	470	465	461	454	450	449	449	448	445	441	441	441	441	440	436	
612	577	542	524	514	505	497	494	485	480	476	469	465	464	464	463	460	456	455	454	454	453	449	447	
603	560	538	528	515	507	502	493	487	483	475	471	470	470	469	466	462	461	460	460	459	454	452	451	
590	561	538	524	514	508	498	490	486	478	474	473	473	472	468	464	463	462	462	460	455	453	452	451	
609	581	553	539	527	516	506	502	493	489	488	486	484	480	476	474	473	473	471	464	462	461	459	459	
614	580	557	544	531	519	515	506	501	498	496	494	489	485	483	481	481	479	472	470	469	466	466	466	
603	576	556	541	528	524	515	510	507	504	501	496	492	490	488	486	483	475	472	471	468	468	468	467	
606	579	559	544	536	527	521	518	515	512	507	503	501	499	497	493	484	479	478	474	474	474	473	472	
615	584	564	552	542	534	530	525	521	516	512	510	508	506	502	492	487	486	481	481	481	480	478	478	
627	600	583	572	560	552	546	540	535	531	529	524	521	515	504	498	497	491	491	491	490	488	488	484	
654	626	610	587	576	565	559	552	546	542	534	531	523	509	503	502	496	494	494	492	490	490	486	483	
669	636	604	588	575	568	560	552	548	539	536	527	513	506	505	499	497	497	495	492	492	488	485	484	
657	619	597	581	574	566	558	554	545	542	532	518	511	508	502	500	500	498	495	494	490	487	486	486	
654	624	602	589	579	569	564	555	550	536	522	515	512	505	503	503	501	498	497	493	489	488	488	487	
671	630	607	595	582	577	565	560	543	529	522	517	510	508	508	506	503	501	497	493	492	492	490	490	
660	627	610	596	588	573	567	549	533	525	520	512	509	509	507	504	502	498	494	493	493	491	490	489	
660	631	611	597	577	571	553	536	527	522	513	510	510	508	505	503	499	495	494	494	492	491	490	485	
657	630	606	585	578	559	541	531	526	517	514	514	511	508	506	502	498	497	497	495	494	492	487	486	
654	620	593	585	564	545	534	529	520	517	517	514	511	509	505	501	500	500	498	497	495	490	489	489	
651	615	602	575	550	538	533	524	521	520	516	513	511	507	503	502	502	500	499	497	492	491	491	488	
652	626	589	559	545	539	528	525	523	519	515	513	509	505	504	503	501	500	498	493	492	492	489	488	
652	606	569	552	544	533	529	527	522	518	516	512	507	506	504	502	501	499	494	493	493	490	489	486	
640	585	562	551	539	535	530	525	520	518	514	508	507	505	503	502	500	495	494	494	491	490	487	486	
610	580	558	545	540	534	527	522	520	516	510	509	507	505	504	502	497	496	496	493	492	489	488	488	
623	585	566	559	550	541	536	534	529	522	519	517	515	514	511	505	504	504	501	500	497	496	496	494	
634	606	590	578	560	551	549	543	535	532	528	526	525	522	516	515	514	510	509	506	505	505	503	503	
639	613	595	577	562	558	550	542	539	534	532	531	528	522	521	520	516	515	512	511	511	508	508	508	
647	620	593	577	572	563	552	548	541	539	538	535	529	528	526	522	521	518	517	517	514	514	513	511	
654	623	597	590	577	561	557	549	546	545	542	535	534	532	528	527	524	522	522	519	519	518	516	512	
654	620	606	590	569	565	557	554	553	549	542	540	538	533	532	529	527	526	522	522	521	519	515	513	
647	622	602	579	574	565	561	560	554	547	544	542	537	536	533	531	530	526	526	525	523	518	516	516	
662	636	605	597	581	574	572	566	558	554	552	545	542	539	537	536	531	531	530	528	523	521	521	520	
660	621	608	590	582	577	569	561	557	555	545	542	540	538	536	531	531	530	528	523	521	521	520	515	
655	624	599	588	581	572	564	560	558	548	545	541	539	537	532	532	531	529	524	522	522	521	516	512	
659	624	607	597	586	577	572	568	558	553	548	545	543	538	538	537	535	530	528	528	527	522	518	517	
664	631	619	602	591	582	575	565	560	554	551	548	543	542	541	538	533	531	531	530	526	521	520	518	
659	635	614	599	590	581	570	565	558	555	552	547	546	545	542	537	535	535	534	530	525	524	521	519	
673	644	625	604	591	579	574	566	562	559	554	553	551	548	543	541	541	539	534	529	528	525	523	520	
672	651	620	604	587	580	571	566	563	558	556	554	551	546	544	544	542	537	532	531	528	526	523	522	
679	639	616	597	587	578	571	565	560	558	556	552	547	545	545	543	538	533	532	529	527	524	523	521	
669	634	611	597	587	579	573	567	564	561	557	552	550	550	548	543	537	536	533	531	527	526	524	523	
652	625	607	595	585	578	572	569	565	561	555	553	552	549	544	537	536	533	531	527	526	524	523	520	
658	634	614	598	587	581	576	572	568	561	559	556	553	548	541	540	537	534	530	529	527	526	523	522	
666	637	619	601	592	585	578	573	566	563	560	557	551	544	543	540	537	533	532	530	529	526	525	524	
670	642	619	606	598	590	585	577	571	568	563	557	550	548	545	541	537	536	534	532	529	528	527	525	
673	639	619	607	599	593	584	578	575	569	562	554	551	547	543	539	538	536	534	531	530	529	527	525	
662	634	621	611	604	594	586	581	575	566	558	555	551	546	542	541	539	537	534	533	532	530	528	527	
661	644	625	610	599	590	585	577	568	559	556	552	547	543	542	540	538	535	534	533	531	529	528	528	
674	649	624	611	597	592	581	571	561	558	554	549	545	542	540	538	535	534	533	531	529	528	528	526	
675	644	625	607	597	585	575	563	560	556	551	546	543	541	538	535	534	533	531	529	528	528	526	524	
671	641	619	607	589	578	565	561	556	551	546	543	541	538	535	534	533	531	529	528	528	526	524	523	
665	639	622	600	588	574	569	563	556	551	546	544	541	538	536	535	533	531	530	530	528	526	525	525	
657	633	609	594	580	573	566	558	552	547	545	541	538	536	535	533	531	530	530	528	526	525	525	525	
662	630	611	596	585	576	568	560	555	553	547	543	540	538	536	534	533	533	531	529	528	528	528	527	
663	638	618	602	588	576	565	559	557	551	546	543	540	538	536	535	535	533	531	530	530	530	529	528	
662	633	614	597	582	570	563	560	554	549	545	541	539	537	536	536	534	532	531	531	531	530	529	528	
671	641	619	601	587	577	573	565	559	553	547	544	542	541	541	539	537	535	535	535	534	533	531	530	
672	642	618	599	586	581	572	566	560	554	549	547	545	545	543	541	539	538	538	537	536	534	533	531	
664	636	614	597	588	578	571	565	559	554	552	550	550	547	545	543	542	542	541	540	537	536	534	533	
669	635	613	598	587	580	572	562	556	554	552	552	549	547	544	543	543	542	541	538	537	535	534	533	
667	633	613	598	591	582	572	564	559	557	556	552	550	547	546	546	545	544	541	540	538	537	536	532	
666	633	614	604	595	585	576	568	566	564	560	557	554	552	551	550	549	546	545	543	542	540	536	535	
659	629	612	600	590	580	571	569	567	563	560	557	555	554	553	552	549	548	546	545	543	539	538	538	
660	631	615	604	593	581	576	573	568	565	561	559	558	557	556	553	552	550	549	547	543	542	542	540	
657	633	617	605	590	584	581	575	571	566	563	562	561	560	557	556	553	552	550	546	545	545	543	539	
667	642	625	609	599	594	589	585	579	574	573	570	568	564	562	559	558	556	552	548	548	546	542	539	
670	645	622	609	602	594	590	584	579	578	574	571	567	565	562	561	559	555	551	551	549	544	541	540	
672	634	618	607	599	592	585	580	579	574	571	567	565	562	561	559	555	551	551	549	544	541	540	539	
667	644	625	611	602	594	589	588	582	579	575	570	566	564	562	558	554	554	552	547	543	542	541	539	
671	647	624	614	605	600	599	592	588	584	577	572	569	567	562	558	558	556	551	547	546	545	543	542	
672	640	624	613	606	604	597	593	588	580	575	572	570	564	560	560	558	553	549	548	547	545	544	543	
661	633	619	611	608	599	595	590	582	577	574	571	565	561	561	559	554	550	549	548	546	545	544	543	
659	635	620	612	603	599	593	585	580	577	574	568	564	564	562	557	553	552	551	549	548	546	545	543	
664	635	623	612	606	598	588	583	580	577	571	567	566	563	558	554	553	552	550	549	546	545	543	541	
662	641	625	615	605	593	587	583	579	572	568	567	564	559	555	554	553	551	550	547	546	544	542	542	
673	645	628	618	602	595	591	587	577	571	570	566	561	557	556	554	552	551	548	547	545	543	543	540	
676	649	635	613	602	596	592	580	574	573	569	564	559	558	556	554	553	550	549	547	545	545	542	542	
675	654	627	613	605	599	586	579	578	574	568	563	561	559	555	554	551	550	548	546	546	543	542	539	
679	644	626	615	605	592	584	583	578	571	566	564	562	558	557	553	552	550	547	547	544	543	540	540	
671	644	627	614	598	589	587	581	574	569	567	564	560	559	555	553	551	548	548	545	544	541	541	541	
671	648	629	610	599	597	590	583	576	573	570	565	564	560	558	556	553	553	550	548	544	544	543	542	
679	654	630	617	609	599	590	583	579	574	569	568	564	562	560	557	557	554	552	548	548	547	546	546	
672	643	627	616	606	596	588	584	577	572	570	566	564	562	559	559	556	553	549	549	548	547	547	485	
668	648	632	620	609	598	594	583	578	575	571	568	565	561	561	558	555	551	551	550	549	549	486	473	
677	648	632	618	605	600	588	583	578	574	571	567	563	563	560	557	553	551	550	549	549	486	473	468	
675	650	629	612	606	593	586	581	576	573	569	564	564	561	558	554	552	551	550	550	486	472	467	458	
679	648	627	618	603	592	586	579	576	572	566	566	563	560	556	554	553	552	552	488	474	469	460	450	
670	643	629	614	602	592	584	580	575	566	566	563	560	556	554	553	552	552	488	474	469	460	450	441	
669	647	627	612	602	592	587	582	573	573	569	566	562	560	559	558	558	491	477	472	463	452	443	437	
678	645	625	614	599	592	586	577	576	572	569	565	563	561	560	560	493	479	474	465	454	445	438	436	
670	642	623	605	594	588	579	578	574	571	566	564	562	561	561	494	480	475	466	455	446	439	437	427	
668	640	618	604	594	585	583	579	576	570	568	566	565	565	498	483	477	468	457	448	441	439	429	422	
665	634	618	605	593	589	585	581	574	572	570	566	565	497	482	476	467	456	447	440	438	428	421	417	
660	636	617	605	599	593	589	582	580	577	571	569	501	485	479	470	458	449	442	440	429	422	418	414	
672	644	623	612	600	595	587	584	581	575	572	504	488	481	472	460	451	443	441	430	423	419	415	409	
679	642	630	614	604	594	590	586	580	577	507	490	483	473	462	453	445	442	431	424	420	416	409	405	
667	648	628	616	603	598	592	584	580	508	491	484	474	463	454	445	442	431	424	420	416	409	405	398	
670	642	626	612	607	600	591	587	515	498	491	481	468	459	449	447	435	428	424	419	412	408	401	400	
668	641	621	615	606	595	591	518	501	494	484	469	460	450	448	435	428	424	419	412	408	401	400	399	
667	637	627	617	601	596	521	504	497	487	471	462	451	449	436	429	425	420	413	409	402	401	400	396	
669	649	631	610	604	527	510	502	492	475	465	454	452	440	432	427	422	415	411	403	402	401	397	392	
678	648	624	612	532	515	505	494	476	466	455	453	440	433	428	423	416	412	404	403	402	398	393	393	
678	645	626	540	523	513	500	482	472	461	459	446	437	432	427	420	416	408	407	406	402	397	397	390	
665	641	547	529	518	503	484	474	463	461	448	440	434	429	422	418	410	409	408	404	399	399	392	386	
670	561	538	525	508	488	476	465	463	450	442	436	431	424	420	412	411	410	406	401	401	394	388	387	
583	551	537	518	496	483	471	467	454	446	440	435	427	423	415	414	413	409	404	404	397	391	390	390	
627	599	570	527	504	492	487	473	464	458	453	445	437	429	428	427	423	418	418	410	404	403	403	400	
666	627	566	542	530	524	502	486	477	472	463	455	447	446	444	438	432	432	423	417	415	414	411	411	
666	588	562	549	542	513	492	482	477	468	459	450	449	447	441	435	435	426	420	418	417	414	414	414	
622	592	574	565	524	501	491	484	473	462	453	451	449	443	437	437	428	422	420	419	416	416	416	416	
657	630	609	549	519	505	494	483	470	461	458	456	450	444	444	433	426	424	422	419	419	419	419	416	
677	645	567	533	516	503	489	476	465	461	459	453	447	447	434	427	425	423	420	420	420	420	416	413	
674	588	551	534	517	503	486	474	470	466	460	454	454	440	433	431	429	426	425	424	424	420	417	415	
612	572	552	534	510	491	478	473	469	463	457	457	443	434	432	430	427	426	425	425	421	418	416	413	
662	628	587	528	501	484	479	475	468	461	460	446	437	435	433	430	429	428	428	424	421	419	416	412	
664	606	542	513	492	487	480	472	465	464	450	440	437	435	432	431	430	430	426	423	421	418	414	410	
647	573	540	518	512	503	493	482	479	464	454	451	447	444	443	442	441	436	433	431	427	422	416	413	
610	565	536	528	518	502	489	485	469	459	456	452	449	448	447	446	441	438	436	432	426	420	417	415	
643	597	581	567	519	504	497	480	468	465	461	457	456	454	453	448	445	443	438	432	426	423	420	419	
645	622	596	537	518	511	492	477	474	470	466	465	462	461	456	453	451	446	439	434	431	428	427	427	
667	617	549	528	521	501	485	481	476	470	469	466	464	459	456	453	448	441	436	433	430	429	429	427	
656	573	543	534	511	493	489	483	477	476	473	470	464	461	458	452	445	440	437	434	433	433	431	430	
618	582	570	543	523	511	501	494	490	487	484	477	474	471	465	457	451	448	445	444	444	442	441	441	
662	641	592	545	528	515	507	501	497	491	483	480	477	470	461	455	452	449	448	448	446	445	445	444	
682	613	559	540	526	517	511	507	500	492	489	486	479	470	464	461	458	457	457	455	454	454	453	451	
652	585	562	545	535	527	522	513	505	502	499	492	483	475	471	468	467	467	465	464	464	463	461	461	
630	596	577	563	554	547	536	528	524	521	513	503	494	490	487	485	484	482	481	481	480	478	478	478	
662	626	605	590	580	567	558	553	548	538	528	516	512	509	507	506	503	502	502	501	499	499	499	498	
664	631	612	598	584	572	564	559	548	538	526	521	518	516	513	510	509	509	507	505	504	504	503	503	
654	627	610	596	582	572	567	555	545	532	527	524	521	517	514	513	513	511	509	507	507	506	506	505	
674	652	629	608	588	580	567	557	541	535	531	527	523	520	519	519	517	515	513	513	512	512	511	510	
677	645	619	597	586	572	562	546	540	535	531	527	524	522	522	520	518	516	516	515	515	514	513	513	
671	634	606	593	578	567	550	544	539	535	531	528	525	524	522	520	518	518	517	516	516	515	515	513	
663	628	609	591	579	562	556	549	544	541	537	534	533	531	528	525	525	523	522	521	520	520	519	487	
656	628	603	590	573	567	559	552	549	544	540	538	536	532	529	529	527	525	524	523	523	521	488	480	
667	632	609	590	584	574	566	563	557	551	549	547	543	540	540	538	536	535	532	532	528	492	483	477	
674	635	609	597	583	574	570	563	557	555	553	549	546	546	544	542	540	537	537	533	494	485	479	476	
660	629	615	598	585	581	574	567	563	561	557	554	554	551	549	545	542	542	539	499	490	483	480	475	
662	637	616	598	592	583	573	567	565	561	557	557	554	552	548	545	545	542	502	493	486	483	478	477	
681	644	612	604	594	584	578	574	569	565	565	562	559	555	552	552	549	509	499	491	488	481	479	476	
669	629	614	602	590	584	580	575	570	570	566	563	558	555	555	552	511	501	492	489	482	480	477	476	
657	629	613	598	591	587	582	576	576	572	569	564	561	561	558	515	505	496	493	486	483	480	479	475	
663	637	616	605	601	594	585	585	581	578	573	570	568	565	521	511	502	499	492	489	486	484	480	480	
682	646	626	617	609	596	596	592	588	581	576	574	570	524	513	504	501	492	489	486	484	480	480	476	
671	644	631	622	605	604	598	594	585	578	576	572	524	513	504	501	492	489	486	484	480	480	476	472	
680	659	642	620	619	612	604	594	587	584	580	531	520	511	507	497	493	489	487	483	483	479	475	473	
686	661	635	631	620	611	600	593	589	585	533	522	513	508	498	494	489	487	483	483	479	475	473	472	
684	650	644	628	615	603	596	592	588	535	524	514	508	498	494	489	487	483	483	479	475	473	472	470	
681	660	637	623	610	601	597	591	537	526	516	510	499	494	489	487	483	483	479	475	473	472	470	467	
676	647	632	617	608	602	595	540	529	519	512	501	495	490	487	483	483	479	475	473	472	470	467	464	
682	657	634	625	615	605	544	533	521	514	503	497	492	489	485	485	481	477	475	474	472	469	466	466	
676	645	631	621	607	546	534	522	515	504	498	493	490	486	486	482	478	476	475	473	470	467	467	465	
681	655	639	618	550	536	524	517	506	500	495	491	487	487	483	478	476	475	473	470	467	467	465	464	
679	647	625	556	541	529	521	509	502	497	493	489	489	485	480	478	476	474	471	468	468	466	465	461	
681	648	572	550	535	526	514	507	502	498	494	494	488	483	481	479	477	474	471	471	468	466	462	461	
681	589	557	540	529	517	510	505	501	496	496	490	485	483	481	478	475	472	472	469	467	463	462	461	
612	574	556	541	528	518	513	507	502	502	496	491	488	486	482	479	476	475	472	470	466	465	464	462	
613	581	558	542	527	522	514	509	508	503	497	494	492	488	484	481	480	477	475	471	470	468	466	465	
629	599	574	557	548	539	532	530	524	518	515	513	509	505	502	501	498	495	490	489	487	485	484	481	
640	604	577	565	554	547	544	536	526	523	520	515	511	508	507	503	500	495	494	492	490	489	486	486	
630	596	578	565	556	553	546	536	532	528	521	517	513	512	508	505	500	499	497	495	493	490	490	490	
634	609	591	579	572	563	552	548	541	534	529	525	523	519	515	507	506	504	502	500	497	497	497	497	
639	614	594	585	572	560	555	547	538	532	527	525	520	516	508	507	505	503	501	498	498	498	498	498	
640	613	596	582	568	560	552	543	537	532	529	524	520	512	511	509	507	505	502	502	502	502	502	501	
636	614	594	580	570	562	552	546	541	538	532	527	519	518	515	513	511	508	508	508	508	508	507	505	
638	615	598	586	576	565	556	550	546	538	533	524	523	520	518	515	512	512	512	512	512	511	509	506	
653	628	607	596	581	572	565	559	551	546	536	535	531	529	526	523	523	522	521	520	519	517	514	512	
652	626	608	592	582	574	568	559	553	543	542	536	532	529	526	526	525	523	522	521	518	515	513	509	
660	633	610	600	588	580	569	563	553	552	546	542	539	536	536	535	533	530	528	522	518	516	512	507	
657	628	613	601	592	579	571	560	559	553	549	546	543	543	540	538	535	533	527	523	520	516	510	491	
665	643	627	613	594	584	572	571	565	561	557	554	552	548	545	542	540	531	527	523	517	511	492	458	
668	644	626	603	593	579	577	571	566	561	558	556	551	548	544	542	533	529	525	518	512	493	458	444	
672	645	617	603	588	583	577	570	565	561	559	554	551	547	545	535	531	527	520	514	495	459	445	428	
668	629	611	596	590	584	577	572	566	564	559	556	550	548	537	533	529	522	516	497	460	446	429	423	
665	631	612	603	595	587	580	573	568	563	558	552	550	539	535	531	524	518	499	462	448	431	424	408	
663	638	625	615	604	593	583	575	570	565	559	557	546	540	534	527	521	502	464	450	433	426	410	402	
671	646	626	613	599	589	581	575	570	563	560	549	543	537	529	522	502	464	450	433	426	410	402	398	
673	644	626	612	600	591	584	579	571	568	556	550	544	535	528	507	469	454	435	428	411	403	399	396	
672	647	626	612	600	591	584	575	571	559	553	547	536	529	508	470	455	436	429	411	403	399	396	394	
674	638	622	604	595	588	579	574	562	556	550	538	531	509	470	455	436	429	411	403	399	396	394	387	
665	641	619	610	602	590	580	567	560	553	541	534	511	472	457	438	430	412	404	400	397	395	388	384	
669	638	625	617	605	595	581	574	564	552	543	514	473	458	439	431	413	405	401	398	396	389	385	381	
670	646	631	619	608	593	585	575	560	550	520	478	463	444	436	418	410	406	403	401	394	389	385	381	
683	654	640	626	607	598	585	568	557	527	481	466	447	439	420	412	408	405	403	396	391	387	383	376	
683	658	639	617	607	593	577	563	533	484	469	450	442	422	413	409	406	404	397	392	388	384	377	370	
685	657	630	617	600	582	567	536	486	470	451	443	423	414	410	407	405	398	393	389	385	378	371	362	
677	643	626	606	587	572	539	488	471	452	444	424	415	411	408	406	399	394	390	386	379	372	363	358	
675	645	620	600	583	549	497	478	459	450	430	421	417	414	412	405	399	395	391	384	376	367	362	352	
673	636	612	593	557	504	483	463	454	434	425	421	418	416	408	403	399	395	388	378	368	363	353	342	
668	637	612	571	514	492	470	461	439	430	425	422	420	412	405	401	397	390	380	370	365	355	344	336	
676	641	593	533	507	484	475	451	441	436	432	428	420	413	408	404	397	387	377	372	362	351	343	334	
664	611	547	520	494	485	460	450	445	441	437	428	421	416	412	404	394	384	379	368	357	349	339	329	
645	567	536	505	496	471	461	456	451	447	436	430	423	418	410	401	391	385	373	362	353	343	333	330	
627	579	536	525	497	486	478	472	466	452	446	438	431	423	412	402	394	382	369	358	348	338	335	324	
657	598	575	543	528	517	511	503	484	478	468	461	452	434	420	412	395	380	369	358	346	343	332	313	
656	624	587	569	555	547	537	516	509	497	490	478	455	435	425	407	389	377	366	353	350	338	319	312	
683	632	611	594	584	569	544	535	523	516	501	475	449	438	419	397	384	369	357	354	341	321	314	305	
664	637	618	603	585	560	551	537	529	514	486	458	445	423	400	387	371	359	356	343	323	316	306	271	
