0.65893	0.55481	0.50713	0.4367	0.41181	0.38725	0.37348	0.3973	0.37104	0.34929	0.33757	0.32863	0.32069	0.30986	0.31039	0.30621	0.30842	0.30877	0.31126	0.31284	0.31561	0.3146	0.31628	0.31693	
0.27749	0.34158	0.33635	0.33176	0.32191	0.31732	0.35099	0.32997	0.31455	0.3085	0.30035	0.29491	0.28749	0.28934	0.2832	0.28774	0.28945	0.29471	0.29755	0.30049	0.30086	0.30335	0.30525	0.30957	
0.13051	0.16179	0.20439	0.20324	0.21668	0.26994	0.24946	0.2378	0.23256	0.22968	0.22554	0.22113	0.22865	0.22757	0.23724	0.24239	0.25087	0.25594	0.26126	0.26334	0.2687	0.27107	0.27642	0.28062	
0.071333	0.19241	0.19218	0.2039	0.26397	0.24001	0.22825	0.22205	0.22246	0.21955	0.21475	0.22419	0.22363	0.23507	0.24015	0.24919	0.25395	0.25961	0.26076	0.26678	0.26852	0.2736	0.27769	0.28333	
0.15439	0.13357	0.17089	0.23179	0.2147	0.20341	0.19707	0.20127	0.20117	0.19667	0.20874	0.20875	0.22185	0.22734	0.23765	0.243	0.24973	0.25114	0.25815	0.26032	0.26552	0.2693	0.27509	0.2758	
0.077185	0.11868	0.21947	0.20035	0.1895	0.18505	0.19267	0.19553	0.19073	0.20551	0.20502	0.21915	0.22352	0.23511	0.2406	0.24782	0.24969	0.25725	0.2602	0.26634	0.27099	0.2773	0.27835	0.28347	
0.097419	0.25013	0.22615	0.2074	0.19835	0.20316	0.20465	0.19596	0.21126	0.20826	0.22178	0.22408	0.2348	0.23974	0.24639	0.24749	0.2545	0.25691	0.26253	0.26592	0.27135	0.27176	0.27681	0.27807	
0.25401	0.23115	0.2083	0.20225	0.20772	0.20911	0.1984	0.21004	0.20506	0.21543	0.21723	0.22659	0.23178	0.23796	0.23966	0.24631	0.25026	0.25593	0.25964	0.26543	0.26633	0.27196	0.27362	0.2791	
0.16884	0.16589	0.18727	0.20665	0.19603	0.19544	0.19316	0.18881	0.18906	0.19599	0.20158	0.21097	0.21561	0.22057	0.22811	0.23685	0.24408	0.24999	0.25593	0.25848	0.2652	0.26762	0.27311	0.27686	
0.096158	0.14598	0.17016	0.16275	0.15716	0.15998	0.1561	0.16037	0.16825	0.17653	0.18629	0.1929	0.19856	0.20704	0.21436	0.22106	0.22536	0.23061	0.23252	0.23961	0.24244	0.24894	0.25388	0.25966	
0.058133	0.1142	0.12213	0.11549	0.12692	0.12356	0.13451	0.14313	0.15584	0.16751	0.17579	0.18093	0.1891	0.19286	0.1986	0.20156	0.20613	0.20784	0.21595	0.21995	0.22807	0.23412	0.24093	0.24288	
0.023878	0.076381	0.090567	0.095838	0.095847	0.10343	0.11992	0.13239	0.14736	0.15442	0.16055	0.16923	0.17315	0.17838	0.18105	0.18576	0.18833	0.19745	0.20258	0.21235	0.21924	0.2269	0.22917	0.23353	
0.031958	0.072956	0.085545	0.088269	0.10054	0.11653	0.13092	0.14384	0.1502	0.15249	0.16011	0.16096	0.16506	0.16648	0.17115	0.17445	0.1846	0.19036	0.20131	0.20885	0.21699	0.21936	0.22398	0.22801	
0.082731	0.099611	0.095935	0.10499	0.12089	0.13306	0.14522	0.14945	0.14895	0.15506	0.15405	0.15699	0.15743	0.16203	0.16578	0.17689	0.1831	0.19476	0.20253	0.21074	0.21284	0.21737	0.22127	0.22418	
0.099971	0.083758	0.092005	0.1128	0.12406	0.1369	0.14089	0.13922	0.14575	0.14416	0.14631	0.14656	0.15189	0.15623	0.16811	0.1749	0.18712	0.19508	0.20355	0.20549	0.20999	0.21385	0.21661	0.22133	
0.070514	0.079637	0.11298	0.1219	0.12463	0.12624	0.12063	0.12689	0.12228	0.12524	0.12586	0.13203	0.1377	0.15168	0.15936	0.17294	0.18168	0.19096	0.19287	0.19759	0.20156	0.20434	0.20915	0.21063	
0.064193	0.10679	0.11799	0.11818	0.11877	0.11222	0.1179	0.1137	0.11715	0.11776	0.12393	0.13027	0.14507	0.15288	0.16707	0.17587	0.1851	0.18656	0.19094	0.19458	0.19704	0.20149	0.20267	0.20709	
0.088084	0.098263	0.09768	0.096492	0.088241	0.098476	0.094699	0.098467	0.099241	0.10759	0.11511	0.13263	0.14059	0.15577	0.16501	0.1745	0.17569	0.17998	0.1835	0.18578	0.19011	0.1913	0.19598	0.1968	
0.097888	0.094959	0.093811	0.086366	0.098236	0.095344	0.09918	0.10002	0.10815	0.11592	0.13348	0.14094	0.15571	0.16445	0.17336	0.17378	0.17741	0.18029	0.182	0.18587	0.18679	0.19121	0.19188	0.19473	
0.072858	0.065008	0.063112	0.080565	0.075465	0.080061	0.08294	0.091839	0.10198	0.12186	0.12989	0.14613	0.15513	0.16409	0.16387	0.16715	0.16973	0.17128	0.1751	0.17576	0.18	0.1805	0.18316	0.1836	
0.06517	0.062062	0.087582	0.079716	0.086484	0.088464	0.097048	0.10616	0.12574	0.13291	0.14848	0.15641	0.16435	0.16315	0.16553	0.16746	0.16842	0.17163	0.17183	0.17554	0.17586	0.17827	0.17857	0.18087	
0.041914	0.08147	0.071618	0.078972	0.079575	0.087178	0.097861	0.1194	0.12733	0.14398	0.1514	0.15884	0.15668	0.15847	0.16002	0.1605	0.16315	0.16283	0.16607	0.16618	0.16861	0.16909	0.17149	0.17208	
0.088939	0.081158	0.089198	0.087702	0.093841	0.1032	0.12384	0.13049	0.14611	0.15205	0.15793	0.15454	0.15539	0.15581	0.15542	0.15721	0.15645	0.15929	0.15944	0.16205	0.16255	0.165	0.16575	0.16613	
0.06122	0.072614	0.071652	0.076277	0.089193	0.11552	0.12183	0.13757	0.14296	0.14865	0.14409	0.14409	0.14363	0.14255	0.14375	0.14299	0.1463	0.1472	0.15067	0.15183	0.15496	0.15626	0.15707	0.15643	
0.051511	0.052511	0.071273	0.086368	0.11522	0.11918	0.1331	0.13674	0.14101	0.13543	0.13388	0.1325	0.13058	0.13135	0.13128	0.13523	0.13717	0.14118	0.14296	0.14649	0.14827	0.14927	0.1486	0.15205	
0.024151	0.053289	0.075586	0.10329	0.1047	0.11877	0.12099	0.12394	0.11721	0.115	0.11322	0.11159	0.11268	0.1139	0.11919	0.12267	0.1277	0.13013	0.13433	0.13688	0.13844	0.13795	0.14183	0.14535	
0.047131	0.077518	0.10331	0.10002	0.11192	0.11173	0.11324	0.10625	0.10347	0.10132	0.099625	0.10062	0.10315	0.10948	0.11338	0.11839	0.12038	0.12456	0.12734	0.1292	0.12869	0.13287	0.13691	0.14258	
0.070883	0.096284	0.087022	0.097713	0.095412	0.096164	0.090466	0.086808	0.084433	0.082667	0.083989	0.088215	0.096342	0.10048	0.1055	0.10729	0.11199	0.11541	0.11789	0.11762	0.12261	0.12766	0.13411	0.14112	
0.069836	0.06106	0.079216	0.074909	0.074855	0.07464	0.07008	0.067998	0.067032	0.069128	0.075276	0.084211	0.088184	0.092979	0.094607	0.099751	0.10392	0.10717	0.10739	0.11334	0.11896	0.12611	0.13394	0.14153	
0.031302	0.058432	0.053405	0.053198	0.062151	0.056574	0.055058	0.054832	0.057673	0.065402	0.075394	0.079294	0.084041	0.085816	0.091662	0.096528	0.1006	0.1011	0.10754	0.11351	0.12121	0.12959	0.13757	0.14629	
0.07489	0.059657	0.053463	0.067563	0.058652	0.056483	0.055676	0.057973	0.066623	0.076544	0.080171	0.084573	0.085953	0.091995	0.097129	0.10139	0.10168	0.10806	0.11406	0.12187	0.13028	0.13808	0.1467	0.15434	
0.020269	0.021198	0.054729	0.045898	0.046689	0.04805	0.051211	0.06206	0.072722	0.075692	0.080073	0.081077	0.087648	0.093752	0.098294	0.098549	0.10511	0.11155	0.11983	0.12845	0.13617	0.14473	0.15209	0.15935	
0.018707	0.061439	0.050046	0.048842	0.048921	0.05181	0.060035	0.069204	0.069735	0.074367	0.074862	0.082017	0.088693	0.093454	0.093253	0.10019	0.10701	0.11544	0.12399	0.1315	0.14014	0.14742	0.15464	0.15945	
0.075794	0.059531	0.054062	0.051897	0.054273	0.059191	0.067046	0.066788	0.070822	0.07087	0.078867	0.086002	0.090956	0.090243	0.097677	0.10463	0.11295	0.12122	0.12838	0.13676	0.1439	0.15104	0.1556	0.16232	
0.026659	0.032799	0.042578	0.052858	0.052244	0.062685	0.060685	0.065446	0.066064	0.074588	0.082034	0.086984	0.085555	0.09321	0.10008	0.10829	0.1163	0.12309	0.13186	0.13928	0.14622	0.15057	0.15732	0.16387	
0.012998	0.024794	0.040153	0.038158	0.054491	0.052923	0.057688	0.060553	0.070009	0.078977	0.084806	0.083368	0.091469	0.098346	0.10631	0.11364	0.11943	0.12818	0.13491	0.14099	0.14477	0.15167	0.15853	0.16407	
0.010711	0.039133	0.039553	0.058399	0.056612	0.061344	0.064019	0.074238	0.082556	0.087433	0.085013	0.092308	0.097998	0.10446	0.11015	0.11434	0.12264	0.12851	0.13385	0.13755	0.14506	0.15251	0.15825	0.16738	
0.028546	0.044023	0.063764	0.063357	0.067008	0.070188	0.080823	0.08811	0.091432	0.08783	0.093691	0.097412	0.10166	0.10486	0.10781	0.11498	0.12006	0.12511	0.12935	0.13787	0.14628	0.15235	0.16223	0.17219	
0.04121	0.064868	0.069429	0.072112	0.075293	0.085752	0.091839	0.092012	0.08634	0.09004	0.091442	0.093686	0.095813	0.097484	0.10329	0.10811	0.11393	0.1194	0.1293	0.13884	0.14536	0.15597	0.16627	0.17354	
0.038573	0.061674	0.069639	0.071457	0.080175	0.084276	0.081572	0.074082	0.076969	0.077702	0.080281	0.081601	0.082182	0.08786	0.093613	0.10066	0.10766	0.11911	0.12997	0.13709	0.14852	0.15934	0.16693	0.17152	
0.040761	0.057158	0.06163	0.071416	0.075398	0.07186	0.063158	0.067492	0.068305	0.070207	0.070915	0.071364	0.078037	0.0849	0.092895	0.10074	0.11333	0.12456	0.13174	0.14328	0.15416	0.1617	0.16614	0.17024	
0.041586	0.062375	0.072648	0.073152	0.068023	0.05985	0.064165	0.063223	0.063826	0.063582	0.064069	0.071676	0.079126	0.087934	0.096897	0.11054	0.12227	0.12956	0.14137	0.15233	0.15982	0.16407	0.16799	0.17108	
0.054498	0.065394	0.067167	0.064166	0.057523	0.061117	0.059136	0.059324	0.059224	0.059963	0.068275	0.076209	0.085525	0.095227	0.10907	0.1204	0.1274	0.13887	0.14955	0.15675	0.16074	0.16443	0.16724	0.1714	
0.049072	0.058802	0.056676	0.051538	0.057468	0.054952	0.054582	0.054414	0.055762	0.065324	0.074335	0.084532	0.09467	0.10857	0.11951	0.12616	0.13739	0.14788	0.15486	0.15865	0.16211	0.16469	0.16851	0.17216	
0.030567	0.038772	0.044554	0.051633	0.048427	0.047207	0.047448	0.050403	0.061721	0.071862	0.083755	0.094198	0.10708	0.1165	0.12226	0.13253	0.14258	0.1492	0.15276	0.15607	0.15867	0.16222	0.16536	0.16896	
0.03065	0.040348	0.051001	0.046796	0.044279	0.04582	0.049491	0.062959	0.075761	0.089316	0.097882	0.10881	0.11645	0.1212	0.13026	0.13968	0.14575	0.14903	0.15213	0.15469	0.15788	0.16047	0.16326	0.16275	
0.015058	0.043358	0.035665	0.033862	0.042136	0.04859	0.064747	0.078162	0.090533	0.095813	0.10452	0.11018	0.11368	0.12185	0.13082	0.13657	0.13985	0.1433	0.14615	0.14957	0.15199	0.15421	0.15265	0.15199	
0.045677	0.036099	0.032789	0.040355	0.046502	0.062008	0.075533	0.086831	0.09002	0.097264	0.10167	0.10431	0.11202	0.1209	0.12676	0.13053	0.13441	0.13759	0.14126	0.14368	0.14568	0.14373	0.14283	0.14323	
0.0061318	0.0183	0.027124	0.034628	0.053566	0.068387	0.078491	0.078862	0.08488	0.088195	0.09032	0.098002	0.10771	0.11479	0.11953	0.12404	0.12773	0.13177	0.13433	0.1362	0.1338	0.13276	0.1332	0.13369	
0.01324	0.032986	0.038306	0.056905	0.069682	0.078055	0.076052	0.080539	0.082486	0.083874	0.091807	0.10243	0.11023	0.11528	0.11987	0.12353	0.12758	0.13013	0.13193	0.12931	0.12816	0.1286	0.12913	0.13126	
0.024608	0.03218	0.054864	0.066377	0.074273	0.070112	0.073803	0.075478	0.076529	0.08549	0.097057	0.10552	0.11075	0.11533	0.1188	0.12269	0.12527	0.12725	0.12469	0.12347	0.12395	0.12453	0.12686	0.13146	
0.015103	0.052546	0.060353	0.063964	0.057495	0.061175	0.063716	0.06501	0.075459	0.089264	0.098499	0.10369	0.10804	0.11123	0.11494	0.11749	0.1198	0.11752	0.11637	0.11682	0.11738	0.11984	0.1249	0.12744	
0.047118	0.046092	0.046394	0.040604	0.047471	0.051879	0.054281	0.066874	0.083096	0.092906	0.097766	0.10159	0.10425	0.10775	0.1101	0.11257	0.11024	0.10909	0.10944	0.10996	0.11264	0.11813	0.12044	0.12563	
0.00967	0.025769	0.025141	0.036354	0.041727	0.044773	0.060204	0.078638	0.088582	0.092378	0.095091	0.096911	0.099833	0.10181	0.10458	0.10273	0.10182	0.10216	0.10275	0.10559	0.11148	0.11368	0.11897	0.12156	
0.019488	0.021075	0.03831	0.042855	0.045238	0.061602	0.080901	0.089645	0.09148	0.092381	0.092639	0.094654	0.09635	0.099928	0.098715	0.098058	0.098393	0.099021	0.10203	0.10812	0.11008	0.11533	0.11778	0.12089	
0.018499	0.037261	0.041326	0.043015	0.062125	0.082041	0.089425	0.088752	0.087603	0.086333	0.087661	0.089071	0.093392	0.092858	0.092714	0.093105	0.093924	0.097269	0.10363	0.10545	0.11083	0.11345	0.11695	0.12003	
0.027335	0.045908	0.045905	0.064469	0.083982	0.088697	0.08489	0.081568	0.078987	0.079863	0.081057	0.086202	0.086273	0.08668	0.087141	0.088193	0.09192	0.098602	0.10059	0.10644	0.10937	0.11324	0.1166	0.12018	
0.019237	0.028542	0.057633	0.078366	0.079707	0.073483	0.068347	0.065118	0.066362	0.067781	0.073819	0.074229	0.074957	0.075745	0.077272	0.081729	0.089311	0.092066	0.098949	0.10243	0.10702	0.11084	0.11465	0.11544	
0.021884	0.063593	0.079336	0.075482	0.066368	0.059862	0.056661	0.058623	0.060742	0.066943	0.067096	0.06776	0.068574	0.070343	0.075453	0.083927	0.087059	0.094801	0.098586	0.10371	0.10771	0.11149	0.11206	0.1146	
0.054493	0.080538	0.070797	0.059511	0.052584	0.05096	0.053689	0.055716	0.060739	0.060142	0.060249	0.061161	0.063229	0.069097	0.078605	0.082543	0.091138	0.095264	0.10078	0.10479	0.10837	0.10875	0.11105	0.11288	
0.046412	0.044343	0.040061	0.037402	0.040275	0.044982	0.046937	0.05183	0.051409	0.051887	0.053273	0.055709	0.062837	0.074112	0.07875	0.088273	0.092429	0.097982	0.10178	0.10493	0.10502	0.10696	0.10849	0.11132	
0.017386	0.022471	0.029446	0.03671	0.04369	0.04717	0.052778	0.051588	0.051987	0.053126	0.055476	0.062925	0.074567	0.079237	0.089179	0.093052	0.09786	0.10109	0.10342	0.10321	0.10457	0.10576	0.10808	0.10876	
0.013299	0.02512	0.030879	0.041493	0.046054	0.052418	0.051482	0.052017	0.053378	0.055981	0.064268	0.077465	0.082544	0.093073	0.096807	0.10098	0.10358	0.10514	0.10458	0.1054	0.10615	0.10795	0.10816	0.10724	
0.014856	0.029313	0.039796	0.042862	0.049908	0.051467	0.05294	0.054359	0.057238	0.066298	0.081259	0.086634	0.097535	0.10065	0.10349	0.105	0.1054	0.10444	0.10456	0.10473	0.10583	0.10546	0.10424	0.10302	
0.021113	0.034895	0.03614	0.045673	0.050838	0.05312	0.05468	0.058194	0.069088	0.085929	0.090833	0.098982	0.10095	0.10134	0.10116	0.10032	0.099523	0.099078	0.098785	0.0992	0.098287	0.096971	0.095398	0.095255	
0.022546	0.026893	0.043407	0.053487	0.056571	0.057772	0.061895	0.074438	0.091958	0.094573	0.096228	0.097368	0.09516	0.093201	0.092173	0.092508	0.091856	0.091412	0.091473	0.090305	0.08916	0.087465	0.0874	0.089674	
0.019699	0.024355	0.058627	0.056425	0.058961	0.065408	0.077921	0.084629	0.084703	0.080482	0.082712	0.080577	0.077829	0.079004	0.081472	0.081769	0.081875	0.082296	0.081224	0.080345	0.078679	0.078905	0.081767	0.087063	
0.011338	0.05306	0.050018	0.051512	0.054495	0.063408	0.065309	0.069388	0.065052	0.069452	0.068505	0.066282	0.068601	0.072303	0.073473	0.074263	0.075234	0.074419	0.073627	0.072079	0.072544	0.075862	0.081672	0.085655	
0.012512	0.026951	0.02906	0.030041	0.041166	0.042422	0.054668	0.053265	0.059563	0.06008	0.058542	0.062053	0.066646	0.068458	0.069708	0.070883	0.070226	0.069429	0.06803	0.068681	0.07212	0.078307	0.082308	0.086155	
0.023336	0.033641	0.033198	0.044197	0.045365	0.058607	0.056285	0.063642	0.063619	0.061806	0.065084	0.069459	0.07067	0.071569	0.072572	0.071677	0.070746	0.069015	0.069534	0.07282	0.078859	0.082587	0.086021	0.089307	
0.028962	0.027109	0.04085	0.037955	0.05965	0.056595	0.065402	0.065347	0.063584	0.06668	0.070691	0.07096	0.071532	0.072546	0.071677	0.070464	0.06876	0.069276	0.072356	0.078171	0.081416	0.084102	0.086644	0.086824	
0.016125	0.043103	0.042349	0.066251	0.061196	0.069868	0.068718	0.065956	0.067731	0.071174	0.070667	0.070394	0.071229	0.070105	0.06899	0.067161	0.067623	0.070716	0.076542	0.079526	0.081722	0.083781	0.083231	0.085306	
0.034778	0.036831	0.073808	0.064887	0.076458	0.073902	0.070531	0.07098	0.073731	0.072258	0.07144	0.072147	0.070846	0.069315	0.067424	0.067824	0.070661	0.076239	0.078708	0.080238	0.081702	0.080608	0.082435	0.083847	
0.019939	0.084831	0.07022	0.087209	0.081263	0.076163	0.0748	0.076135	0.073229	0.0718	0.071987	0.070366	0.068772	0.066694	0.066841	0.069579	0.075024	0.077131	0.07818	0.079241	0.077744	0.079412	0.08082	0.081155	
0.086741	0.082884	0.084817	0.080088	0.071833	0.070965	0.07165	0.06808	0.065982	0.065695	0.064427	0.064466	0.061904	0.06213	0.065015	0.070831	0.07318	0.074247	0.07539	0.073828	0.075559	0.077097	0.077625	0.0797	
0.050378	0.053002	0.058842	0.056979	0.054656	0.055135	0.051586	0.050269	0.051884	0.051867	0.053149	0.051183	0.052135	0.055408	0.061834	0.064255	0.065178	0.066377	0.064703	0.066617	0.068427	0.069516	0.072222	0.077468	
0.062703	0.063942	0.0584	0.057476	0.058645	0.055	0.053728	0.055691	0.05486	0.054963	0.052791	0.053346	0.056387	0.062659	0.064671	0.065138	0.065995	0.063946	0.065631	0.067374	0.068494	0.071292	0.076868	0.076438	
0.043918	0.044014	0.038862	0.043516	0.039952	0.039027	0.041799	0.042067	0.042868	0.042378	0.043929	0.04783	0.05507	0.05687	0.056768	0.057408	0.055143	0.057193	0.059353	0.060955	0.064372	0.071089	0.071433	0.073918	
0.022282	0.022565	0.03692	0.034647	0.0366	0.041094	0.040221	0.039727	0.040421	0.04236	0.046454	0.054085	0.054881	0.054229	0.05457	0.052154	0.054447	0.056882	0.058638	0.062127	0.069142	0.069625	0.072184	0.073529	
0.013998	0.038128	0.035649	0.035318	0.039004	0.037879	0.038024	0.038424	0.040426	0.044817	0.052787	0.053072	0.051879	0.052148	0.049922	0.052495	0.055106	0.05703	0.060656	0.067984	0.068504	0.071101	0.072409	0.073688	
0.027213	0.027635	0.029783	0.034517	0.035692	0.037948	0.037037	0.038501	0.043478	0.051865	0.05177	0.050256	0.05057	0.048471	0.051145	0.053933	0.05602	0.059753	0.0673	0.067814	0.0704	0.071667	0.072964	0.072999	
0.020934	0.029972	0.035707	0.036476	0.038943	0.037632	0.038251	0.043211	0.051665	0.051185	0.04874	0.049201	0.047407	0.050249	0.053213	0.055487	0.059271	0.067047	0.06729	0.069511	0.070565	0.071753	0.071871	0.074077	
0.010851	0.026781	0.026697	0.031705	0.032128	0.033414	0.038464	0.047312	0.046114	0.043518	0.044218	0.04287	0.04603	0.049274	0.051889	0.055984	0.064011	0.063827	0.065676	0.066589	0.067767	0.068049	0.07031	0.072746	
0.024826	0.023606	0.031916	0.034682	0.035412	0.039798	0.04818	0.045769	0.043082	0.043693	0.04266	0.045817	0.049165	0.052005	0.056042	0.063909	0.063105	0.064291	0.064968	0.066098	0.066499	0.068855	0.07141	0.074541	
0.013882	0.033972	0.037409	0.036807	0.041485	0.048874	0.045945	0.043153	0.04344	0.042351	0.045479	0.048942	0.051786	0.055352	0.062803	0.061338	0.06211	0.062596	0.063661	0.06422	0.066702	0.069385	0.072583	0.076024	
0.021387	0.035517	0.037635	0.045129	0.050375	0.048472	0.046176	0.047057	0.045604	0.048595	0.051709	0.053921	0.056633	0.063365	0.06129	0.061426	0.061628	0.062627	0.063323	0.06576	0.068533	0.071761	0.075302	0.082234	
0.032457	0.043018	0.051492	0.049501	0.051754	0.049422	0.049407	0.047546	0.049827	0.052391	0.054313	0.056356	0.06247	0.060185	0.060036	0.060032	0.060944	0.061719	0.064234	0.067115	0.07044	0.074119	0.081277	0.085142	
0.023069	0.022324	0.03017	0.041996	0.041798	0.042244	0.041054	0.042912	0.045824	0.048437	0.05054	0.057538	0.055611	0.055461	0.055421	0.056396	0.057379	0.060309	0.063621	0.067131	0.071064	0.078571	0.082426	0.085987	
0.0098801	0.025923	0.03616	0.033002	0.03256	0.031898	0.035134	0.039054	0.042731	0.045274	0.052881	0.051533	0.05128	0.051086	0.052192	0.053383	0.056504	0.06003	0.063706	0.067771	0.075615	0.079531	0.083112	0.087445	
0.023059	0.031325	0.02546	0.025365	0.026214	0.02977	0.034199	0.039117	0.041843	0.049964	0.04902	0.048605	0.048388	0.049564	0.050958	0.054427	0.058193	0.061972	0.06591	0.074053	0.077984	0.081324	0.085757	0.093398	
0.0060999	0.017549	0.019055	0.022614	0.023231	0.032018	0.040405	0.043199	0.051727	0.050707	0.049903	0.049462	0.050463	0.051822	0.055078	0.058683	0.06231	0.066094	0.074303	0.078148	0.081488	0.085991	0.093726	0.10056	
0.0050512	0.01581	0.020133	0.024726	0.031416	0.038205	0.040408	0.04945	0.048067	0.047634	0.047227	0.048551	0.049852	0.053214	0.057034	0.060938	0.065027	0.073716	0.078019	0.081751	0.086457	0.094514	0.10153	0.10998	
0.015701	0.020795	0.023279	0.033075	0.039415	0.040773	0.04998	0.048376	0.047902	0.047078	0.048453	0.049644	0.052972	0.056861	0.060787	0.064786	0.073883	0.078426	0.082398	0.087293	0.095551	0.1026	0.11108	0.11756	
0.018802	0.020852	0.032958	0.038377	0.0387	0.047887	0.046054	0.045422	0.044434	0.046136	0.047446	0.050911	0.055037	0.059102	0.063298	0.072818	0.077645	0.081911	0.086966	0.095454	0.10257	0.11112	0.11762	0.12454	
0.012884	0.032348	0.039752	0.037786	0.045456	0.043672	0.042926	0.042087	0.044326	0.046023	0.049899	0.054485	0.058631	0.062952	0.072808	0.077819	0.08231	0.087512	0.096165	0.10331	0.11187	0.11834	0.12525	0.13047	
0.011656	0.020735	0.028672	0.042973	0.041797	0.041281	0.040067	0.042094	0.04349	0.047341	0.051611	0.055694	0.060106	0.070434	0.075728	0.08066	0.086119	0.095046	0.10227	0.11094	0.11751	0.12459	0.13	0.13444	
0.014593	0.022137	0.031351	0.035766	0.036512	0.036326	0.039254	0.041247	0.045667	0.05073	0.055031	0.059499	0.070381	0.076023	0.08126	0.086827	0.095826	0.10298	0.11174	0.11821	0.12525	0.1307	0.13503	0.13823	
0.011139	0.015474	0.036803	0.039359	0.038119	0.039992	0.042446	0.046631	0.051987	0.056004	0.060362	0.071483	0.077126	0.082192	0.08747	0.096287	0.10309	0.11167	0.11786	0.12463	0.13006	0.13399	0.13685	0.14124	
0.0094277	0.042154	0.041766	0.037661	0.038864	0.042373	0.046717	0.052405	0.056267	0.060512	0.071844	0.076869	0.080984	0.085588	0.094035	0.1003	0.10846	0.11427	0.12078	0.12602	0.12941	0.1323	0.13679	0.13993	
0.048581	0.042296	0.03605	0.03828	0.045211	0.048952	0.055283	0.058762	0.062679	0.074009	0.077863	0.080657	0.084483	0.092153	0.097664	0.10523	0.11057	0.11667	0.12166	0.125	0.12845	0.13256	0.13539	0.14019	
0.032985	0.031059	0.035837	0.042197	0.046169	0.052065	0.0554	0.058626	0.070394	0.072879	0.074909	0.078684	0.086286	0.091549	0.099134	0.1046	0.11107	0.11657	0.12001	0.12286	0.12605	0.12875	0.13378	0.14101	
0.010822	0.023997	0.031717	0.037906	0.045186	0.04896	0.052127	0.065263	0.06617	0.067454	0.071216	0.078949	0.083973	0.092427	0.098489	0.10558	0.11115	0.11382	0.1158	0.11855	0.12144	0.12666	0.13393	0.1423	
0.019901	0.030326	0.03583	0.041595	0.044581	0.047551	0.061976	0.061805	0.062655	0.066421	0.074471	0.079732	0.089251	0.095448	0.10228	0.10748	0.10922	0.1105	0.11305	0.11623	0.12212	0.12937	0.1379	0.14569	
0.021077	0.029419	0.034573	0.038206	0.041892	0.057851	0.057074	0.057568	0.061566	0.070262	0.0761	0.086733	0.092657	0.099189	0.10408	0.10542	0.10643	0.10897	0.1122	0.11797	0.12504	0.13349	0.14152	0.14762	
0.017992	0.027369	0.033122	0.037641	0.055145	0.053512	0.05344	0.057264	0.066578	0.073089	0.084316	0.089805	0.095773	0.10013	0.10099	0.10176	0.10429	0.10754	0.11324	0.12026	0.12892	0.13717	0.14339	0.15041	
0.013229	0.031335	0.034167	0.052357	0.050241	0.049357	0.052845	0.06224	0.069359	0.080795	0.08606	0.091835	0.095722	0.096938	0.098119	0.10107	0.10413	0.10947	0.11643	0.12513	0.13337	0.13964	0.14695	0.15502	
0.027185	0.033598	0.053186	0.049225	0.045953	0.048981	0.059118	0.066883	0.077789	0.082108	0.087006	0.090222	0.090875	0.091833	0.094954	0.098261	0.10378	0.11101	0.12003	0.12853	0.13501	0.14278	0.15121	0.16057	
0.011701	0.05079	0.043055	0.037659	0.040636	0.054495	0.061856	0.072111	0.075587	0.080015	0.083138	0.083487	0.084362	0.087713	0.091316	0.097121	0.10469	0.11401	0.12281	0.1298	0.13805	0.14631	0.15647	0.16648	
0.047613	0.041598	0.033157	0.037518	0.051873	0.05795	0.067191	0.070401	0.075001	0.07787	0.07797	0.078758	0.082248	0.085977	0.091914	0.099725	0.10928	0.11863	0.12552	0.13408	0.14318	0.15341	0.16342	0.17033	
0.0269	0.027521	0.032386	0.048265	0.052919	0.063059	0.06617	0.070407	0.072701	0.072237	0.072966	0.076255	0.079927	0.086027	0.094152	0.10429	0.11427	0.12186	0.13073	0.14001	0.15022	0.16022	0.16703	0.17517	
0.011764	0.0295	0.052412	0.057301	0.067661	0.07046	0.07373	0.074891	0.073886	0.074216	0.07738	0.080297	0.08599	0.094024	0.1043	0.1144	0.12192	0.13078	0.13991	0.14985	0.15969	0.16571	0.17351	0.17693	
0.023154	0.048837	0.050602	0.061726	0.064486	0.066644	0.06712	0.066042	0.066635	0.070164	0.073446	0.079085	0.088224	0.099443	0.10999	0.11769	0.1267	0.13583	0.14568	0.15542	0.16165	0.16926	0.17245	0.17438	
0.043044	0.039255	0.050795	0.053388	0.055208	0.055765	0.054862	0.055864	0.060166	0.064337	0.071637	0.082295	0.094693	0.10572	0.11356	0.12259	0.13178	0.14166	0.15133	0.15735	0.16503	0.16797	0.16956	0.17087	
0.032294	0.041329	0.043422	0.0444	0.044743	0.042044	0.042744	0.046919	0.052917	0.0629	0.075509	0.089139	0.10044	0.10793	0.11693	0.12642	0.13615	0.14557	0.15155	0.15922	0.1618	0.16302	0.16401	0.16551	
0.034487	0.029995	0.030447	0.037148	0.033298	0.033182	0.038793	0.046963	0.058974	0.073236	0.087267	0.098229	0.10535	0.1145	0.12406	0.13316	0.14246	0.1482	0.15552	0.15761	0.15836	0.15892	0.16005	0.16159	
0.014194	0.018597	0.031572	0.026483	0.027691	0.036084	0.044607	0.056694	0.071813	0.085092	0.095545	0.10236	0.11199	0.12127	0.12982	0.13901	0.14406	0.15089	0.15244	0.15263	0.15284	0.15364	0.15492	0.15472	
0.016625	0.020813	0.023321	0.026708	0.038409	0.047473	0.059622	0.074122	0.086223	0.095837	0.10231	0.1121	0.12088	0.12898	0.13746	0.14181	0.148	0.1489	0.14848	0.14826	0.14869	0.14975	0.14934	0.14765	
0.010045	0.016565	0.024184	0.038725	0.046842	0.059028	0.071926	0.082396	0.09083	0.097583	0.10755	0.11612	0.12397	0.13175	0.13546	0.14114	0.14148	0.14057	0.14009	0.1404	0.14138	0.14085	0.13913	0.13829	
0.018385	0.027988	0.042523	0.048919	0.059395	0.069998	0.078311	0.086109	0.093479	0.10366	0.11188	0.1191	0.12615	0.12928	0.13449	0.1343	0.13296	0.13235	0.13253	0.1334	0.13276	0.13097	0.13	0.12841	
0.014716	0.033139	0.04303	0.051116	0.059235	0.065154	0.074265	0.083679	0.09482	0.10246	0.10897	0.1158	0.1189	0.12401	0.12342	0.1219	0.12142	0.1217	0.12257	0.12181	0.11997	0.11893	0.11707	0.11648	
0.029154	0.033805	0.036862	0.042136	0.049192	0.06431	0.074948	0.085828	0.092304	0.098743	0.10612	0.10918	0.11452	0.11363	0.11188	0.11132	0.11153	0.11234	0.11149	0.10962	0.10852	0.10653	0.10577	0.10331	
0.0059937	0.014113	0.022496	0.033293	0.053406	0.065539	0.076385	0.081835	0.088871	0.09656	0.10004	0.10568	0.10429	0.10213	0.1015	0.10157	0.10228	0.10134	0.099383	0.098243	0.096174	0.095233	0.092731	0.091212	
0.013285	0.021164	0.032803	0.053998	0.063216	0.070158	0.073526	0.081111	0.090238	0.093804	0.099848	0.097843	0.094965	0.09381	0.093525	0.09401	0.092979	0.090863	0.089555	0.087612	0.086532	0.084403	0.083213	0.083055	
0.012761	0.032171	0.051237	0.051342	0.053444	0.056894	0.066533	0.079891	0.083965	0.090649	0.088525	0.085115	0.083807	0.083488	0.083906	0.083009	0.080748	0.079368	0.077727	0.07666	0.075263	0.07456	0.074835	0.073859	
0.033278	0.039034	0.03486	0.037908	0.04565	0.05923	0.071993	0.07557	0.081734	0.078729	0.074598	0.073742	0.073495	0.074055	0.073345	0.071051	0.069708	0.068342	0.067392	0.066373	0.066081	0.06683	0.066183	0.065806	
0.010509	0.0095171	0.020298	0.033467	0.05262	0.064705	0.06777	0.072497	0.068116	0.063752	0.064021	0.064129	0.065042	0.064806	0.062698	0.061403	0.060188	0.059189	0.058482	0.058542	0.059685	0.059469	0.059431	0.059931	
0.0046118	0.021019	0.035704	0.050944	0.058117	0.062148	0.064946	0.059232	0.05568	0.057104	0.057946	0.059417	0.059436	0.057207	0.055717	0.054539	0.053466	0.053081	0.053486	0.054968	0.054989	0.055163	0.055863	0.056379	
0.017548	0.036446	0.047436	0.050971	0.056968	0.058556	0.053448	0.050619	0.052321	0.053595	0.055243	0.055586	0.053393	0.051815	0.051166	0.050164	0.05004	0.050658	0.052423	0.052404	0.05259	0.05331	0.053868	0.054594	
0.0094783	0.036332	0.039396	0.045931	0.048377	0.045671	0.043548	0.045191	0.046249	0.047837	0.049588	0.048092	0.047103	0.047597	0.046977	0.047489	0.048365	0.050447	0.050194	0.050277	0.050863	0.051411	0.052231	0.05361	
0.036756	0.035619	0.037646	0.041633	0.039537	0.036909	0.037173	0.037626	0.038931	0.043785	0.043641	0.044211	0.046308	0.04626	0.047594	0.048705	0.051057	0.050505	0.050346	0.050789	0.051176	0.052003	0.0535	0.055266	
0.020763	0.018278	0.028479	0.028935	0.027989	0.029607	0.030442	0.031928	0.038305	0.039897	0.042474	0.046529	0.046886	0.048918	0.050162	0.052485	0.051669	0.051303	0.051581	0.051831	0.052593	0.054103	0.055895	0.056868	
0.01815	0.028753	0.030976	0.030933	0.031974	0.031842	0.032766	0.039302	0.04043	0.041873	0.04468	0.044463	0.046876	0.048202	0.050622	0.04982	0.049466	0.049779	0.050115	0.051003	0.052648	0.054604	0.05564	0.058401	
0.034257	0.034141	0.030768	0.031368	0.032089	0.033602	0.039615	0.039783	0.040083	0.041903	0.041831	0.044871	0.046361	0.048976	0.048117	0.047742	0.048056	0.048444	0.049494	0.051338	0.05352	0.054648	0.057553	0.06238	
0.039148	0.036664	0.034136	0.035362	0.035497	0.040699	0.038626	0.036018	0.036636	0.036511	0.039623	0.041407	0.044366	0.043857	0.043786	0.044351	0.045021	0.04631	0.048392	0.050794	0.052012	0.055115	0.060205	0.06791	
0.0058815	0.018762	0.028033	0.032751	0.037259	0.033265	0.030661	0.032163	0.03247	0.036072	0.038009	0.041195	0.040811	0.040894	0.041633	0.042531	0.044125	0.046496	0.049187	0.050553	0.053898	0.059297	0.067382	0.076723	
0.012119	0.030159	0.032288	0.032872	0.029726	0.026788	0.029434	0.029775	0.03446	0.036494	0.039912	0.039282	0.039227	0.039881	0.040939	0.042876	0.045506	0.048453	0.04993	0.053445	0.059094	0.067437	0.077176	0.087607	
0.017848	0.02601	0.02168	0.022467	0.02057	0.024282	0.02522	0.031773	0.034221	0.037994	0.037328	0.037054	0.037768	0.03926	0.041578	0.044426	0.047625	0.049235	0.052926	0.058787	0.067487	0.077838	0.088507	0.099711	
0.011249	0.015377	0.018515	0.018091	0.023275	0.024118	0.031508	0.034731	0.039074	0.038469	0.038278	0.03891	0.040423	0.042788	0.045569	0.048679	0.050134	0.053833	0.059651	0.068641	0.079322	0.090192	0.10149	0.11158	
0.015163	0.022018	0.021642	0.026155	0.026007	0.032715	0.036061	0.040456	0.040231	0.040136	0.040928	0.042509	0.044885	0.047338	0.050267	0.051495	0.055171	0.061211	0.070707	0.081729	0.092655	0.10386	0.11363	0.12327	
0.010501	0.015994	0.022738	0.024069	0.030249	0.034052	0.03889	0.039712	0.04001	0.040914	0.042856	0.045638	0.048343	0.051439	0.052611	0.056418	0.062762	0.072736	0.08403	0.094959	0.10585	0.11511	0.12386	0.12924	
0.010333	0.020858	0.023254	0.030332	0.033888	0.039057	0.04054	0.040945	0.042048	0.044242	0.047178	0.049817	0.052757	0.053817	0.057625	0.06416	0.07446	0.08572	0.096371	0.10672	0.11535	0.12321	0.12755	0.131	
0.024057	0.025597	0.032365	0.03575	0.041217	0.042782	0.042337	0.042491	0.044616	0.047782	0.050908	0.054161	0.055193	0.059053	0.065574	0.075696	0.086135	0.095902	0.10514	0.11277	0.11945	0.12265	0.12552	0.12726	
0.026957	0.033364	0.034905	0.039213	0.040009	0.039337	0.040004	0.04231	0.046379	0.050334	0.054277	0.055473	0.059383	0.06576	0.075383	0.084676	0.093439	0.10161	0.10839	0.1141	0.11663	0.11938	0.12098	0.12285	
0.028104	0.036429	0.041802	0.040069	0.03936	0.039107	0.041385	0.046684	0.05161	0.056128	0.057175	0.060807	0.066658	0.075424	0.083617	0.09139	0.098672	0.10477	0.1099	0.11226	0.11508	0.11663	0.11848	0.11846	
0.011165	0.023506	0.026441	0.029749	0.030974	0.034453	0.041563	0.048553	0.054801	0.056302	0.060098	0.065751	0.074442	0.081827	0.088807	0.095753	0.10179	0.10688	0.10941	0.11242	0.11402	0.11585	0.1158	0.11626	
0.014108	0.02337	0.0277	0.028413	0.032314	0.040918	0.049823	0.056601	0.057933	0.061259	0.066678	0.075081	0.081985	0.088595	0.095324	0.10119	0.10605	0.10842	0.11122	0.11254	0.11412	0.11383	0.11411	0.1148	
0.026612	0.031684	0.030246	0.036002	0.046409	0.054143	0.059612	0.060104	0.063122	0.068371	0.076257	0.082199	0.088194	0.094726	0.10045	0.10509	0.10728	0.10988	0.11092	0.11225	0.11177	0.11188	0.11245	0.11306	
0.010103	0.020373	0.029726	0.039589	0.046136	0.050393	0.051732	0.059863	0.07029	0.078533	0.083577	0.088685	0.09471	0.10022	0.10459	0.10649	0.10887	0.10964	0.11072	0.10997	0.10982	0.11021	0.11066	0.11187	
0.013014	0.027085	0.037907	0.046816	0.0517	0.054251	0.062222	0.069699	0.075924	0.080121	0.084834	0.090793	0.096229	0.10035	0.10197	0.10423	0.1048	0.1057	0.10473	0.10436	0.10473	0.10511	0.10625	0.1085	
0.020888	0.031315	0.044309	0.049251	0.055326	0.060126	0.062764	0.067977	0.071922	0.07644	0.082897	0.088681	0.09294	0.094604	0.096986	0.097381	0.098188	0.097031	0.096613	0.096994	0.097435	0.098724	0.1012	0.10315	
0.02402	0.045441	0.048616	0.048227	0.046899	0.050811	0.057969	0.06274	0.067923	0.075262	0.081524	0.086242	0.087777	0.089812	0.089948	0.090521	0.089168	0.088787	0.089244	0.089819	0.091254	0.093866	0.095889	0.098843	
0.02152	0.033066	0.029238	0.032108	0.039726	0.049978	0.056562	0.063185	0.071027	0.07776	0.082371	0.083414	0.084982	0.084738	0.085011	0.083451	0.083094	0.083488	0.084033	0.085482	0.088157	0.090194	0.093084	0.095753	
0.013432	0.013866	0.021002	0.033435	0.047366	0.056371	0.063645	0.071308	0.077385	0.081288	0.081442	0.082221	0.08147	0.081414	0.079549	0.078964	0.079159	0.079587	0.080949	0.083577	0.08554	0.088366	0.091026	0.092907	
0.014047	0.021274	0.033759	0.049015	0.056137	0.062357	0.069346	0.0741	0.077158	0.076966	0.077606	0.07664	0.076333	0.074071	0.0733	0.073363	0.073727	0.075	0.077647	0.079653	0.082506	0.085389	0.087466	0.090833	
0.025406	0.035581	0.049939	0.053157	0.058276	0.064242	0.068224	0.07087	0.071056	0.072033	0.070751	0.070119	0.067588	0.06662	0.066771	0.067144	0.068404	0.071236	0.073456	0.076656	0.079893	0.082219	0.086009	0.090433	
0.025219	0.037315	0.040007	0.046653	0.052596	0.057572	0.06094	0.061837	0.062593	0.060616	0.059568	0.057096	0.056236	0.056614	0.057254	0.058723	0.062296	0.06512	0.068671	0.072301	0.075018	0.079848	0.085229	0.08742	
0.023183	0.024643	0.036812	0.043261	0.048568	0.052162	0.053319	0.053281	0.050897	0.049343	0.047229	0.046677	0.047436	0.048663	0.050809	0.055377	0.058739	0.062611	0.066634	0.069889	0.075598	0.081092	0.082591	0.082828	
0.0050373	0.027462	0.03612	0.041142	0.0451	0.045495	0.043782	0.041488	0.039583	0.03821	0.038144	0.03973	0.041561	0.04457	0.050131	0.053947	0.058392	0.063104	0.066713	0.07283	0.077779	0.078392	0.078009	0.078372	
0.011919	0.028212	0.034776	0.038449	0.038194	0.035095	0.034387	0.032595	0.032419	0.032771	0.035026	0.037402	0.041041	0.047477	0.051678	0.056863	0.062107	0.065527	0.071481	0.075767	0.075697	0.074822	0.075039	0.075919	
0.021644	0.028147	0.03031	0.028848	0.026223	0.027531	0.026319	0.027215	0.028312	0.03114	0.03386	0.037845	0.045038	0.049605	0.055808	0.061336	0.064634	0.070342	0.074146	0.07363	0.072436	0.072561	0.073458	0.074245	
0.014657	0.016067	0.020707	0.019537	0.022578	0.021188	0.023423	0.02443	0.028327	0.031412	0.035921	0.043308	0.047677	0.054803	0.060716	0.064067	0.069689	0.073206	0.072293	0.070782	0.070787	0.071687	0.072417	0.071743	
0.005075	0.019943	0.018441	0.022581	0.020589	0.023445	0.024704	0.029272	0.032827	0.037214	0.043997	0.048336	0.056599	0.062681	0.065765	0.070971	0.073901	0.072494	0.070597	0.070443	0.071289	0.071909	0.07112	0.069527	
0.018769	0.017673	0.024987	0.022392	0.024354	0.025767	0.030922	0.034785	0.038838	0.044963	0.050283	0.060035	0.065877	0.068507	0.073251	0.075526	0.073255	0.070892	0.07062	0.07144	0.071961	0.07106	0.069267	0.069741	
0.0095983	0.01998	0.020016	0.021755	0.024314	0.030206	0.034488	0.038502	0.044444	0.051218	0.063632	0.069652	0.071894	0.076064	0.077729	0.07484	0.072065	0.071588	0.072288	0.072627	0.071573	0.069592	0.069921	0.070142	
0.011684	0.016471	0.02211	0.026344	0.033428	0.036526	0.039404	0.044703	0.052149	0.065687	0.071428	0.073131	0.07667	0.077672	0.074429	0.071267	0.070658	0.071342	0.071576	0.070435	0.068311	0.068549	0.068658	0.070481	
0.0092288	0.017834	0.02364	0.032537	0.038931	0.042643	0.048403	0.055282	0.068761	0.073757	0.074502	0.077312	0.077523	0.073715	0.070114	0.069463	0.070214	0.070369	0.069179	0.066885	0.067015	0.067009	0.068731	0.070081	
0.022427	0.02575	0.037179	0.042772	0.045866	0.051685	0.058772	0.070833	0.07458	0.074054	0.075256	0.073822	0.069594	0.065627	0.0651	0.066014	0.066218	0.065026	0.062754	0.063027	0.063141	0.065055	0.066553	0.068318	
0.024341	0.04373	0.044739	0.047294	0.054729	0.064118	0.073491	0.075447	0.073238	0.072228	0.06913	0.065286	0.061313	0.060933	0.062111	0.062296	0.061055	0.058894	0.059377	0.059636	0.061783	0.063419	0.065362	0.068851	
0.033098	0.045234	0.050158	0.057429	0.061484	0.064424	0.064741	0.061058	0.058289	0.055503	0.054944	0.052749	0.052788	0.054369	0.054757	0.053602	0.052031	0.052949	0.053561	0.056169	0.058096	0.06032	0.064178	0.066724	
0.014547	0.033706	0.048383	0.051066	0.051292	0.051712	0.048168	0.04543	0.045253	0.047317	0.046904	0.047077	0.04891	0.049513	0.048339	0.047268	0.04848	0.049278	0.052196	0.054278	0.056667	0.06078	0.063458	0.067204	
0.024229	0.040469	0.043521	0.042706	0.042009	0.039268	0.036798	0.038686	0.042111	0.042258	0.043335	0.045949	0.046821	0.045822	0.044855	0.046059	0.04673	0.049586	0.05165	0.054062	0.058301	0.06101	0.064636	0.070726	
0.025725	0.03183	0.031612	0.032428	0.032405	0.030713	0.033361	0.037298	0.037395	0.0398	0.04356	0.044985	0.044408	0.043241	0.044325	0.044743	0.047451	0.049463	0.051876	0.056099	0.058739	0.062124	0.068614	0.069452	
0.0045995	0.013124	0.023446	0.030053	0.03076	0.033169	0.035712	0.035089	0.038831	0.043961	0.046018	0.04575	0.044173	0.044954	0.044915	0.047142	0.048996	0.051249	0.055234	0.057729	0.060754	0.067642	0.068354	0.06999	
0.013581	0.027645	0.028581	0.025375	0.025314	0.027269	0.027266	0.033268	0.041018	0.04463	0.045168	0.043199	0.044014	0.043663	0.045951	0.047967	0.05029	0.0543	0.056735	0.0597	0.066977	0.067646	0.069158	0.072564	
0.010339	0.011684	0.019293	0.018057	0.020629	0.021819	0.03017	0.040396	0.045131	0.045759	0.043654	0.04454	0.044122	0.046779	0.049002	0.051189	0.054966	0.057237	0.059806	0.067435	0.067909	0.069305	0.07257	0.073669	
0.0081066	0.01804	0.018063	0.022447	0.023801	0.032882	0.043147	0.047262	0.047156	0.044837	0.046103	0.045783	0.047966	0.049512	0.051159	0.054287	0.056031	0.057698	0.066632	0.066992	0.068454	0.071477	0.072394	0.074729	
0.0084658	0.019383	0.025051	0.025691	0.035105	0.044901	0.048303	0.046895	0.04491	0.046637	0.046391	0.048091	0.048733	0.049743	0.05218	0.053405	0.054176	0.064882	0.065471	0.067254	0.070038	0.070947	0.073722	0.074752	
0.010667	0.016319	0.020945	0.03637	0.047609	0.049717	0.047312	0.045715	0.047237	0.04583	0.045607	0.044808	0.045478	0.047517	0.048259	0.048869	0.061377	0.062578	0.064946	0.067937	0.068957	0.072284	0.073759	0.075988	
0.019935	0.024	0.038013	0.047431	0.050136	0.044411	0.045266	0.047997	0.046203	0.045133	0.043631	0.043993	0.04578	0.046542	0.04715	0.06145	0.063201	0.066055	0.069184	0.07029	0.074145	0.07602	0.078596	0.080893	
0.0082409	0.034921	0.04563	0.045278	0.041037	0.041289	0.043305	0.041512	0.040478	0.038397	0.038984	0.041621	0.042656	0.043945	0.060367	0.063005	0.066262	0.069608	0.070626	0.075043	0.077352	0.080327	0.082826	0.088398	
0.033217	0.037542	0.034585	0.030283	0.034154	0.03718	0.037442	0.036627	0.034356	0.035075	0.038177	0.039573	0.041717	0.060739	0.064185	0.068026	0.071488	0.072548	0.077529	0.08028	0.083452	0.08586	0.091461	0.095948	
0.0088077	0.016023	0.016502	0.025365	0.031061	0.033319	0.033436	0.031437	0.032315	0.035902	0.037647	0.040645	0.062366	0.066372	0.070755	0.07478	0.075874	0.08102	0.08362	0.086509	0.088623	0.093954	0.098126	0.10446	
0.012253	0.01496	0.026933	0.03313	0.036925	0.0362	0.033585	0.034206	0.038025	0.03956	0.042335	0.064576	0.068097	0.072455	0.076764	0.077703	0.082587	0.084696	0.087043	0.088798	0.093842	0.097809	0.10399	0.10929	
0.0089801	0.026201	0.033367	0.035663	0.033993	0.03149	0.033081	0.037246	0.038966	0.041338	0.064791	0.067721	0.07205	0.076713	0.077463	0.08207	0.083613	0.085372	0.086817	0.091673	0.095508	0.10163	0.10677	0.11246	
0.030102	0.038513	0.036328	0.034032	0.03181	0.034176	0.039071	0.040632	0.041916	0.066436	0.068468	0.072585	0.077566	0.077995	0.082116	0.082962	0.083913	0.084976	0.089654	0.093362	0.099374	0.10429	0.10972	0.11496	
0.020351	0.022662	0.021466	0.023233	0.028738	0.035075	0.037195	0.038475	0.066868	0.067589	0.071605	0.076787	0.076728	0.080534	0.080931	0.081324	0.082097	0.086769	0.090426	0.096402	0.10112	0.10613	0.1113	0.11574	
0.0041823	0.017059	0.022157	0.026922	0.034885	0.037716	0.038887	0.069258	0.068095	0.072364	0.078762	0.078429	0.081743	0.081469	0.081166	0.081565	0.08607	0.089398	0.095065	0.099327	0.1037	0.10877	0.11299	0.12016	
0.0069977	0.020187	0.031143	0.040105	0.041504	0.041464	0.073631	0.070921	0.075556	0.082609	0.081432	0.084106	0.083344	0.082165	0.082073	0.086211	0.089138	0.094416	0.098237	0.10214	0.10712	0.11114	0.11841	0.12698	
0.015706	0.02493	0.038235	0.038966	0.038176	0.075739	0.071485	0.076538	0.08534	0.083679	0.085864	0.084397	0.082342	0.081702	0.085419	0.087868	0.092773	0.096185	0.099721	0.10477	0.10863	0.11614	0.12499	0.13536	
0.012789	0.039517	0.037326	0.036218	0.082805	0.076825	0.081719	0.090304	0.087175	0.088754	0.086561	0.083683	0.082422	0.085756	0.087876	0.092505	0.095652	0.098979	0.10413	0.10796	0.11563	0.12462	0.13509	0.14658	
0.015864	0.034793	0.032697	0.089329	0.079074	0.083063	0.09047	0.08606	0.087263	0.08421	0.080405	0.078702	0.082104	0.084356	0.089145	0.092287	0.095609	0.10105	0.10492	0.11283	0.12206	0.13278	0.14497	0.14915	
0.0078112	0.02568	0.099787	0.084673	0.087166	0.089308	0.081334	0.081657	0.079041	0.075025	0.073147	0.077298	0.080519	0.08605	0.08958	0.093218	0.099006	0.10294	0.11104	0.12034	0.13073	0.14278	0.1469	0.15423	
0.017053	0.12566	0.09926	0.094392	0.08764	0.076858	0.076925	0.074979	0.07124	0.06957	0.074683	0.079494	0.086449	0.090485	0.094175	0.099817	0.10359	0.11164	0.12084	0.13095	0.14297	0.14703	0.15483	0.15669	
0.096464	0.091696	0.089628	0.075673	0.065621	0.065399	0.063524	0.059207	0.058101	0.065407	0.07109	0.079783	0.084139	0.087828	0.093897	0.097738	0.10615	0.1158	0.12666	0.14034	0.1453	0.15366	0.15573	0.16656	
0.036098	0.069384	0.06004	0.056593	0.05261	0.048159	0.0443	0.044605	0.054847	0.061523	0.070579	0.074112	0.077378	0.084236	0.088032	0.097126	0.10766	0.12015	0.13663	0.14309	0.15241	0.15476	0.16635	0.1687	
0.037963	0.032507	0.031656	0.038913	0.039522	0.036469	0.038258	0.05002	0.057983	0.067516	0.070776	0.074178	0.081985	0.085851	0.095555	0.10636	0.11881	0.13601	0.14276	0.15323	0.15612	0.16894	0.17186	0.18204	
0.020737	0.02879	0.034736	0.030152	0.028651	0.032549	0.048549	0.0557	0.064286	0.066326	0.069089	0.07765	0.081647	0.091886	0.10303	0.11597	0.13445	0.14194	0.15366	0.15709	0.171	0.17405	0.18483	0.19019	
0.018014	0.031526	0.029449	0.027998	0.031843	0.049905	0.056613	0.064453	0.066	0.068881	0.077699	0.081675	0.091804	0.10254	0.11434	0.1318	0.13887	0.15214	0.15604	0.17141	0.17507	0.18676	0.19264	0.19766	
0.011124	0.028159	0.025672	0.029403	0.047074	0.050429	0.05558	0.056509	0.061138	0.072963	0.077942	0.089459	0.1008	0.11226	0.12924	0.13605	0.15108	0.15633	0.17322	0.17758	0.19018	0.19654	0.20192	0.20637	
0.011866	0.023974	0.033273	0.052076	0.049882	0.053915	0.055299	0.061491	0.074713	0.079519	0.090573	0.1008	0.11052	0.12655	0.13341	0.15038	0.15655	0.17494	0.17995	0.19341	0.20016	0.20574	0.2103	0.21337	
0.013841	0.02574	0.045522	0.040435	0.048016	0.052098	0.0601	0.073781	0.078332	0.088565	0.097	0.10376	0.1189	0.12626	0.14627	0.15405	0.17445	0.18065	0.19558	0.20316	0.20934	0.21434	0.2173	0.21644	
0.020112	0.051044	0.045428	0.052841	0.055293	0.06122	0.072689	0.075763	0.084337	0.089902	0.093563	0.10778	0.11615	0.13991	0.14977	0.17241	0.17981	0.19632	0.20481	0.21159	0.21701	0.22016	0.21918	0.24517	
0.044108	0.043311	0.051474	0.050579	0.055324	0.066235	0.068451	0.076041	0.078705	0.079812	0.095727	0.10668	0.13445	0.14682	0.17268	0.18088	0.19884	0.20796	0.21517	0.22087	0.22402	0.22278	0.24918	0.26005	
0.03372	0.048071	0.044489	0.048653	0.058313	0.0597	0.06451	0.062695	0.063096	0.083245	0.097563	0.13039	0.14563	0.17471	0.1836	0.20264	0.21204	0.21939	0.22513	0.22808	0.22641	0.25303	0.26373	0.27281	
0.040789	0.040406	0.042235	0.046728	0.048441	0.051187	0.047039	0.051383	0.076591	0.095105	0.13434	0.15251	0.18499	0.19366	0.21251	0.22097	0.22739	0.23228	0.23429	0.23166	0.25802	0.26784	0.27707	0.29708	
0.013871	0.02833	0.034067	0.037903	0.037975	0.0352	0.04274	0.073138	0.095372	0.1391	0.1585	0.19211	0.19969	0.21789	0.2252	0.23066	0.23477	0.23592	0.2324	0.25927	0.26816	0.27824	0.29907	0.304	
0.019604	0.026026	0.034029	0.032848	0.032688	0.041929	0.076599	0.10084	0.14682	0.16592	0.19875	0.20494	0.2219	0.22793	0.23208	0.23511	0.2352	0.23066	0.25797	0.26613	0.27684	0.29872	0.30372	0.30167	
0.017118	0.031226	0.031405	0.031082	0.040218	0.078869	0.10448	0.15336	0.17091	0.20291	0.20759	0.22299	0.22763	0.23041	0.23235	0.23136	0.22579	0.25406	0.26162	0.27298	0.29609	0.30113	0.29913	0.29988	
0.025552	0.027119	0.025775	0.037462	0.081317	0.10658	0.1583	0.17368	0.20367	0.20735	0.22122	0.22454	0.22582	0.22657	0.22457	0.21802	0.24815	0.25563	0.26766	0.29125	0.29673	0.29501	0.29608	0.31012	
0.017572	0.020412	0.035808	0.088502	0.11427	0.16667	0.17922	0.20679	0.20954	0.22091	0.22277	0.22227	0.22155	0.21837	0.21069	0.24285	0.25029	0.26138	0.28703	0.29294	0.29132	0.29277	0.30808	0.30937	
0.0079036	0.034503	0.094953	0.11802	0.1672	0.17632	0.20178	0.20434	0.21343	0.21348	0.21106	0.209	0.20494	0.19643	0.23137	0.23854	0.25061	0.27849	0.28509	0.28392	0.28579	0.30255	0.3041	0.30659	
0.035545	0.10017	0.11191	0.15979	0.16804	0.19343	0.19519	0.20201	0.20047	0.19601	0.19247	0.18768	0.17857	0.21713	0.22479	0.23785	0.26838	0.27561	0.27521	0.27752	0.29559	0.29759	0.30049	0.33287	
0.088922	0.081081	0.14501	0.15153	0.17716	0.17834	0.18276	0.17941	0.17355	0.16987	0.16483	0.15597	0.19984	0.20841	0.22309	0.25617	0.26418	0.26341	0.26589	0.28545	0.28667	0.28986	0.32435	0.32704	
0.012925	0.12261	0.13331	0.15383	0.15974	0.16147	0.15685	0.15025	0.14736	0.1428	0.1359	0.18733	0.19673	0.2126	0.24709	0.25429	0.25501	0.2569	0.27798	0.27817	0.2813	0.31796	0.32128	0.32226	
0.12254	0.12469	0.14716	0.1546	0.15218	0.14665	0.13784	0.13385	0.12916	0.12295	0.18132	0.18987	0.20838	0.24308	0.2508	0.25225	0.2544	0.27672	0.27745	0.2807	0.32009	0.32114	0.3222	0.33053	
0.074585	0.11378	0.13927	0.13707	0.13303	0.12191	0.11403	0.10687	0.10333	0.17264	0.18028	0.20229	0.23896	0.24803	0.25092	0.25343	0.27792	0.2793	0.2832	0.32482	0.32581	0.32589	0.3344	0.33237	
0.14996	0.15828	0.16049	0.1479	0.13006	0.11857	0.10785	0.10449	0.18105	0.18735	0.21316	0.24954	0.25859	0.26011	0.26105	0.28534	0.28568	0.28902	0.33175	0.33169	0.33086	0.33878	0.33586	0.33409	
0.0773	0.090125	0.097885	0.11515	0.11113	0.098779	0.099059	0.1841	0.19204	0.21884	0.2577	0.26779	0.26959	0.27068	0.29651	0.29648	0.29966	0.34417	0.34288	0.34131	0.34857	0.34458	0.34245	0.35212	
0.08845	0.10534	0.10099	0.087605	0.075312	0.081883	0.18235	0.19274	0.22691	0.26412	0.27479	0.27461	0.27549	0.30192	0.30122	0.30389	0.35149	0.34893	0.3462	0.34941	0.3425	0.34053	0.34965	0.35336	
0.1144	0.090751	0.077944	0.068776	0.072003	0.17474	0.19259	0.23044	0.27257	0.28242	0.28317	0.28312	0.31239	0.3089	0.31022	0.3621	0.35905	0.3563	0.35953	0.35239	0.34777	0.35563	0.35818	0.41182	
0.02686	0.037966	0.034967	0.049226	0.1717	0.19789	0.24847	0.2903	0.3016	0.30185	0.30205	0.33132	0.32499	0.32571	0.38031	0.37573	0.36995	0.36781	0.35982	0.35572	0.35745	0.36144	0.41475	0.41057	
0.02935	0.034091	0.049354	0.17177	0.209	0.26686	0.3135	0.32121	0.32179	0.32008	0.35128	0.34344	0.34207	0.39907	0.39207	0.38308	0.37925	0.36767	0.36347	0.36468	0.36837	0.42317	0.41853	0.43566	
0.025978	0.0513	0.18473	0.22671	0.29233	0.34105	0.34679	0.33997	0.3341	0.3632	0.35168	0.34758	0.40367	0.39409	0.38314	0.37741	0.36405	0.36024	0.36585	0.37063	0.42739	0.4226	0.43919	0.42315	
0.042363	0.18707	0.25295	0.32108	0.37788	0.3768	0.36705	0.3561	0.38523	0.37019	0.36371	0.42063	0.40818	0.39356	0.38219	0.36702	0.36378	0.36901	0.37472	0.43214	0.42724	0.4435	0.42741	0.44104	
0.20612	0.28888	0.35278	0.42147	0.41301	0.40034	0.38172	0.4107	0.39095	0.38135	0.43775	0.41916	0.40212	0.38935	0.37184	0.37056	0.37437	0.38101	0.43814	0.433	0.44841	0.43215	0.44507	0.43709	
0.22335	0.36206	0.47547	0.44976	0.43779	0.4147	0.44819	0.42512	0.41163	0.47096	0.44756	0.42711	0.41495	0.39381	0.39026	0.38996	0.39807	0.45097	0.44579	0.4583	0.44245	0.45375	0.44553	0.45057	
0.35135	0.49474	0.46846	0.43575	0.40279	0.43811	0.41116	0.39389	0.45149	0.42464	0.40525	0.39555	0.37208	0.37252	0.37587	0.38653	0.42874	0.42437	0.43469	0.42098	0.42986	0.42361	0.42655	0.41706	
0.40509	0.38122	0.39974	0.35331	0.40764	0.39225	0.37719	0.44565	0.41372	0.39831	0.39489	0.36969	0.37335	0.38514	0.39499	0.4247	0.42391	0.43026	0.41984	0.42545	0.42229	0.42302	0.41362	0.4061	
0.25356	0.28419	0.25909	0.32506	0.29893	0.28103	0.35714	0.32699	0.31993	0.33202	0.3143	0.33102	0.34768	0.36273	0.40352	0.4051	0.41083	0.40293	0.40912	0.40605	0.40449	0.39405	0.38612	0.37262	
0.11151	0.20013	0.33673	0.31346	0.29392	0.38571	0.34857	0.33931	0.34612	0.3275	0.34637	0.36424	0.37796	0.4071	0.40546	0.40732	0.39811	0.40288	0.39905	0.39509	0.38327	0.37529	0.36043	0.35673	
0.099674	0.31811	0.26958	0.25018	0.35118	0.31126	0.30749	0.31839	0.30255	0.32113	0.33894	0.35517	0.39508	0.39361	0.39348	0.38339	0.38904	0.38452	0.3818	0.37059	0.36278	0.34842	0.34527	0.33776	
0.31676	0.26887	0.23981	0.33126	0.3028	0.30991	0.3267	0.31298	0.33751	0.35622	0.37293	0.40637	0.40308	0.40258	0.39162	0.39555	0.39031	0.38735	0.37184	0.36383	0.34939	0.34647	0.33896	0.32719	
0.20573	0.18271	0.29029	0.28188	0.30666	0.32737	0.31322	0.33596	0.34871	0.36841	0.414	0.40857	0.40565	0.39292	0.39575	0.3887	0.38427	0.36765	0.35877	0.34414	0.3414	0.33394	0.32208	0.3173	
0.094366	0.29976	0.30911	0.32136	0.34027	0.32136	0.33938	0.35273	0.36853	0.41642	0.40614	0.40198	0.38688	0.39038	0.38152	0.37827	0.36314	0.3561	0.34074	0.3389	0.32918	0.31621	0.31222	0.3094	
0.3014	0.35124	0.37023	0.37821	0.35256	0.36535	0.36889	0.38542	0.43967	0.42538	0.41687	0.39827	0.40106	0.3893	0.38573	0.36884	0.36093	0.34461	0.34254	0.33269	0.31946	0.31534	0.31246	0.31261	
0.35029	0.37322	0.3465	0.3358	0.35052	0.35274	0.37405	0.43974	0.41914	0.41285	0.39032	0.39461	0.38063	0.37347	0.35569	0.34814	0.33122	0.32939	0.32277	0.30996	0.30626	0.30381	0.30482	0.30482	
0.082379	0.16628	0.18958	0.22762	0.25685	0.29166	0.37918	0.3577	0.35784	0.33587	0.34524	0.33206	0.33367	0.32014	0.31645	0.30155	0.30336	0.29552	0.28552	0.28444	0.2841	0.286	0.28693	0.2852	
0.096096	0.19524	0.25007	0.26923	0.28757	0.37272	0.34342	0.34688	0.32144	0.33472	0.32034	0.32514	0.31315	0.31108	0.29748	0.30124	0.29482	0.28559	0.28537	0.28584	0.28856	0.29021	0.2888	0.29341	
0.25571	0.28879	0.31499	0.30622	0.4067	0.36498	0.36997	0.33979	0.35275	0.33352	0.33754	0.32462	0.32213	0.30733	0.31106	0.3045	0.2944	0.29396	0.29381	0.29625	0.29787	0.29601	0.30063	0.30054	
0.24628	0.32772	0.3158	0.45296	0.40098	0.40136	0.37119	0.38237	0.35873	0.35935	0.34594	0.34106	0.32489	0.32735	0.3187	0.30737	0.30599	0.30442	0.30672	0.3079	0.30457	0.3087	0.30681	0.30991	
0.16054	0.1922	0.4292	0.36907	0.38424	0.35807	0.36818	0.3454	0.34613	0.33852	0.33573	0.32314	0.32714	0.32081	0.30914	0.30853	0.30815	0.31103	0.31088	0.30775	0.31232	0.3115	0.3149	0.32265	
0.2253	0.48729	0.42142	0.40813	0.37356	0.3707	0.34756	0.34359	0.33038	0.32647	0.3145	0.31884	0.31274	0.30055	0.30015	0.2999	0.30215	0.30235	0.29844	0.30337	0.30233	0.30618	0.31416	0.31444	
0.47219	0.42875	0.43124	0.39218	0.38394	0.36285	0.35511	0.3382	0.33118	0.3183	0.32248	0.31169	0.29786	0.29618	0.29569	0.29759	0.29832	0.29583	0.29995	0.30012	0.30396	0.31013	0.31054	0.30982	
0.38655	0.38712	0.36959	0.34618	0.32799	0.31439	0.30571	0.29827	0.28869	0.29273	0.2849	0.27115	0.2704	0.27049	0.27355	0.27647	0.27457	0.27971	0.281	0.28564	0.29198	0.29171	0.29157	0.29412	
0.26346	0.25311	0.26885	0.24762	0.2556	0.25853	0.25952	0.25053	0.25941	0.25086	0.23833	0.23714	0.23813	0.24326	0.24375	0.24042	0.24802	0.25455	0.26029	0.2708	0.27276	0.27388	0.27775	0.28075	
0.25315	0.24988	0.25088	0.24949	0.2518	0.24835	0.24477	0.25083	0.24284	0.22887	0.22791	0.2294	0.23481	0.2336	0.23006	0.23785	0.24463	0.25067	0.2615	0.26391	0.26519	0.26937	0.2722	0.27415	
0.25484	0.23573	0.25673	0.25987	0.25694	0.2494	0.24783	0.2361	0.21842	0.21686	0.21509	0.21881	0.22015	0.21328	0.22247	0.22986	0.23649	0.24905	0.25185	0.2533	0.25768	0.26061	0.26258	0.26623	
0.26326	0.24535	0.26749	0.25463	0.25436	0.2483	0.23632	0.21638	0.21393	0.21168	0.21628	0.21636	0.20931	0.21972	0.22615	0.23274	0.24462	0.24704	0.24694	0.25085	0.25275	0.25433	0.25784	0.25803	
0.25415	0.26959	0.24827	0.23158	0.22314	0.20917	0.18578	0.18076	0.17803	0.1878	0.19088	0.18446	0.19631	0.20473	0.21195	0.22594	0.22915	0.22902	0.23347	0.2359	0.23677	0.24072	0.24121	0.24475	
0.14972	0.19264	0.19813	0.19638	0.18817	0.16777	0.16526	0.16397	0.17316	0.17828	0.17158	0.18542	0.19262	0.19937	0.2121	0.21451	0.214	0.21771	0.21971	0.22064	0.22466	0.22496	0.22819	0.2319	
0.15682	0.15927	0.1736	0.15876	0.13724	0.13566	0.13666	0.14989	0.15787	0.15118	0.16865	0.17655	0.18397	0.19771	0.20002	0.19918	0.2025	0.20447	0.20563	0.20999	0.21037	0.21379	0.21781	0.21918	
0.16188	0.16621	0.17138	0.13948	0.1399	0.14154	0.15705	0.16504	0.15806	0.17395	0.18027	0.18645	0.1966	0.19801	0.19662	0.19855	0.20002	0.20068	0.20499	0.20495	0.20757	0.21139	0.21248	0.21135	
0.15343	0.15019	0.12822	0.12791	0.12642	0.14412	0.15385	0.14552	0.1649	0.1711	0.17724	0.18809	0.18894	0.18713	0.18896	0.19005	0.19056	0.195	0.19463	0.19739	0.20137	0.20246	0.20125	0.19985	
0.10312	0.097648	0.10079	0.1038	0.12693	0.14035	0.13211	0.15201	0.15988	0.16529	0.17495	0.17501	0.1724	0.17377	0.17469	0.17526	0.17993	0.17965	0.18256	0.18681	0.18815	0.18704	0.18586	0.18349	
0.053776	0.070952	0.074261	0.11921	0.1365	0.12932	0.15148	0.15902	0.16408	0.1739	0.17377	0.17015	0.17118	0.17147	0.17138	0.17603	0.17528	0.17828	0.18254	0.18343	0.18216	0.18079	0.17826	0.17586	
0.020477	0.057471	0.13196	0.14591	0.13683	0.15568	0.16124	0.16321	0.16915	0.16765	0.16313	0.16267	0.16227	0.16173	0.16645	0.16544	0.16884	0.17326	0.17384	0.17242	0.17112	0.16858	0.16607	0.16571	
0.044012	0.10953	0.13006	0.12519	0.14231	0.14817	0.14869	0.15355	0.15065	0.14594	0.14517	0.14469	0.14432	0.14997	0.14916	0.15269	0.15793	0.1585	0.15732	0.15627	0.15425	0.15184	0.15162	0.15013	
0.10871	0.13479	0.13175	0.14553	0.1476	0.14363	0.14957	0.14617	0.14028	0.13887	0.13774	0.13689	0.14301	0.14134	0.14524	0.15058	0.15075	0.14936	0.14821	0.14611	0.14352	0.14312	0.14144	0.13858	
0.11159	0.13903	0.15239	0.14971	0.1423	0.15106	0.14765	0.1405	0.13742	0.13471	0.13305	0.13906	0.13638	0.14003	0.14433	0.14416	0.14244	0.14099	0.13881	0.13607	0.13533	0.13349	0.13065	0.12698	
0.12439	0.14935	0.15749	0.14004	0.15053	0.14494	0.1374	0.13253	0.13032	0.12879	0.13699	0.13361	0.13799	0.1424	0.14204	0.13973	0.13782	0.1353	0.13214	0.13112	0.12904	0.12617	0.12224	0.11991	
0.18164	0.16902	0.15831	0.15577	0.15349	0.14239	0.13603	0.13072	0.12851	0.13526	0.13087	0.13435	0.13782	0.1369	0.1345	0.13265	0.13028	0.12725	0.12601	0.12382	0.12089	0.11713	0.11439	0.11344	
0.13504	0.12032	0.13954	0.13981	0.12811	0.12181	0.11749	0.11586	0.1234	0.11731	0.12159	0.12564	0.12497	0.12317	0.12173	0.1197	0.11711	0.11582	0.11367	0.11095	0.10719	0.10443	0.10361	0.10404	
0.099395	0.11885	0.15186	0.13309	0.12666	0.12152	0.11928	0.1278	0.12097	0.12435	0.12782	0.12656	0.12379	0.12275	0.12066	0.11818	0.11674	0.11393	0.11094	0.10738	0.10438	0.10317	0.10324	0.10375	
0.10632	0.1393	0.13123	0.11815	0.1183	0.11547	0.12747	0.1187	0.12198	0.12576	0.1235	0.12101	0.11953	0.11748	0.11475	0.11283	0.10972	0.10681	0.10321	0.10013	0.098859	0.098987	0.0995	0.097715	
0.17192	0.14586	0.13238	0.12394	0.11682	0.12417	0.11503	0.11808	0.12104	0.1176	0.11604	0.11522	0.11402	0.1119	0.10985	0.10677	0.10378	0.099946	0.096681	0.095564	0.095834	0.096663	0.094828	0.094757	
0.11187	0.10823	0.11201	0.10338	0.1136	0.10413	0.11032	0.11452	0.11109	0.10841	0.10586	0.10424	0.10196	0.099222	0.096551	0.094632	0.090853	0.087614	0.087079	0.088922	0.089483	0.088816	0.089041	0.087292	
0.093379	0.092586	0.08864	0.10057	0.092712	0.098709	0.10344	0.1001	0.09937	0.099052	0.098864	0.097584	0.09511	0.092482	0.090445	0.087316	0.083342	0.082745	0.08428	0.085348	0.084283	0.084743	0.083418	0.084136	
0.082836	0.072543	0.098827	0.086783	0.095276	0.099061	0.09468	0.09454	0.094889	0.095399	0.09429	0.090751	0.08713	0.085102	0.081992	0.078441	0.077682	0.080099	0.081162	0.080291	0.080512	0.079281	0.080174	0.078966	
0.04741	0.088192	0.082754	0.08968	0.094293	0.090256	0.093003	0.096212	0.097887	0.097494	0.09426	0.090682	0.088167	0.085299	0.081269	0.080299	0.081907	0.083029	0.081239	0.081396	0.080343	0.08133	0.080153	0.080554	
0.094099	0.090357	0.097546	0.097828	0.091387	0.096225	0.096805	0.096565	0.094385	0.089489	0.085303	0.083182	0.080105	0.076665	0.075905	0.079074	0.079846	0.079164	0.078812	0.077565	0.07861	0.077289	0.07771	0.077715	
0.094218	0.089447	0.087549	0.082578	0.092908	0.096269	0.097901	0.09672	0.090878	0.086311	0.083618	0.081106	0.077136	0.076394	0.079989	0.081195	0.080542	0.080162	0.078693	0.079697	0.078269	0.078718	0.078668	0.080628	
0.07855	0.082522	0.074578	0.08632	0.087676	0.088514	0.086536	0.082021	0.078306	0.076887	0.074446	0.071185	0.070472	0.074666	0.076185	0.075866	0.075923	0.074617	0.075781	0.07437	0.074619	0.074704	0.076973	0.078601	
0.023389	0.025964	0.049271	0.048893	0.070063	0.078081	0.07905	0.075493	0.07358	0.072742	0.069304	0.069463	0.074557	0.076687	0.076685	0.076635	0.075204	0.076532	0.075036	0.075382	0.075501	0.077556	0.079356	0.081047	
0.01176	0.050828	0.052525	0.07026	0.073418	0.073991	0.071758	0.070764	0.068808	0.066181	0.06615	0.071093	0.072965	0.072941	0.073333	0.072414	0.073904	0.072419	0.072694	0.072874	0.075188	0.077016	0.078732	0.081074	
0.054643	0.05386	0.058228	0.055667	0.058895	0.061346	0.064004	0.061946	0.060733	0.061327	0.066346	0.068911	0.068558	0.069453	0.069331	0.07115	0.069742	0.070091	0.070151	0.072592	0.074437	0.07627	0.078867	0.082295	
0.012572	0.022456	0.028019	0.039451	0.049164	0.056815	0.055304	0.055831	0.05762	0.063121	0.06644	0.065887	0.067553	0.068138	0.069613	0.068215	0.068592	0.068759	0.071003	0.072939	0.074897	0.077843	0.081583	0.083912	
0.014631	0.024564	0.044591	0.054949	0.061474	0.058151	0.058096	0.059348	0.064822	0.068886	0.067757	0.069099	0.069671	0.071301	0.069797	0.07017	0.070388	0.072709	0.074762	0.076746	0.0797	0.083362	0.085554	0.084898	
0.021302	0.049274	0.058321	0.062795	0.059055	0.05865	0.058701	0.061621	0.067883	0.065838	0.067211	0.068654	0.070697	0.069481	0.070142	0.070695	0.073401	0.075757	0.077839	0.0807	0.084309	0.086393	0.085659	0.08415	
0.050636	0.053582	0.053913	0.052029	0.051778	0.052506	0.057768	0.065219	0.063331	0.064809	0.066152	0.068926	0.067978	0.069051	0.069937	0.072601	0.075391	0.077748	0.080617	0.084249	0.086258	0.085598	0.084284	0.081336	
0.020084	0.022126	0.038446	0.040151	0.043687	0.053399	0.061698	0.060478	0.062181	0.063461	0.067164	0.066444	0.068134	0.069397	0.072453	0.075714	0.078171	0.080696	0.084295	0.086145	0.085603	0.084495	0.081342	0.079818	
0.018343	0.0392	0.044659	0.046027	0.049954	0.06321	0.06119	0.06277	0.065261	0.069574	0.069125	0.070754	0.072177	0.075528	0.078678	0.081038	0.083645	0.087166	0.088676	0.087912	0.086618	0.08327	0.081659	0.080627	
0.03017	0.050369	0.052604	0.055536	0.071474	0.068281	0.069264	0.071519	0.0753	0.073631	0.074723	0.075602	0.078333	0.081056	0.083057	0.085773	0.089264	0.090467	0.089314	0.087705	0.084145	0.082529	0.081284	0.080532	
0.044884	0.056018	0.060254	0.076437	0.071446	0.073068	0.074749	0.078267	0.075617	0.075809	0.075882	0.078468	0.08101	0.082843	0.085803	0.089511	0.090595	0.088667	0.086593	0.083058	0.081597	0.080169	0.079262	0.079764	
0.036509	0.052343	0.07826	0.069974	0.072548	0.074015	0.079846	0.076928	0.076581	0.076942	0.079889	0.082489	0.084109	0.087233	0.090823	0.091645	0.089377	0.087025	0.083437	0.081926	0.080408	0.079234	0.07964	0.079043	
0.022207	0.086182	0.074741	0.074577	0.078	0.08451	0.081038	0.079614	0.079402	0.081958	0.084187	0.08542	0.089129	0.09291	0.093456	0.090692	0.087947	0.084473	0.08275	0.080954	0.079589	0.080003	0.079341	0.080529	
0.10279	0.086389	0.087654	0.089374	0.09189	0.085051	0.081656	0.080264	0.082761	0.083991	0.084849	0.089786	0.094486	0.095214	0.091573	0.088026	0.084514	0.083038	0.080924	0.079372	0.079838	0.079205	0.080701	0.082741	
0.076981	0.087812	0.086563	0.084807	0.076516	0.071862	0.069398	0.07258	0.073772	0.075154	0.08108	0.087149	0.087627	0.084288	0.081028	0.078078	0.077453	0.075308	0.074287	0.075198	0.074785	0.076346	0.078551	0.080157	
0.044741	0.071951	0.087274	0.077825	0.073842	0.07162	0.075506	0.077196	0.078345	0.084187	0.090316	0.090726	0.086831	0.082953	0.07959	0.078801	0.076524	0.075212	0.075862	0.075368	0.077075	0.079376	0.081001	0.083031	
0.059668	0.081001	0.070795	0.065223	0.06248	0.067531	0.068392	0.069527	0.075781	0.083013	0.082817	0.079861	0.076841	0.073856	0.073965	0.071587	0.071109	0.072385	0.071898	0.073456	0.075647	0.077294	0.07967	0.082018	
0.026225	0.036493	0.041656	0.041774	0.048564	0.051726	0.054565	0.063386	0.073209	0.073653	0.070392	0.06781	0.065683	0.066795	0.064316	0.064534	0.066587	0.066514	0.068475	0.071081	0.073026	0.075672	0.078215	0.07921	
0.027299	0.037894	0.038617	0.040875	0.04511	0.047491	0.056191	0.066276	0.065949	0.064059	0.06304	0.061331	0.063351	0.06099	0.062122	0.064816	0.064686	0.066494	0.068876	0.070685	0.07361	0.076842	0.078289	0.082723	
0.035591	0.039441	0.042989	0.048526	0.049692	0.056949	0.067675	0.066414	0.065104	0.064148	0.062207	0.064231	0.06152	0.062625	0.065326	0.064943	0.06657	0.068572	0.070172	0.073057	0.076497	0.078014	0.082385	0.087009	
0.018921	0.031969	0.045759	0.045288	0.055416	0.067345	0.064105	0.063849	0.062939	0.061403	0.064015	0.061374	0.062466	0.065412	0.064673	0.066214	0.068008	0.069436	0.072247	0.075921	0.077508	0.081831	0.086463	0.090931	
0.018036	0.041078	0.044554	0.057128	0.070171	0.066916	0.066895	0.065957	0.063621	0.066309	0.062892	0.0641	0.066881	0.065884	0.067258	0.069034	0.070363	0.072911	0.076198	0.077224	0.081593	0.085983	0.090277	0.092572	
0.037442	0.0422	0.063406	0.077154	0.071053	0.06825	0.066874	0.065433	0.068484	0.064682	0.064874	0.066964	0.065528	0.066658	0.068348	0.06959	0.071682	0.074623	0.075061	0.079478	0.083771	0.087892	0.089749	0.092914	
0.037446	0.05878	0.085906	0.073552	0.073806	0.071772	0.070365	0.072691	0.068853	0.066665	0.066604	0.064418	0.065827	0.067778	0.069172	0.070811	0.073456	0.073022	0.077493	0.081558	0.085486	0.087021	0.090365	0.093508	
0.059167	0.064554	0.058678	0.057488	0.062867	0.063435	0.066007	0.064652	0.060356	0.059456	0.056879	0.058702	0.060556	0.062405	0.064894	0.06807	0.067293	0.071985	0.076199	0.080289	0.081969	0.085606	0.08887	0.094538	
0.023409	0.042768	0.051758	0.061934	0.063726	0.065673	0.065829	0.059951	0.058761	0.055793	0.05723	0.058885	0.060753	0.063494	0.067356	0.066568	0.071284	0.075646	0.079623	0.081317	0.085078	0.088503	0.094293	0.098806	
0.044577	0.053777	0.061732	0.060942	0.06191	0.06281	0.056723	0.056365	0.054518	0.057657	0.060138	0.062521	0.065539	0.069298	0.068313	0.073693	0.078363	0.082602	0.084256	0.088045	0.091395	0.097286	0.1017	0.10731	
0.032459	0.044712	0.047369	0.053386	0.052239	0.049394	0.050408	0.050007	0.055168	0.059102	0.061985	0.065267	0.069214	0.068451	0.074444	0.07948	0.083997	0.085672	0.089569	0.092913	0.098953	0.10332	0.10882	0.1163	
0.024785	0.025992	0.033022	0.042873	0.041586	0.044418	0.046281	0.053978	0.059157	0.06283	0.066491	0.070734	0.069848	0.076419	0.081907	0.086594	0.088186	0.092117	0.095529	0.1016	0.10593	0.11133	0.11873	0.12961	
0.0085525	0.024292	0.041426	0.041456	0.046592	0.049897	0.056317	0.060134	0.063104	0.067016	0.073097	0.072141	0.078162	0.083269	0.087551	0.088825	0.092625	0.095798	0.10159	0.10563	0.11091	0.11847	0.12973	0.13909	
0.015821	0.044039	0.047275	0.051324	0.04961	0.050022	0.05322	0.056875	0.061478	0.070383	0.069952	0.075483	0.080427	0.08456	0.085685	0.089293	0.092358	0.098064	0.10205	0.10762	0.11561	0.1276	0.13679	0.14324	
0.037386	0.05249	0.058623	0.049	0.046429	0.050214	0.053973	0.058711	0.069109	0.067628	0.072912	0.077448	0.081238	0.082034	0.085347	0.088229	0.093889	0.098047	0.10394	0.11256	0.12488	0.13377	0.13983	0.14403	
0.010873	0.04636	0.042681	0.042429	0.046407	0.050185	0.055881	0.064559	0.0615	0.067055	0.071533	0.075514	0.07601	0.078965	0.081836	0.087706	0.092135	0.098419	0.10778	0.12013	0.12886	0.13477	0.13889	0.14499	
0.026392	0.021389	0.026917	0.03404	0.040791	0.047828	0.056342	0.052291	0.058583	0.06365	0.068043	0.068548	0.071589	0.07478	0.081016	0.085666	0.092602	0.10273	0.115	0.12366	0.12949	0.13355	0.13974	0.1459	
0.012751	0.023768	0.034578	0.041938	0.044806	0.051577	0.047597	0.054143	0.059323	0.063747	0.063791	0.066638	0.069732	0.076016	0.080816	0.08831	0.098757	0.11099	0.11964	0.12563	0.12983	0.13617	0.14233	0.1452	
0.023181	0.036915	0.039799	0.036579	0.045651	0.043652	0.050617	0.056755	0.061962	0.06153	0.063889	0.067026	0.073327	0.078238	0.08598	0.096403	0.10794	0.1165	0.12204	0.12576	0.13173	0.13758	0.14023	0.14215	
0.013534	0.020254	0.022874	0.038257	0.038057	0.047419	0.055297	0.061005	0.060283	0.062814	0.065859	0.072273	0.076987	0.0846	0.094431	0.10489	0.11333	0.11767	0.1203	0.12533	0.13049	0.13281	0.13442	0.13552	
0.010706	0.023226	0.042034	0.038197	0.049956	0.058666	0.064587	0.063839	0.066402	0.069085	0.075506	0.079806	0.086872	0.095346	0.10442	0.11135	0.11361	0.11441	0.11797	0.12211	0.124	0.12536	0.12647	0.12812	
0.01506	0.040947	0.03639	0.05187	0.061782	0.0672	0.065866	0.068229	0.070194	0.076516	0.080579	0.087122	0.094733	0.10325	0.10918	0.10998	0.10959	0.11224	0.11587	0.11766	0.11904	0.12032	0.12221	0.12383	
0.039986	0.038333	0.059811	0.066664	0.070129	0.067842	0.069627	0.070621	0.076798	0.080411	0.086262	0.093854	0.10114	0.10577	0.10495	0.10334	0.10518	0.10866	0.11066	0.11239	0.11388	0.11586	0.11747	0.11988	
0.02144	0.070639	0.072017	0.073861	0.069764	0.069671	0.069254	0.075277	0.078601	0.084666	0.092584	0.099002	0.10289	0.10124	0.099044	0.10049	0.10406	0.10625	0.10805	0.10955	0.11154	0.11315	0.11563	0.1206	
0.064713	0.065652	0.062435	0.055573	0.055481	0.055797	0.066296	0.071041	0.078718	0.086695	0.092404	0.095229	0.092632	0.089882	0.091143	0.095029	0.097767	0.099797	0.10156	0.10383	0.10568	0.10822	0.11317	0.11764	
0.025251	0.039727	0.041411	0.043051	0.046393	0.059335	0.064385	0.072414	0.080007	0.085203	0.087202	0.083835	0.080605	0.08202	0.087035	0.089956	0.092051	0.094024	0.096487	0.098575	0.10117	0.10621	0.11091	0.11373	
0.01216	0.023783	0.03071	0.035949	0.05316	0.059016	0.067931	0.075919	0.080435	0.081576	0.077326	0.073618	0.0755	0.081652	0.084698	0.086781	0.088864	0.09139	0.093487	0.096227	0.10156	0.10636	0.1091	0.11235	
0.01325	0.031034	0.036446	0.0555	0.060991	0.069457	0.074858	0.076222	0.075085	0.069627	0.065708	0.06946	0.075669	0.078677	0.080667	0.083016	0.085735	0.088076	0.091112	0.096794	0.10173	0.10441	0.10756	0.11014	
0.02049	0.032218	0.059772	0.063266	0.069335	0.070588	0.070108	0.067605	0.062606	0.058574	0.063264	0.069788	0.073076	0.075138	0.077845	0.080907	0.08355	0.086803	0.092696	0.097517	0.099896	0.10279	0.10507	0.10629	
0.017582	0.060895	0.059503	0.062047	0.061009	0.059515	0.056364	0.052686	0.049018	0.054856	0.062472	0.066501	0.068978	0.072504	0.07615	0.079332	0.082653	0.08838	0.09276	0.094491	0.096878	0.098556	0.099202	0.098906	
0.067068	0.056244	0.055421	0.051669	0.050339	0.047121	0.044317	0.041062	0.048519	0.057014	0.062071	0.065408	0.069542	0.073738	0.077297	0.080371	0.085566	0.089216	0.090111	0.091847	0.092811	0.092774	0.092084	0.092289	
0.022576	0.025771	0.022906	0.028871	0.026944	0.027936	0.026202	0.035736	0.046816	0.054256	0.059201	0.064285	0.068981	0.072768	0.075486	0.080065	0.082982	0.083087	0.084306	0.084648	0.084015	0.083033	0.083145	0.083696	
0.014984	0.01833	0.028126	0.027627	0.02761	0.025081	0.03681	0.049026	0.056923	0.061601	0.066069	0.069958	0.073128	0.07493	0.078465	0.080498	0.079828	0.080552	0.080318	0.07921	0.077939	0.077919	0.078414	0.079738	
0.0040178	0.019121	0.022043	0.022437	0.020301	0.035009	0.051151	0.0598	0.06381	0.067072	0.069945	0.072673	0.073219	0.075245	0.076131	0.074643	0.074678	0.073783	0.072132	0.070598	0.070632	0.071208	0.072755	0.076634	
0.011378	0.01926	0.018898	0.017086	0.035968	0.055801	0.064097	0.066329	0.067651	0.069157	0.071845	0.071691	0.072362	0.07215	0.069935	0.069666	0.068336	0.066266	0.064471	0.0646	0.06531	0.067146	0.07158	0.073536	
0.010896	0.018634	0.01579	0.037256	0.061235	0.068175	0.06811	0.067166	0.067221	0.070702	0.07072	0.070384	0.069346	0.066852	0.06631	0.064675	0.062376	0.060377	0.060544	0.06133	0.063431	0.068295	0.070478	0.073379	
0.0074194	0.014167	0.043967	0.067172	0.071313	0.067684	0.0647	0.064163	0.06931	0.069401	0.069014	0.067752	0.065294	0.064678	0.062859	0.060493	0.058312	0.058414	0.059271	0.061512	0.066607	0.06888	0.071835	0.077912	
0.012722	0.052869	0.076349	0.076095	0.068019	0.063642	0.062789	0.067581	0.066857	0.06678	0.065729	0.063151	0.062889	0.061252	0.058945	0.056778	0.056682	0.05759	0.059611	0.064723	0.066953	0.069819	0.075861	0.07921	
0.054887	0.071207	0.071124	0.061661	0.058373	0.056712	0.058406	0.058033	0.059872	0.060383	0.058227	0.058626	0.05757	0.055717	0.053665	0.053652	0.054608	0.056585	0.061788	0.06397	0.066718	0.072707	0.076053	0.079508	
0.042523	0.053297	0.046947	0.046623	0.045113	0.044756	0.046595	0.0522	0.054453	0.052634	0.053899	0.053299	0.051749	0.049804	0.050012	0.051128	0.053077	0.058365	0.060517	0.063166	0.069133	0.072585	0.076033	0.076206	
0.034701	0.030966	0.032593	0.033112	0.033618	0.035451	0.042376	0.044895	0.04259	0.04537	0.045332	0.043789	0.042327	0.043311	0.045089	0.047554	0.053373	0.055797	0.058629	0.064959	0.068707	0.072305	0.07237	0.074228	
0.010944	0.017618	0.022658	0.021982	0.025927	0.03583	0.039372	0.037181	0.040949	0.041575	0.040051	0.038984	0.040603	0.043086	0.046201	0.052529	0.055014	0.057861	0.064315	0.068114	0.071557	0.071443	0.073319	0.0765	
0.014602	0.024884	0.023015	0.025609	0.036672	0.040338	0.037287	0.041496	0.042234	0.040375	0.039276	0.04115	0.043711	0.046359	0.052242	0.054662	0.057408	0.063891	0.067709	0.071006	0.070512	0.07233	0.075465	0.081444	
0.012557	0.014763	0.018731	0.033674	0.037617	0.033889	0.039227	0.040474	0.038508	0.037555	0.039734	0.042482	0.04488	0.050362	0.053003	0.055758	0.0623	0.066062	0.069138	0.068324	0.070084	0.073186	0.079298	0.086122	
0.0062874	0.016634	0.035558	0.039116	0.034116	0.040464	0.041918	0.039403	0.038062	0.039915	0.041974	0.043455	0.04874	0.051623	0.054313	0.060654	0.064412	0.067154	0.06605	0.067788	0.070894	0.077176	0.084216	0.091834	
0.0061188	0.037137	0.042722	0.036728	0.044406	0.045058	0.041714	0.039816	0.040668	0.041578	0.042099	0.047232	0.050515	0.053097	0.059121	0.062845	0.065332	0.063875	0.065594	0.068734	0.075277	0.082608	0.090588	0.098322	
0.027127	0.039296	0.033673	0.042258	0.041653	0.038323	0.036043	0.036457	0.037272	0.037973	0.043187	0.046994	0.04982	0.055915	0.059811	0.06224	0.060541	0.062366	0.065698	0.072712	0.080469	0.088809	0.096826	0.10721	
0.0091343	0.016852	0.031375	0.033411	0.031223	0.028456	0.029783	0.031185	0.032222	0.037687	0.042255	0.045678	0.052255	0.056739	0.059367	0.057216	0.059254	0.062745	0.070079	0.077957	0.086284	0.094327	0.10457	0.11097	
0.012409	0.038038	0.037044	0.032421	0.029064	0.031424	0.032366	0.032907	0.038234	0.043011	0.046333	0.052602	0.056962	0.059248	0.056798	0.058899	0.062409	0.069984	0.077924	0.08622	0.094198	0.10432	0.11047	0.11693	
0.044483	0.039105	0.031624	0.029558	0.0337	0.033955	0.033639	0.038925	0.04404	0.047061	0.052962	0.057218	0.059142	0.056358	0.058497	0.061976	0.069794	0.077753	0.085935	0.093862	0.10381	0.10975	0.11603	0.11846	
0.0097182	0.015663	0.021848	0.029906	0.030112	0.029581	0.036328	0.042415	0.045745	0.052071	0.056652	0.058335	0.055205	0.057299	0.060629	0.068603	0.076336	0.084167	0.092028	0.10155	0.1071	0.1131	0.11506	0.11688	
0.013029	0.015358	0.02422	0.022838	0.023352	0.030478	0.037133	0.040696	0.047176	0.051396	0.052635	0.050119	0.052687	0.056348	0.06478	0.072777	0.08076	0.088868	0.098488	0.1039	0.10977	0.11141	0.11294	0.11756	
0.012328	0.02682	0.0239	0.024834	0.030438	0.03731	0.040771	0.04662	0.050049	0.050665	0.048778	0.051819	0.055567	0.064073	0.071644	0.079298	0.087275	0.096406	0.10126	0.10673	0.10783	0.10892	0.11356	0.11657	
0.020076	0.021465	0.024113	0.034934	0.042207	0.045263	0.050572	0.05284	0.052736	0.051167	0.053738	0.056612	0.064167	0.070525	0.077335	0.08506	0.092917	0.096749	0.10166	0.1022	0.10295	0.1079	0.11109	0.11919	
0.0085399	0.016374	0.032316	0.040649	0.043108	0.046504	0.047131	0.047405	0.047177	0.050414	0.053082	0.060363	0.066421	0.073419	0.081102	0.08819	0.091634	0.096374	0.096749	0.097514	0.10293	0.10625	0.1148	0.12437	
0.010706	0.027411	0.038342	0.038034	0.039257	0.039699	0.040752	0.041853	0.045439	0.047897	0.055005	0.061368	0.068792	0.076391	0.082888	0.086194	0.091127	0.091561	0.09241	0.098278	0.1018	0.11088	0.12061	0.12948	
0.016521	0.028017	0.027879	0.030164	0.02947	0.033541	0.037014	0.041387	0.043721	0.050465	0.057132	0.064555	0.072269	0.078452	0.081922	0.087379	0.087803	0.088718	0.095004	0.098778	0.10824	0.11805	0.12771	0.12921	
0.018146	0.015731	0.021223	0.021461	0.028604	0.032865	0.037451	0.039078	0.046341	0.05303	0.060429	0.06828	0.074339	0.078205	0.084342	0.084816	0.085861	0.09265	0.096585	0.10644	0.11627	0.12684	0.12848	0.12842	
0.005196	0.010023	0.014127	0.027443	0.034717	0.040246	0.041792	0.049578	0.056494	0.064618	0.072876	0.079009	0.082495	0.088323	0.088412	0.089128	0.096508	0.10035	0.11021	0.11929	0.13107	0.13286	0.13259	0.13068	
0.0079937	0.015184	0.027454	0.036229	0.04187	0.042525	0.05084	0.057978	0.066207	0.074695	0.081122	0.084817	0.090663	0.090514	0.091117	0.098335	0.10204	0.11126	0.11945	0.13282	0.13501	0.13475	0.13245	0.15928	
0.0092463	0.021723	0.036053	0.043085	0.043248	0.052207	0.05933	0.067853	0.076727	0.083812	0.087852	0.094058	0.093558	0.094109	0.10103	0.10469	0.11293	0.11992	0.13537	0.13806	0.13779	0.13513	0.16142	0.17076	
0.012452	0.033519	0.038877	0.037775	0.047104	0.055232	0.065823	0.075704	0.082089	0.086081	0.092577	0.091663	0.091944	0.099989	0.1039	0.11299	0.11956	0.1369	0.13967	0.13935	0.13664	0.16342	0.17286	0.17891	
0.035004	0.037428	0.037535	0.047892	0.056895	0.06739	0.076399	0.082195	0.085608	0.09219	0.090973	0.090922	0.099195	0.10284	0.1105	0.1161	0.13644	0.14048	0.14072	0.1374	0.16367	0.17323	0.17869	0.18028	
0.015616	0.027356	0.045647	0.055584	0.066678	0.074263	0.079127	0.083243	0.089578	0.087708	0.08692	0.095572	0.098601	0.10528	0.11042	0.1343	0.13993	0.14093	0.13711	0.16346	0.1727	0.17762	0.17878	0.18717	
0.01867	0.047396	0.053404	0.060713	0.066579	0.072803	0.076665	0.082119	0.079884	0.078542	0.086907	0.089512	0.095701	0.099685	0.12851	0.13686	0.13903	0.1344	0.16114	0.16983	0.17433	0.17502	0.1845	0.19048	
0.043277	0.042694	0.04643	0.054817	0.063593	0.065969	0.070513	0.068089	0.066344	0.076354	0.078331	0.083537	0.086974	0.12175	0.13288	0.13639	0.13145	0.15831	0.16659	0.17096	0.17156	0.18242	0.18942	0.19386	
0.012676	0.030163	0.042211	0.049996	0.05173	0.05718	0.055253	0.053633	0.064734	0.066495	0.07116	0.074326	0.11582	0.1297	0.1345	0.12904	0.1565	0.16443	0.16874	0.16902	0.18103	0.1889	0.19406	0.19463	
0.023963	0.033852	0.044664	0.046476	0.05026	0.04934	0.047072	0.057771	0.059241	0.062926	0.066121	0.11514	0.1315	0.13725	0.13101	0.15893	0.16624	0.17027	0.17023	0.18328	0.19192	0.19763	0.19834	0.19606	
0.023949	0.034424	0.03654	0.039599	0.041935	0.039321	0.049857	0.051165	0.054282	0.058388	0.11528	0.13431	0.14097	0.13389	0.16226	0.16882	0.17268	0.17233	0.18615	0.19563	0.20187	0.20273	0.19995	0.20479	
0.025318	0.030122	0.035452	0.039286	0.034396	0.042666	0.044498	0.047346	0.052759	0.11982	0.14113	0.14762	0.13967	0.16853	0.17431	0.17782	0.17688	0.19163	0.2019	0.20849	0.20935	0.20595	0.21025	0.2259	
0.014043	0.027154	0.035898	0.029899	0.034598	0.038953	0.042865	0.048997	0.12847	0.15148	0.15732	0.14809	0.17798	0.18251	0.18531	0.18345	0.19927	0.21013	0.21683	0.2175	0.21339	0.2172	0.23251	0.25373	
0.025283	0.036678	0.028894	0.032284	0.038616	0.043659	0.050702	0.1396	0.16146	0.16524	0.15519	0.18929	0.19449	0.19655	0.19368	0.20978	0.2202	0.22617	0.22607	0.22129	0.22509	0.24031	0.26139	0.27342	
0.050128	0.037175	0.035019	0.042361	0.047974	0.054167	0.15178	0.17108	0.17193	0.16108	0.20022	0.20655	0.20765	0.20419	0.22088	0.2307	0.2356	0.23456	0.22897	0.23272	0.24792	0.26904	0.28052	0.27825	
0.016702	0.023836	0.041292	0.050078	0.058257	0.16382	0.17862	0.17518	0.16439	0.2096	0.21744	0.21856	0.21513	0.23162	0.24062	0.24421	0.24211	0.23598	0.23992	0.25571	0.2772	0.28797	0.28599	0.2815	
0.014789	0.038502	0.047346	0.054105	0.17892	0.18969	0.18169	0.17024	0.22427	0.2318	0.23098	0.22577	0.24328	0.25169	0.25386	0.25096	0.24407	0.24761	0.26291	0.28411	0.29409	0.29261	0.28829	0.28346	
0.037689	0.05085	0.052913	0.19269	0.19342	0.17884	0.16958	0.24101	0.25004	0.24683	0.24019	0.25783	0.2643	0.26427	0.26038	0.25302	0.25688	0.27197	0.29272	0.30178	0.30093	0.2968	0.29131	0.29676	
0.013392	0.031379	0.22326	0.22308	0.20237	0.18776	0.26093	0.26679	0.26064	0.25085	0.26814	0.2728	0.27094	0.26621	0.25919	0.26381	0.27896	0.2998	0.30831	0.30814	0.30405	0.29815	0.3036	0.31849	
0.027142	0.23233	0.22799	0.19329	0.18474	0.28285	0.28895	0.28098	0.26936	0.28144	0.28197	0.27706	0.27187	0.2664	0.27382	0.29031	0.31094	0.31863	0.31912	0.31478	0.30811	0.31337	0.32809	0.3368	
0.27854	0.2342	0.18511	0.18522	0.29936	0.30672	0.30247	0.28739	0.29363	0.28948	0.28135	0.27539	0.27149	0.28133	0.30047	0.32271	0.32992	0.33079	0.32547	0.318	0.32383	0.33941	0.34809	0.35362	
0.09998	0.10905	0.13046	0.30401	0.32124	0.32581	0.30982	0.30968	0.30037	0.28855	0.28051	0.27777	0.29056	0.3127	0.33743	0.34473	0.34515	0.33879	0.33023	0.33655	0.35344	0.36217	0.36703	0.37538	
0.024831	0.094961	0.30435	0.31523	0.30216	0.27816	0.29334	0.29192	0.28409	0.27804	0.27278	0.28396	0.30426	0.32884	0.33453	0.33732	0.33116	0.32121	0.32639	0.34207	0.3496	0.35334	0.36135	0.37045	
0.092949	0.32058	0.2974	0.27413	0.24153	0.27258	0.28114	0.27905	0.27632	0.27219	0.28426	0.30307	0.32704	0.33112	0.33448	0.32582	0.31436	0.31872	0.33273	0.33891	0.34175	0.3504	0.35924	0.36625	
0.2759	0.21642	0.21622	0.18436	0.23258	0.25538	0.26138	0.26475	0.26435	0.28091	0.29968	0.32313	0.32564	0.32907	0.31882	0.30632	0.3099	0.32337	0.32921	0.33172	0.33993	0.34766	0.35346	0.35956	
0.049778	0.16924	0.15268	0.19988	0.23694	0.24841	0.25497	0.25989	0.28692	0.30869	0.33131	0.33119	0.3323	0.32056	0.30701	0.30971	0.32342	0.3284	0.32956	0.33635	0.34273	0.34712	0.35214	0.35692	
0.035374	0.080713	0.17472	0.21719	0.22736	0.23062	0.24017	0.27014	0.29464	0.32138	0.31988	0.33023	0.31841	0.30401	0.30774	0.32253	0.32928	0.3323	0.34148	0.34982	0.35578	0.36193	0.36753	0.36562	
0.044027	0.074895	0.19719	0.21445	0.21359	0.23115	0.26835	0.29492	0.32259	0.31674	0.34291	0.33006	0.31383	0.31804	0.33414	0.34041	0.3425	0.35054	0.35754	0.3621	0.36685	0.37119	0.36815	0.36518	
0.050051	0.19829	0.18157	0.17279	0.20958	0.25315	0.28941	0.32285	0.31626	0.35643	0.34393	0.3263	0.33186	0.35096	0.35712	0.35759	0.36331	0.36793	0.37036	0.37317	0.37582	0.37136	0.36706	0.36396	
0.04327	0.048452	0.081138	0.16561	0.23505	0.29121	0.33723	0.32854	0.3723	0.35759	0.33685	0.34177	0.36129	0.36619	0.36543	0.36949	0.37236	0.37315	0.37439	0.3757	0.37009	0.36464	0.3605	0.3577	
0.032005	0.096572	0.15979	0.20245	0.25287	0.30184	0.28567	0.36366	0.35593	0.33133	0.33252	0.34991	0.35163	0.34851	0.35062	0.35193	0.35143	0.35176	0.35238	0.34617	0.34008	0.33558	0.33264	0.32569	
0.062809	0.15831	0.21725	0.23773	0.28941	0.27208	0.35552	0.34781	0.31877	0.31747	0.33136	0.32859	0.32265	0.32289	0.32277	0.32115	0.32078	0.32107	0.31461	0.30826	0.30386	0.30122	0.29459	0.28811	
0.12822	0.16588	0.26332	0.27223	0.25216	0.32674	0.32723	0.30405	0.29637	0.30574	0.29959	0.29183	0.29036	0.28919	0.28689	0.28631	0.28689	0.28062	0.27446	0.27071	0.26877	0.26271	0.25679	0.24857	
0.041454	0.1689	0.22789	0.21205	0.25911	0.28372	0.27809	0.26959	0.27239	0.26196	0.2523	0.24913	0.24763	0.24511	0.2449	0.24634	0.24041	0.23435	0.23103	0.22976	0.2242	0.21878	0.21079	0.20913	
0.13102	0.1366	0.12464	0.19594	0.25362	0.26304	0.2567	0.25598	0.24284	0.2334	0.22808	0.22485	0.22086	0.22016	0.22149	0.21552	0.20912	0.20547	0.20451	0.19924	0.19438	0.18736	0.18638	0.18632	
0.05419	0.070306	0.17694	0.25835	0.27008	0.26139	0.25705	0.24158	0.23056	0.22248	0.21722	0.21177	0.20978	0.21009	0.20329	0.19632	0.19224	0.191	0.18541	0.18056	0.17503	0.17397	0.17416	0.17336	
0.061864	0.17955	0.26944	0.26647	0.25358	0.25259	0.23348	0.22046	0.21096	0.20711	0.20148	0.20014	0.20001	0.19244	0.18566	0.18197	0.18069	0.17455	0.16943	0.16571	0.16444	0.16485	0.16435	0.16806	
0.15082	0.24	0.2196	0.21601	0.22754	0.20623	0.19238	0.18543	0.18572	0.18274	0.18427	0.18513	0.17693	0.17136	0.16904	0.16798	0.16194	0.15603	0.15412	0.15297	0.15393	0.15397	0.15893	0.16239	
0.016805	0.12825	0.16413	0.18344	0.17381	0.16083	0.1587	0.16588	0.16635	0.17197	0.17355	0.16427	0.15927	0.15792	0.1571	0.15203	0.14683	0.14592	0.14487	0.14605	0.14641	0.15213	0.15597	0.16081	
0.013791	0.031029	0.10276	0.13166	0.12762	0.1321	0.1444	0.14789	0.15509	0.15785	0.1484	0.14351	0.14295	0.14264	0.13768	0.13279	0.13214	0.13175	0.13325	0.13379	0.13972	0.14383	0.14897	0.15456	
0.020443	0.11856	0.13327	0.12202	0.12604	0.13585	0.13675	0.14287	0.14743	0.13855	0.13257	0.13138	0.13205	0.12696	0.12275	0.12176	0.12226	0.12417	0.12503	0.13091	0.13486	0.1395	0.14338	0.14502	
0.11605	0.12407	0.11564	0.11834	0.12452	0.12263	0.12604	0.13199	0.12476	0.11789	0.11608	0.11807	0.11533	0.11307	0.1115	0.11302	0.11547	0.1166	0.12188	0.12486	0.12791	0.12905	0.12818	0.12691	
0.086569	0.093805	0.11278	0.11808	0.11432	0.11406	0.11954	0.11519	0.10677	0.1037	0.10759	0.10865	0.10878	0.10664	0.10908	0.11141	0.11217	0.11552	0.11666	0.11747	0.11588	0.11299	0.11111	0.10816	
0.023839	0.07792	0.10125	0.10109	0.10246	0.10793	0.10482	0.097306	0.093898	0.0992	0.10231	0.10325	0.10063	0.10384	0.10564	0.10543	0.10692	0.10676	0.1063	0.1036	0.10017	0.098754	0.095661	0.095033	
0.08919	0.099391	0.09173	0.085988	0.090071	0.092841	0.088393	0.083524	0.090757	0.095745	0.097958	0.09611	0.09924	0.10081	0.10056	0.10095	0.099878	0.098536	0.095361	0.09172	0.090673	0.087684	0.08773	0.086035	
0.027403	0.032662	0.03348	0.053581	0.068887	0.070938	0.065534	0.076368	0.083708	0.087653	0.088072	0.091462	0.093752	0.09413	0.094451	0.092833	0.090944	0.087812	0.084181	0.083343	0.08076	0.081263	0.080016	0.079334	
0.015645	0.022871	0.04849	0.067597	0.069715	0.063637	0.075568	0.082761	0.086824	0.08712	0.0906	0.092544	0.0923	0.091528	0.089198	0.086762	0.08372	0.080118	0.079383	0.077138	0.077997	0.07682	0.076326	0.080019	
0.019936	0.048489	0.076195	0.076129	0.068655	0.080133	0.085911	0.088979	0.089225	0.092322	0.093334	0.092424	0.091074	0.088298	0.085479	0.082363	0.078468	0.07751	0.075388	0.076487	0.075338	0.075	0.079281	0.086989	
0.037475	0.077469	0.082378	0.073181	0.085355	0.089067	0.091208	0.091295	0.094217	0.094455	0.092667	0.090256	0.08708	0.084198	0.080919	0.076914	0.075911	0.073907	0.075251	0.073958	0.073783	0.078741	0.087244	0.098354	
0.067617	0.088122	0.082336	0.087187	0.087194	0.087639	0.088724	0.092235	0.092569	0.090376	0.088339	0.085526	0.083381	0.080361	0.076058	0.074728	0.072768	0.074239	0.072965	0.073027	0.078588	0.087787	0.099354	0.10031	
0.019599	0.050321	0.07936	0.080319	0.079022	0.078709	0.086833	0.089139	0.086019	0.084588	0.082576	0.080833	0.077821	0.073418	0.072331	0.070197	0.071672	0.070262	0.0708	0.077276	0.087273	0.099461	0.10065	0.10239	
0.040127	0.068091	0.080749	0.086035	0.08616	0.092057	0.09195	0.087469	0.084222	0.081334	0.079027	0.076248	0.071942	0.070554	0.06875	0.070734	0.069597	0.070184	0.077029	0.087626	0.10025	0.10169	0.10358	0.10369	
0.060309	0.085	0.080136	0.077151	0.088415	0.087714	0.082254	0.077643	0.075021	0.073072	0.071426	0.067866	0.065732	0.064655	0.067273	0.0666	0.067353	0.074815	0.086445	0.10002	0.10188	0.10402	0.10432	0.10524	
0.029473	0.025986	0.043984	0.072691	0.078699	0.072754	0.069208	0.06874	0.068843	0.068414	0.065229	0.062532	0.061984	0.065036	0.064535	0.065644	0.074109	0.087037	0.10164	0.10379	0.10581	0.10596	0.10669	0.10849	
0.0048783	0.048617	0.082036	0.086815	0.077548	0.07485	0.0735	0.07183	0.069932	0.065692	0.063497	0.062442	0.065372	0.064654	0.065683	0.074369	0.087295	0.10249	0.10442	0.1065	0.10665	0.1074	0.10904	0.10904	
0.050317	0.09041	0.091331	0.083483	0.075297	0.070683	0.066604	0.064686	0.061125	0.059865	0.059089	0.062658	0.061557	0.062585	0.071433	0.084746	0.10038	0.10245	0.105	0.10546	0.10652	0.10844	0.10875	0.11264	
0.077478	0.08068	0.083472	0.069813	0.063587	0.05802	0.057453	0.055133	0.054781	0.053914	0.058539	0.05836	0.059474	0.068535	0.082137	0.097717	0.10015	0.10313	0.10383	0.10524	0.10739	0.10801	0.11206	0.11123	
0.021608	0.061394	0.05543	0.050035	0.047899	0.049735	0.048823	0.047738	0.04924	0.055797	0.056643	0.057697	0.066923	0.081076	0.096615	0.099511	0.10297	0.10411	0.10572	0.1082	0.10905	0.1134	0.11265	0.11418	
0.011136	0.052839	0.046859	0.04255	0.043562	0.043205	0.044152	0.044866	0.051815	0.051631	0.053227	0.063645	0.079169	0.096644	0.099279	0.1029	0.10396	0.10547	0.10771	0.10836	0.11259	0.11162	0.113	0.1141	
0.046099	0.041452	0.03757	0.038376	0.039891	0.042398	0.042363	0.048762	0.048036	0.050721	0.062747	0.079426	0.098031	0.1005	0.10424	0.10513	0.10663	0.10843	0.10897	0.11288	0.11176	0.11284	0.11377	0.1168	
0.018908	0.021485	0.030444	0.033954	0.037236	0.039416	0.048843	0.048525	0.05024	0.061892	0.078733	0.096194	0.099047	0.10369	0.10492	0.10663	0.1084	0.10917	0.11298	0.11187	0.11275	0.11358	0.1165	0.11488	
0.012851	0.03091	0.035036	0.03969	0.041142	0.049829	0.047907	0.049344	0.060739	0.078158	0.094149	0.097833	0.10343	0.10484	0.10659	0.10761	0.10838	0.1116	0.11036	0.11088	0.11158	0.11444	0.11249	0.11409	
0.035103	0.036449	0.040631	0.041557	0.051028	0.047648	0.04845	0.059986	0.077676	0.093603	0.097622	0.10379	0.10514	0.10658	0.10666	0.10743	0.11009	0.10864	0.10879	0.10936	0.11219	0.10994	0.11134	0.11274	
0.015486	0.027276	0.032626	0.046792	0.042647	0.044576	0.057865	0.075773	0.093401	0.096753	0.10405	0.1049	0.10625	0.10471	0.10557	0.10762	0.10574	0.10549	0.10594	0.10884	0.10634	0.10763	0.10896	0.11094	
0.028984	0.0345	0.052079	0.046624	0.048099	0.061271	0.078797	0.098157	0.10022	0.10828	0.10764	0.10846	0.10556	0.10625	0.10768	0.10537	0.10472	0.10498	0.10795	0.10522	0.10633	0.10751	0.10939	0.11223	
0.041764	0.058793	0.048826	0.048418	0.061202	0.079146	0.10237	0.10283	0.1119	0.10995	0.11019	0.1062	0.10676	0.10765	0.10481	0.10356	0.10369	0.10678	0.10389	0.10488	0.10595	0.10782	0.1107	0.11404	
0.035265	0.03022	0.035468	0.051377	0.072354	0.099935	0.10001	0.11106	0.1084	0.10909	0.10348	0.10481	0.1052	0.10245	0.10086	0.10086	0.10407	0.10104	0.10202	0.10307	0.10499	0.10793	0.11132	0.11206	
0.015112	0.019629	0.034154	0.063343	0.098034	0.097563	0.11219	0.10878	0.10999	0.10328	0.10498	0.10516	0.10226	0.1004	0.1003	0.10361	0.10055	0.10097	0.10194	0.10381	0.10676	0.1102	0.11094	0.11306	
0.012224	0.033092	0.069119	0.11189	0.10822	0.12257	0.1174	0.11686	0.10931	0.11031	0.11053	0.10677	0.10465	0.10408	0.10749	0.10402	0.10423	0.10488	0.10649	0.10921	0.11253	0.11308	0.11505	0.11552	
0.031125	0.075704	0.12567	0.11825	0.13541	0.13094	0.12881	0.11973	0.11943	0.11935	0.11448	0.11158	0.10971	0.11252	0.10846	0.10821	0.10848	0.10958	0.11206	0.11507	0.11516	0.11692	0.11709	0.12139	
0.057987	0.136	0.1267	0.15205	0.14601	0.13984	0.12901	0.12708	0.12625	0.12019	0.11651	0.11361	0.11586	0.11127	0.11069	0.11073	0.11155	0.11376	0.11652	0.11631	0.11791	0.11788	0.12205	0.12695	
0.15427	0.15298	0.1696	0.15365	0.14244	0.1321	0.12761	0.12828	0.12062	0.11743	0.11438	0.11706	0.1125	0.11215	0.11194	0.11286	0.11519	0.11811	0.11783	0.11951	0.11946	0.12363	0.12837	0.13406	
0.13824	0.14439	0.13718	0.12352	0.12002	0.11378	0.11984	0.1101	0.10949	0.10798	0.11269	0.10906	0.10992	0.11054	0.1121	0.11509	0.11857	0.1186	0.12076	0.12078	0.12531	0.13047	0.13635	0.14273	
0.10029	0.11432	0.10873	0.099009	0.092726	0.10043	0.092117	0.091413	0.089156	0.093738	0.092897	0.095796	0.097901	0.10062	0.10479	0.10943	0.10959	0.11231	0.11286	0.11802	0.12346	0.12953	0.13596	0.14238	
0.076834	0.077213	0.085817	0.075457	0.091379	0.081725	0.083947	0.082804	0.088493	0.08922	0.094313	0.097832	0.10176	0.10656	0.11172	0.11213	0.11514	0.11586	0.12096	0.12636	0.13219	0.13803	0.14436	0.15155	
0.053208	0.081057	0.079152	0.09444	0.083684	0.08475	0.081692	0.086829	0.086692	0.091284	0.093677	0.096624	0.10106	0.10591	0.10591	0.10857	0.10885	0.11397	0.11964	0.12598	0.13243	0.13884	0.14631	0.15443	
0.073327	0.073017	0.095579	0.084893	0.082911	0.079981	0.084582	0.084954	0.089324	0.091183	0.093812	0.098022	0.10281	0.10271	0.10524	0.10553	0.11074	0.1164	0.1227	0.12884	0.13523	0.1425	0.15043	0.15738	
0.033057	0.078245	0.078513	0.071421	0.074718	0.079244	0.081123	0.085056	0.086359	0.088425	0.092346	0.096876	0.096299	0.098833	0.099043	0.10389	0.10956	0.11602	0.12236	0.12901	0.13647	0.14462	0.15167	0.15635	
0.092529	0.086723	0.074921	0.081378	0.086759	0.0878	0.091144	0.090962	0.091662	0.094381	0.098066	0.096654	0.098722	0.098647	0.1033	0.10882	0.11505	0.12113	0.12759	0.13478	0.14268	0.14947	0.15389	0.15995	
0.07548	0.063582	0.072544	0.077499	0.076904	0.077441	0.076049	0.076426	0.079056	0.083038	0.081557	0.084533	0.084443	0.089618	0.09555	0.10279	0.11021	0.11754	0.12561	0.13426	0.14165	0.1464	0.15289	0.1555	
0.038225	0.067428	0.080363	0.076659	0.080119	0.078823	0.078879	0.081904	0.086265	0.084492	0.087067	0.086832	0.092026	0.098261	0.10455	0.11101	0.1178	0.1252	0.13311	0.13977	0.14393	0.14999	0.15201	0.14973	
0.035027	0.059879	0.065001	0.065946	0.064526	0.064432	0.068054	0.073031	0.070903	0.074318	0.074703	0.08078	0.087872	0.095112	0.10162	0.10872	0.11609	0.12432	0.13107	0.13533	0.14165	0.14363	0.1412	0.13879	
0.049701	0.055155	0.068962	0.067095	0.065662	0.06779	0.072096	0.069308	0.07312	0.073608	0.07943	0.086115	0.092432	0.096238	0.10286	0.10975	0.11755	0.12393	0.12797	0.13463	0.13649	0.13373	0.13094	0.12799	
0.041673	0.058087	0.059039	0.057863	0.060356	0.065117	0.062672	0.068324	0.069314	0.075721	0.082929	0.087208	0.088962	0.096099	0.10328	0.11124	0.11777	0.12223	0.12971	0.13131	0.12842	0.1255	0.12276	0.1214	
0.041115	0.067818	0.06237	0.063531	0.067211	0.066227	0.072084	0.073189	0.080555	0.084851	0.085688	0.084789	0.092541	0.099822	0.10773	0.11479	0.1194	0.12678	0.12744	0.12463	0.12158	0.11927	0.11759	0.12774	
0.018462	0.028224	0.036461	0.045948	0.051042	0.0609	0.063455	0.072897	0.077725	0.078899	0.077838	0.086332	0.09417	0.10291	0.11106	0.11584	0.12322	0.12355	0.12071	0.11762	0.11533	0.11389	0.1248	0.15145	
0.021245	0.033095	0.039394	0.050676	0.062131	0.064598	0.073011	0.076001	0.075662	0.073651	0.082784	0.091366	0.10132	0.1096	0.11379	0.12066	0.12002	0.11766	0.11471	0.11285	0.11132	0.12275	0.15021	0.18237	
0.013786	0.028754	0.046026	0.054823	0.056323	0.066333	0.070573	0.070713	0.068951	0.078935	0.088321	0.099178	0.1072	0.11067	0.11703	0.11554	0.1139	0.11122	0.10967	0.10815	0.12031	0.14903	0.18278	0.23301	
0.030879	0.038207	0.040578	0.042493	0.056585	0.066089	0.068721	0.068086	0.078097	0.087812	0.098784	0.1066	0.10941	0.11525	0.11305	0.11203	0.10947	0.10799	0.1066	0.11944	0.14928	0.18474	0.23675	0.28499	
0.032292	0.034612	0.038771	0.056137	0.063543	0.064928	0.064372	0.076182	0.086532	0.09708	0.10413	0.10582	0.11074	0.1072	0.10796	0.10624	0.10537	0.10383	0.11752	0.14891	0.1862	0.23996	0.28885	0.32852	
0.030956	0.041515	0.059799	0.062989	0.064063	0.063916	0.078491	0.089249	0.099133	0.1048	0.10509	0.10901	0.10394	0.1066	0.10563	0.1052	0.10347	0.11796	0.1508	0.18978	0.24506	0.29466	0.33459	0.36976	
0.032573	0.048795	0.057861	0.063694	0.066395	0.078637	0.089361	0.098649	0.10382	0.10311	0.10624	0.10054	0.10356	0.10201	0.1012	0.10017	0.11612	0.15137	0.19288	0.24986	0.29967	0.33945	0.37446	0.39627	
0.042432	0.059113	0.061046	0.058317	0.082091	0.092019	0.10119	0.10577	0.10462	0.10764	0.10166	0.10347	0.1006	0.098963	0.099091	0.11729	0.15491	0.19856	0.25705	0.30716	0.34677	0.3815	0.40252	0.41869	
0.040911	0.049699	0.050664	0.067612	0.078648	0.088966	0.094552	0.094246	0.097979	0.093191	0.09257	0.089792	0.088924	0.090892	0.11182	0.15335	0.20145	0.26295	0.31399	0.35442	0.38987	0.41073	0.42662	0.44643	
0.0090144	0.017244	0.052819	0.066837	0.078997	0.085786	0.086287	0.090947	0.088178	0.085066	0.084381	0.084476	0.087606	0.11164	0.15704	0.20834	0.27198	0.32343	0.36369	0.39896	0.4189	0.43379	0.45285	0.46314	
0.010203	0.040679	0.058094	0.071228	0.077145	0.077733	0.082543	0.079324	0.076904	0.077613	0.07921	0.082754	0.10968	0.1596	0.21426	0.28012	0.33216	0.37248	0.40751	0.42664	0.44057	0.45886	0.46828	0.47784	
0.007283	0.051186	0.065277	0.068218	0.067397	0.070247	0.064964	0.067477	0.068688	0.072519	0.076636	0.10646	0.16243	0.22049	0.28837	0.34048	0.38086	0.41475	0.43239	0.4448	0.46186	0.46936	0.47757	0.49028	
0.020853	0.040461	0.044414	0.038235	0.041305	0.040454	0.052386	0.054932	0.062282	0.067132	0.099956	0.16401	0.2261	0.29598	0.34771	0.38697	0.41938	0.43508	0.44562	0.46119	0.46723	0.47404	0.4871	0.49747	
0.024354	0.029705	0.029165	0.036499	0.0363	0.047847	0.052989	0.062512	0.068784	0.10582	0.17484	0.23887	0.30968	0.35978	0.39624	0.4264	0.4394	0.44746	0.4611	0.46548	0.4712	0.48376	0.49292	0.50023	
0.011897	0.020966	0.032868	0.036239	0.047682	0.054802	0.065591	0.07249	0.11251	0.1858	0.25157	0.32282	0.36993	0.40279	0.4301	0.43988	0.44512	0.45696	0.45899	0.46399	0.47569	0.48368	0.49047	0.50649	
0.020398	0.034781	0.03999	0.052973	0.059158	0.069097	0.075731	0.1179	0.19637	0.26242	0.33266	0.37602	0.40492	0.42872	0.43561	0.43804	0.44847	0.44948	0.45315	0.46363	0.47046	0.47701	0.49345	0.50013	
0.022369	0.034884	0.054232	0.060103	0.068651	0.07537	0.12183	0.20621	0.27173	0.33973	0.37842	0.40328	0.42376	0.42661	0.4262	0.43453	0.43446	0.4366	0.44596	0.45199	0.45869	0.47558	0.48294	0.48995	
0.03285	0.057774	0.065823	0.071506	0.078965	0.12906	0.21841	0.28067	0.34533	0.37802	0.3978	0.41513	0.41427	0.41044	0.41702	0.41553	0.41595	0.42422	0.42894	0.43634	0.45482	0.46355	0.47183	0.48736	
0.032126	0.055986	0.059715	0.068073	0.12829	0.22587	0.28126	0.34174	0.36809	0.38423	0.398	0.39267	0.38543	0.39016	0.38792	0.3872	0.39514	0.39995	0.40896	0.42932	0.44077	0.44991	0.4654	0.49744	
0.017473	0.043865	0.047646	0.13338	0.23489	0.28021	0.33777	0.35934	0.36995	0.37905	0.36954	0.35901	0.36192	0.359	0.35756	0.36547	0.37118	0.38228	0.40321	0.41648	0.42621	0.44198	0.4771	0.52191	
0.024252	0.047703	0.14697	0.23206	0.26431	0.31982	0.33745	0.34268	0.34722	0.33385	0.32139	0.32359	0.32189	0.32106	0.32974	0.33683	0.34983	0.37136	0.38579	0.39654	0.41467	0.45551	0.49897	0.5574	
0.013573	0.15648	0.23366	0.24889	0.30358	0.31263	0.31098	0.31024	0.29515	0.28274	0.28634	0.28634	0.28564	0.29447	0.30289	0.31681	0.33834	0.35316	0.3646	0.38527	0.42854	0.47432	0.53371	0.58827	
0.14437	0.19567	0.21312	0.26563	0.26369	0.25999	0.26229	0.24916	0.23779	0.24219	0.24447	0.24434	0.2549	0.26441	0.27905	0.30061	0.31455	0.32716	0.35116	0.40047	0.44715	0.51032	0.56669	0.60803	
0.12571	0.1271	0.19071	0.19562	0.19457	0.19604	0.18875	0.18255	0.18844	0.19558	0.19727	0.20997	0.22239	0.23938	0.26053	0.27491	0.28975	0.31769	0.37225	0.4229	0.48865	0.55203	0.59461	0.63437	
0.030356	0.15917	0.15073	0.14545	0.14283	0.14657	0.14738	0.15343	0.16492	0.1669	0.18065	0.19437	0.2109	0.2303	0.2445	0.26198	0.29516	0.35565	0.40922	0.47499	0.54261	0.58821	0.6253	0.65953	
0.14652	0.13233	0.12688	0.12027	0.13241	0.1395	0.14368	0.15756	0.15803	0.16911	0.18081	0.192	0.2102	0.22502	0.2465	0.28621	0.35441	0.41086	0.47795	0.5469	0.59242	0.62546	0.67008	0.70043	
0.04898	0.073107	0.07571	0.097036	0.11065	0.12622	0.14428	0.14564	0.15887	0.16921	0.17619	0.19372	0.21215	0.23815	0.28022	0.34939	0.40843	0.47357	0.54338	0.58989	0.6279	0.67617	0.71394	0.79595	
0.036627	0.051766	0.085426	0.099046	0.12077	0.1383	0.13603	0.1437	0.1469	0.15036	0.17197	0.19512	0.22514	0.27071	0.3451	0.40895	0.47571	0.54749	0.59446	0.63463	0.6793	0.73024	0.81156	0.84886	