0.52589	0.59277	0.55656	0.49648	0.54584	0.58426	0.6293	0.68274	0.65423	0.6493	0.61748	0.58866	0.56823	0.54273	0.53113	0.51381	0.5073	0.49349	0.49225	0.48431	0.4808	0.47463	0.47483	0.46879	
0.31732	0.36505	0.40214	0.46046	0.51525	0.57235	0.62983	0.60159	0.59766	0.57138	0.54983	0.53308	0.50818	0.49758	0.48228	0.47581	0.46461	0.46356	0.45725	0.45457	0.44852	0.44873	0.44591	0.4449	
0.091528	0.20099	0.37196	0.41121	0.47853	0.54655	0.52381	0.52621	0.50645	0.48228	0.47286	0.44696	0.43895	0.42344	0.42756	0.42191	0.42521	0.42164	0.42343	0.41791	0.4208	0.41803	0.41867	0.41835	
0.1434	0.36623	0.40966	0.44524	0.49857	0.46636	0.46678	0.44181	0.42308	0.41582	0.39481	0.39473	0.3823	0.38833	0.38546	0.39297	0.39193	0.39538	0.39261	0.39797	0.39663	0.39846	0.39889	0.40227	
0.27398	0.27558	0.36905	0.41041	0.3933	0.39688	0.37042	0.3584	0.35417	0.34098	0.34458	0.33618	0.34591	0.34642	0.35651	0.35778	0.3637	0.36214	0.36872	0.36901	0.37274	0.37402	0.3784	0.37543	
0.079089	0.2553	0.37544	0.34306	0.35417	0.33429	0.32723	0.3239	0.31044	0.3142	0.30492	0.31462	0.31649	0.32671	0.32988	0.33602	0.33723	0.34321	0.34716	0.35209	0.35491	0.35996	0.3585	0.35938	
0.26206	0.3844	0.34115	0.34387	0.33003	0.32558	0.32115	0.30534	0.30773	0.29687	0.30485	0.30696	0.31586	0.31969	0.3253	0.32821	0.33359	0.34007	0.34501	0.34808	0.35285	0.35182	0.35316	0.35411	
0.23839	0.25941	0.27311	0.28371	0.29233	0.29401	0.28122	0.28422	0.27406	0.2821	0.28573	0.29359	0.2996	0.30496	0.31093	0.31635	0.32677	0.33256	0.33639	0.34157	0.34172	0.34413	0.34635	0.34706	
0.24257	0.26613	0.2878	0.30492	0.29999	0.28915	0.28696	0.27578	0.27882	0.28307	0.2883	0.2958	0.29945	0.30801	0.3129	0.32795	0.33396	0.33869	0.34397	0.34478	0.34737	0.34925	0.34955	0.35069	
0.22296	0.25144	0.26688	0.25894	0.24672	0.24745	0.23806	0.24541	0.25081	0.25909	0.26828	0.27344	0.28297	0.28881	0.3034	0.30861	0.31222	0.31648	0.31602	0.31849	0.32004	0.32107	0.32279	0.32196	
0.15982	0.21681	0.21946	0.21234	0.21507	0.20986	0.21931	0.22707	0.23642	0.24792	0.25334	0.26472	0.27	0.28449	0.28891	0.29174	0.29483	0.29324	0.29591	0.29749	0.29917	0.30133	0.30104	0.30009	
0.092333	0.16023	0.16653	0.17768	0.17603	0.18972	0.20064	0.21218	0.22577	0.23145	0.24438	0.24932	0.2641	0.26818	0.27047	0.27327	0.27173	0.27506	0.277	0.27966	0.28253	0.28286	0.28225	0.28135	
0.12805	0.16246	0.18098	0.17789	0.19297	0.20494	0.21612	0.22884	0.23295	0.24409	0.2475	0.25968	0.26253	0.2632	0.26515	0.26285	0.26623	0.26781	0.27099	0.27394	0.27434	0.27373	0.27294	0.27273	
0.1215	0.15952	0.1672	0.18076	0.20193	0.21105	0.22846	0.23043	0.24481	0.24702	0.25938	0.26097	0.26053	0.26178	0.2587	0.26199	0.26309	0.26631	0.26907	0.26943	0.26862	0.2677	0.26736	0.26656	
0.1183	0.14904	0.17844	0.19568	0.20464	0.22144	0.2224	0.23698	0.23864	0.25054	0.25211	0.25105	0.2525	0.24933	0.25317	0.2548	0.25876	0.2621	0.26277	0.26185	0.26089	0.26048	0.25972	0.26108	
0.10705	0.15439	0.19722	0.20421	0.21758	0.21714	0.22835	0.22819	0.23555	0.23604	0.23466	0.23642	0.23299	0.23725	0.23846	0.2434	0.24704	0.24832	0.24759	0.24703	0.24686	0.24634	0.24804	0.24912	
0.13682	0.19771	0.21167	0.21963	0.21554	0.2279	0.22465	0.23408	0.23482	0.23263	0.2339	0.23032	0.23516	0.23663	0.24165	0.24549	0.24665	0.24549	0.24453	0.24403	0.2432	0.24477	0.24577	0.24886	
0.16004	0.18118	0.20212	0.19411	0.20877	0.20509	0.21594	0.21703	0.21518	0.21633	0.21353	0.21945	0.22087	0.22693	0.2313	0.23296	0.23191	0.23136	0.23088	0.23025	0.23207	0.23355	0.23698	0.23824	
0.12086	0.16031	0.17038	0.19198	0.18938	0.20759	0.21106	0.20914	0.21133	0.20858	0.21582	0.21813	0.22456	0.22948	0.23117	0.22978	0.22889	0.22808	0.2272	0.22892	0.23067	0.23428	0.23595	0.23883	
0.12701	0.14519	0.19326	0.18304	0.20276	0.20458	0.20189	0.20336	0.2006	0.20812	0.20905	0.21608	0.22084	0.22235	0.22092	0.21993	0.21918	0.21801	0.21987	0.22189	0.22564	0.22758	0.23049	0.23232	
0.098788	0.1646	0.17257	0.19468	0.2014	0.19781	0.20015	0.19779	0.20666	0.20844	0.21617	0.22144	0.22293	0.22058	0.21916	0.21818	0.21684	0.21853	0.22083	0.22458	0.22674	0.2298	0.23176	0.23473	
0.16489	0.17742	0.20375	0.20352	0.19884	0.1989	0.19608	0.20398	0.20459	0.21231	0.21673	0.21803	0.21523	0.21356	0.21241	0.211	0.21262	0.21487	0.21864	0.22095	0.22395	0.22595	0.2289	0.23084	
0.12313	0.17922	0.19949	0.19209	0.19455	0.19206	0.20228	0.20408	0.21237	0.21677	0.21765	0.21374	0.2116	0.2099	0.20842	0.20986	0.21249	0.21643	0.2191	0.22228	0.22442	0.22744	0.2294	0.2296	
0.16396	0.18833	0.18514	0.18444	0.18327	0.19283	0.19453	0.20326	0.20774	0.2081	0.20429	0.20214	0.20055	0.19934	0.20088	0.20438	0.20839	0.2117	0.21518	0.21768	0.22097	0.22274	0.22252	0.22115	
0.17171	0.17175	0.18341	0.18252	0.19447	0.19527	0.20465	0.20755	0.20693	0.20276	0.20006	0.19809	0.19659	0.19788	0.20184	0.20602	0.20969	0.21334	0.21599	0.21933	0.22126	0.22104	0.21933	0.22216	
0.10216	0.13685	0.15737	0.1697	0.17477	0.18519	0.18922	0.18895	0.18597	0.18359	0.18267	0.18235	0.18373	0.18933	0.19419	0.19864	0.20263	0.20575	0.20943	0.21177	0.21191	0.21036	0.21353	0.216	
0.078445	0.1434	0.1751	0.17879	0.18781	0.1908	0.18868	0.18568	0.18311	0.1817	0.18063	0.18161	0.18811	0.19315	0.19796	0.20172	0.20464	0.20813	0.2101	0.21016	0.20846	0.21167	0.21426	0.21856	
0.095936	0.14833	0.166	0.17189	0.17568	0.17366	0.17304	0.1711	0.16988	0.16965	0.17047	0.17854	0.18432	0.18974	0.19354	0.19664	0.20016	0.20263	0.20313	0.20167	0.20521	0.20779	0.21261	0.21686	
0.12426	0.15332	0.1711	0.16921	0.16669	0.16811	0.16532	0.16462	0.16512	0.16619	0.17539	0.18099	0.18622	0.18961	0.19265	0.19617	0.19917	0.19999	0.19855	0.20242	0.20519	0.21051	0.21518	0.22008	
0.094498	0.1394	0.15289	0.15042	0.15563	0.15558	0.15599	0.15753	0.15907	0.16995	0.1758	0.18137	0.18461	0.18792	0.19144	0.19503	0.19618	0.19462	0.19862	0.20149	0.20709	0.21194	0.21693	0.22231	
0.11038	0.14298	0.15311	0.15412	0.15547	0.15584	0.15708	0.15889	0.17085	0.17687	0.18217	0.18552	0.1885	0.19167	0.19517	0.19545	0.19356	0.19758	0.20037	0.20589	0.21065	0.21553	0.22084	0.22645	
0.08317	0.13028	0.15035	0.15021	0.15251	0.15529	0.15721	0.17181	0.17807	0.18406	0.187	0.19049	0.19369	0.19745	0.19755	0.19516	0.19912	0.20183	0.20745	0.21217	0.21685	0.22197	0.22736	0.23215	
0.10061	0.13657	0.15012	0.14923	0.15207	0.15497	0.16547	0.17139	0.17555	0.179	0.18225	0.18475	0.18887	0.18897	0.18647	0.19068	0.19364	0.19959	0.20458	0.20951	0.21475	0.22022	0.22508	0.22822	
0.09404	0.12966	0.14382	0.14645	0.1513	0.16827	0.1749	0.17865	0.18181	0.18493	0.18714	0.19128	0.19101	0.18789	0.1917	0.19427	0.20013	0.2048	0.20924	0.21433	0.21954	0.22414	0.22691	0.23105	
0.083386	0.12861	0.14445	0.15317	0.15867	0.16672	0.17009	0.17384	0.17826	0.18003	0.18496	0.18456	0.1813	0.18527	0.18791	0.19391	0.19862	0.20287	0.20797	0.21284	0.21745	0.22018	0.22443	0.22729	
0.097825	0.13696	0.14935	0.15496	0.16355	0.16866	0.17214	0.17849	0.18041	0.18681	0.18671	0.18316	0.18695	0.18948	0.19508	0.19943	0.20313	0.20781	0.21201	0.21596	0.21793	0.2221	0.22484	0.22882	
0.092844	0.13155	0.14984	0.15975	0.16744	0.17231	0.1784	0.17994	0.18661	0.1858	0.18187	0.18535	0.18732	0.19176	0.19512	0.19758	0.20163	0.20498	0.20836	0.20976	0.2145	0.21754	0.22179	0.22669	
0.10243	0.14759	0.16715	0.17216	0.17736	0.18383	0.18557	0.19085	0.1888	0.18406	0.18694	0.18748	0.19049	0.1922	0.19324	0.19655	0.19868	0.20188	0.20315	0.20873	0.21218	0.21678	0.22218	0.2298	
0.13309	0.16039	0.18253	0.18278	0.19128	0.19173	0.19628	0.19285	0.18661	0.1881	0.18702	0.18792	0.18778	0.18683	0.18917	0.19045	0.19411	0.19574	0.20242	0.20639	0.21136	0.2173	0.22521	0.22964	
0.13865	0.16045	0.18866	0.1835	0.18559	0.188	0.18316	0.17673	0.17744	0.17545	0.17524	0.17417	0.17286	0.17531	0.17699	0.18195	0.18458	0.1926	0.1974	0.20293	0.20921	0.21763	0.22234	0.2252	
0.11671	0.16185	0.17501	0.178	0.18278	0.17706	0.17124	0.17177	0.16918	0.16867	0.16655	0.16521	0.16755	0.16953	0.17501	0.17812	0.18661	0.19156	0.19712	0.2035	0.21204	0.21675	0.21948	0.22152	
0.14829	0.16736	0.17908	0.18077	0.17397	0.16754	0.16814	0.16295	0.16227	0.15986	0.15884	0.1611	0.16378	0.17015	0.17382	0.18285	0.18804	0.19377	0.20031	0.20915	0.21387	0.21659	0.21858	0.22247	
0.12859	0.15301	0.17177	0.16852	0.16544	0.16489	0.1594	0.15911	0.15654	0.15544	0.15781	0.16051	0.16724	0.171	0.17996	0.18483	0.19034	0.19645	0.20521	0.20981	0.21235	0.21414	0.21774	0.22148	
0.099963	0.13687	0.14599	0.14616	0.14922	0.14523	0.14563	0.14428	0.14489	0.14867	0.15262	0.16072	0.16499	0.17477	0.17982	0.1857	0.192	0.20103	0.20575	0.20853	0.21027	0.21402	0.21776	0.22186	
0.10851	0.12621	0.14853	0.1465	0.14208	0.14354	0.14295	0.14412	0.14818	0.15323	0.16164	0.16478	0.17341	0.17717	0.18228	0.18748	0.19615	0.20051	0.20324	0.20497	0.20858	0.21198	0.21549	0.2187	
0.074732	0.11884	0.13384	0.13228	0.13444	0.13589	0.13878	0.14424	0.15134	0.16258	0.1657	0.17438	0.17698	0.18181	0.18627	0.1949	0.19915	0.20166	0.2032	0.20681	0.21003	0.21302	0.21545	0.21483	
0.088791	0.12653	0.12972	0.13341	0.13685	0.14077	0.14748	0.15472	0.16433	0.16561	0.17252	0.17372	0.17747	0.18113	0.18975	0.19344	0.1956	0.19706	0.2007	0.20372	0.20625	0.20794	0.20668	0.20583	
0.098531	0.1215	0.13054	0.13619	0.13978	0.14699	0.15427	0.16326	0.16357	0.16943	0.16991	0.17337	0.17708	0.18595	0.18937	0.19166	0.19309	0.19674	0.19977	0.20212	0.20355	0.20193	0.20079	0.20013	
0.081917	0.11478	0.12584	0.13073	0.13842	0.14665	0.15453	0.15425	0.15961	0.15982	0.1632	0.16698	0.17672	0.1806	0.18336	0.18513	0.18908	0.19237	0.19478	0.19606	0.19422	0.19297	0.19227	0.19308	
0.084318	0.12134	0.1315	0.14118	0.14802	0.15468	0.15324	0.15852	0.15817	0.16162	0.16563	0.17546	0.17923	0.18201	0.18381	0.18719	0.19057	0.19304	0.19427	0.19232	0.19098	0.19025	0.19104	0.19375	
0.091712	0.12105	0.13587	0.14247	0.15	0.14856	0.15388	0.15286	0.15675	0.16106	0.17161	0.17548	0.17849	0.18015	0.18368	0.18697	0.18951	0.19084	0.18889	0.18754	0.18689	0.1877	0.19059	0.19594	
0.061385	0.12706	0.13788	0.14512	0.14356	0.14998	0.14883	0.15272	0.15739	0.16774	0.17113	0.17379	0.17519	0.17859	0.18179	0.1844	0.18595	0.18422	0.18299	0.18199	0.18286	0.18603	0.1918	0.1918	
0.09195	0.11952	0.13538	0.13495	0.14381	0.14354	0.14674	0.15188	0.16369	0.16641	0.16882	0.17003	0.17311	0.17567	0.17824	0.17993	0.17843	0.17738	0.17638	0.17716	0.18066	0.18676	0.18672	0.19514	
0.083181	0.11812	0.12842	0.1369	0.13753	0.14189	0.148	0.16052	0.16297	0.16488	0.16546	0.16807	0.1703	0.17281	0.17467	0.17356	0.17262	0.17168	0.17263	0.17644	0.18306	0.18294	0.19166	0.1907	
0.089985	0.11982	0.14086	0.1364	0.14328	0.14927	0.16237	0.16416	0.16496	0.16424	0.16615	0.16701	0.16919	0.17168	0.17102	0.1704	0.16937	0.17044	0.17428	0.18131	0.18107	0.18993	0.18885	0.1937	
0.075489	0.12227	0.13464	0.14187	0.14928	0.16224	0.16434	0.1639	0.16261	0.16355	0.16364	0.16674	0.16795	0.16774	0.16832	0.16788	0.16732	0.17113	0.1787	0.17836	0.18771	0.18654	0.19137	0.19182	
0.089148	0.12412	0.14395	0.15103	0.16325	0.16443	0.16246	0.1599	0.16019	0.16045	0.16395	0.16719	0.1663	0.16719	0.1667	0.16625	0.17002	0.17805	0.17876	0.18717	0.18541	0.19022	0.19055	0.19213	
0.075189	0.12662	0.14261	0.15492	0.15729	0.15401	0.15139	0.15165	0.1521	0.15574	0.15933	0.15841	0.1595	0.15922	0.15903	0.16304	0.17188	0.17329	0.18172	0.18001	0.18519	0.1856	0.18683	0.18615	
0.096233	0.13409	0.15052	0.15211	0.14983	0.14698	0.14794	0.14859	0.1523	0.15677	0.15707	0.15692	0.15592	0.15546	0.15995	0.16956	0.17118	0.18026	0.1785	0.18379	0.18409	0.18513	0.18397	0.18497	
0.087175	0.13438	0.14333	0.14239	0.14131	0.14327	0.14386	0.14631	0.14985	0.15017	0.15058	0.14909	0.14846	0.15394	0.16461	0.16641	0.17654	0.17476	0.18028	0.18057	0.18164	0.18056	0.1815	0.18204	
0.10231	0.12846	0.1366	0.13452	0.13997	0.14107	0.1437	0.14742	0.14838	0.14914	0.1475	0.14864	0.15389	0.16441	0.16605	0.17679	0.17481	0.18025	0.1804	0.18118	0.17988	0.18051	0.18083	0.18214	
0.082829	0.11737	0.12763	0.13606	0.14073	0.14404	0.14754	0.14793	0.14881	0.14742	0.14872	0.15419	0.16546	0.16733	0.17843	0.17627	0.18088	0.18083	0.18106	0.17964	0.17974	0.17981	0.18091	0.18049	
0.070038	0.11187	0.13346	0.13551	0.14067	0.1453	0.14672	0.14844	0.14746	0.14932	0.15564	0.16898	0.16956	0.18182	0.17964	0.18475	0.1847	0.18415	0.18253	0.18245	0.18234	0.18314	0.18251	0.18206	
0.072061	0.11398	0.13191	0.1351	0.141	0.14467	0.14747	0.14724	0.14974	0.15704	0.17225	0.17277	0.18708	0.1835	0.18787	0.18729	0.18591	0.18403	0.18343	0.18279	0.18307	0.18216	0.18154	0.17997	
0.070024	0.11545	0.12944	0.13842	0.14402	0.14771	0.14805	0.15045	0.15871	0.17519	0.17565	0.18898	0.18546	0.18812	0.1864	0.18471	0.18238	0.18134	0.18039	0.18019	0.17905	0.17835	0.17667	0.17623	
0.066131	0.1092	0.13157	0.1411	0.14739	0.14856	0.15127	0.1622	0.18037	0.18216	0.18852	0.18479	0.18477	0.18233	0.18049	0.17866	0.17739	0.17633	0.17567	0.17437	0.17373	0.17207	0.17152	0.17234	
0.075712	0.10942	0.14272	0.14728	0.14881	0.15357	0.16568	0.1782	0.17991	0.18251	0.18057	0.17844	0.1762	0.1753	0.17449	0.17334	0.17255	0.17186	0.1705	0.16995	0.16835	0.16653	0.16751	0.17056	
0.073915	0.13106	0.14079	0.14133	0.14452	0.15501	0.16258	0.17116	0.17113	0.17125	0.17024	0.16862	0.16884	0.16878	0.16807	0.16769	0.1674	0.16618	0.1656	0.16292	0.16249	0.16357	0.16687	0.1682	
0.089771	0.12066	0.12443	0.12703	0.13949	0.14498	0.16239	0.16172	0.16608	0.16526	0.16329	0.16437	0.16502	0.16449	0.16453	0.16459	0.16326	0.16257	0.16008	0.15982	0.16084	0.16428	0.16556	0.16669	
0.095647	0.1192	0.12709	0.14104	0.14797	0.16652	0.16712	0.17179	0.1709	0.16752	0.16772	0.1676	0.1668	0.16665	0.16655	0.16508	0.16325	0.16173	0.16126	0.16214	0.16546	0.16613	0.16695	0.16845	
0.076598	0.11111	0.13627	0.13998	0.16767	0.16662	0.17497	0.17449	0.16999	0.16991	0.16907	0.16799	0.16766	0.16786	0.16554	0.16472	0.1621	0.16147	0.16219	0.16537	0.16561	0.16593	0.16694	0.16596	
0.08291	0.13209	0.14696	0.17514	0.1729	0.18112	0.18061	0.17763	0.17297	0.1716	0.17018	0.16917	0.16904	0.16757	0.16658	0.16366	0.16288	0.1634	0.16637	0.16632	0.16591	0.16647	0.16518	0.16628	
0.09732	0.13	0.18183	0.17908	0.18937	0.18721	0.18291	0.17996	0.17641	0.17445	0.17282	0.17219	0.17047	0.1693	0.16581	0.1643	0.16454	0.16718	0.16672	0.16588	0.16606	0.16448	0.1654	0.16565	
0.08974	0.18365	0.18577	0.20023	0.19693	0.19144	0.18708	0.18228	0.17953	0.17694	0.17558	0.17346	0.17192	0.16783	0.16567	0.16571	0.16808	0.16673	0.16555	0.16527	0.16345	0.16426	0.16448	0.1635	
0.17273	0.17674	0.17953	0.18238	0.18473	0.1861	0.18021	0.17735	0.17461	0.17231	0.16995	0.16995	0.16578	0.1634	0.16374	0.16644	0.16523	0.16382	0.16359	0.16182	0.16281	0.1632	0.16246	0.16257	
0.097588	0.13256	0.15017	0.17033	0.17345	0.16813	0.16555	0.16368	0.16204	0.1611	0.16279	0.15938	0.1575	0.15828	0.16148	0.16048	0.15912	0.15758	0.15547	0.15673	0.15703	0.15667	0.15723	0.16115	
0.09304	0.13423	0.16173	0.16915	0.17011	0.16682	0.164	0.16095	0.15912	0.16011	0.15661	0.15508	0.15598	0.15925	0.15824	0.15674	0.15519	0.15314	0.15444	0.15478	0.15453	0.15518	0.1593	0.15933	
0.068186	0.13968	0.14993	0.15084	0.15056	0.14848	0.14876	0.14653	0.14842	0.14606	0.14544	0.14689	0.15038	0.14946	0.14663	0.14664	0.14504	0.14679	0.14767	0.14801	0.14914	0.15409	0.15466	0.15496	
0.099616	0.1284	0.14477	0.1489	0.1451	0.14421	0.14391	0.14384	0.1417	0.14199	0.14334	0.14681	0.14561	0.1441	0.14406	0.14119	0.14297	0.144	0.14449	0.14572	0.15093	0.15165	0.152	0.15302	
0.094263	0.12981	0.14507	0.14446	0.1462	0.14575	0.14372	0.14095	0.14162	0.143	0.14656	0.14538	0.14266	0.14274	0.14116	0.14321	0.14454	0.14523	0.14627	0.15176	0.15242	0.1528	0.15381	0.15418	
0.074467	0.11777	0.13588	0.1391	0.14196	0.14265	0.13867	0.13899	0.1406	0.14417	0.14293	0.14159	0.14195	0.14038	0.14257	0.14411	0.14488	0.14513	0.15084	0.1516	0.1516	0.15277	0.15309	0.15259	
0.074292	0.11867	0.13789	0.14382	0.14637	0.1412	0.13993	0.14153	0.14419	0.14285	0.14163	0.14219	0.14074	0.14278	0.14423	0.14504	0.14537	0.15102	0.1515	0.15136	0.1523	0.15243	0.1519	0.15391	
0.081051	0.12072	0.13543	0.13988	0.13776	0.13875	0.13868	0.1414	0.13962	0.13902	0.13994	0.1386	0.14094	0.14265	0.14362	0.14466	0.15033	0.15069	0.15027	0.15114	0.15118	0.15073	0.15279	0.15338	
0.091408	0.12545	0.13414	0.13671	0.13927	0.13993	0.14193	0.14146	0.14125	0.14078	0.1398	0.14268	0.14438	0.14543	0.14559	0.15107	0.15118	0.15062	0.15135	0.15119	0.15074	0.15225	0.1529	0.15434	
0.090487	0.1199	0.13247	0.13586	0.13813	0.13874	0.13908	0.1395	0.13948	0.13867	0.14186	0.14337	0.14442	0.14497	0.15016	0.15003	0.14925	0.14986	0.14959	0.14929	0.15092	0.15162	0.15309	0.15515	
0.092501	0.1162	0.13089	0.13506	0.13946	0.14065	0.14028	0.14033	0.13913	0.142	0.14332	0.14424	0.14432	0.1492	0.14881	0.1475	0.14809	0.1478	0.14763	0.14947	0.15028	0.1518	0.1539	0.15874	
0.074717	0.11586	0.1343	0.1382	0.14014	0.13989	0.14079	0.13935	0.14267	0.14326	0.1446	0.14504	0.14816	0.14775	0.14619	0.14671	0.14635	0.14633	0.14831	0.14915	0.15066	0.15274	0.15765	0.1597	
0.07956	0.11043	0.13086	0.13752	0.13684	0.13813	0.13715	0.14078	0.14162	0.14258	0.14309	0.14627	0.14601	0.14425	0.1443	0.14404	0.1442	0.14647	0.14732	0.14893	0.15098	0.15594	0.15799	0.16001	
0.061309	0.11955	0.12942	0.13096	0.13219	0.13089	0.13464	0.13592	0.1375	0.13821	0.1419	0.14228	0.14015	0.14046	0.14012	0.14054	0.14316	0.14413	0.1458	0.1479	0.1531	0.15518	0.15723	0.16131	
0.086993	0.11538	0.12445	0.12663	0.12688	0.13169	0.13333	0.1356	0.13624	0.14027	0.14082	0.13874	0.13928	0.13878	0.13923	0.14191	0.1429	0.14459	0.14669	0.15201	0.15408	0.15616	0.16042	0.167	
0.081336	0.11406	0.1215	0.12421	0.12863	0.13199	0.13469	0.1358	0.14051	0.1413	0.13921	0.13971	0.13907	0.13973	0.14253	0.14334	0.14503	0.14711	0.15249	0.15447	0.15655	0.161	0.16777	0.17341	
0.08351	0.11239	0.12082	0.12717	0.1312	0.13358	0.1345	0.13962	0.14019	0.13849	0.13916	0.13876	0.13937	0.14232	0.14329	0.14509	0.14728	0.15293	0.15509	0.15729	0.16157	0.1684	0.17422	0.18168	
0.092018	0.11748	0.13222	0.13455	0.13833	0.13806	0.14252	0.14257	0.14047	0.14057	0.13987	0.13993	0.14287	0.14379	0.1456	0.14776	0.1535	0.15549	0.15776	0.16186	0.1689	0.1748	0.18245	0.18809	
0.088477	0.12278	0.1323	0.13624	0.13536	0.14056	0.1414	0.13961	0.13999	0.13965	0.13964	0.14258	0.14308	0.14503	0.14696	0.1526	0.15463	0.15633	0.16062	0.16783	0.17388	0.18172	0.18746	0.19398	
0.070326	0.11736	0.13094	0.13111	0.137	0.13941	0.13799	0.13821	0.13849	0.13882	0.14229	0.14324	0.14524	0.14703	0.15276	0.15488	0.15665	0.16111	0.16856	0.17477	0.18279	0.1886	0.19502	0.19943	
0.074288	0.11565	0.12589	0.13722	0.14039	0.13878	0.13883	0.13878	0.13807	0.14118	0.14193	0.14378	0.14548	0.15147	0.15373	0.15577	0.16067	0.16838	0.17455	0.18274	0.18859	0.19506	0.19939	0.20373	
0.064488	0.10724	0.13001	0.13345	0.13532	0.13613	0.13734	0.13686	0.14065	0.14159	0.1437	0.14526	0.15181	0.1543	0.15631	0.16139	0.16943	0.17576	0.18411	0.19	0.19641	0.20068	0.20504	0.20874	
0.074104	0.11873	0.13242	0.13503	0.13624	0.13794	0.13814	0.14162	0.14231	0.14447	0.14603	0.1528	0.15546	0.15737	0.16227	0.17041	0.17669	0.18497	0.19076	0.19671	0.20091	0.20508	0.20858	0.21302	
0.090334	0.12123	0.13099	0.13338	0.1356	0.13642	0.14069	0.14161	0.14365	0.14535	0.15255	0.15503	0.15665	0.16147	0.16963	0.17577	0.18417	0.18995	0.19549	0.19955	0.20333	0.20642	0.2103	0.21231	
0.087901	0.12062	0.12845	0.13257	0.13681	0.14161	0.14281	0.14462	0.14621	0.15281	0.15488	0.15586	0.16057	0.16878	0.17465	0.18295	0.18841	0.19361	0.19743	0.20063	0.20301	0.20604	0.20772	0.21161	
0.096857	0.11944	0.13279	0.13328	0.14111	0.14281	0.14362	0.14492	0.15169	0.15305	0.15369	0.15884	0.16729	0.17298	0.18133	0.18667	0.19172	0.19549	0.19805	0.19971	0.202	0.20358	0.20756	0.21329	
0.078739	0.11687	0.12774	0.13705	0.13903	0.14005	0.14148	0.14915	0.14981	0.14972	0.15475	0.16365	0.16942	0.17767	0.18259	0.18741	0.19098	0.19299	0.19411	0.19608	0.1979	0.20157	0.20727	0.21422	
0.068703	0.1128	0.1343	0.13723	0.13694	0.13906	0.14712	0.14768	0.14736	0.15267	0.16191	0.16752	0.17583	0.18068	0.18521	0.18831	0.1897	0.19037	0.19214	0.19403	0.19769	0.20334	0.21032	0.21591	
0.0769	0.1236	0.12912	0.12982	0.13405	0.14343	0.14414	0.1441	0.15028	0.15978	0.16542	0.17384	0.17858	0.1829	0.18572	0.18687	0.18741	0.18916	0.1909	0.19442	0.19979	0.20664	0.21208	0.21622	
0.10278	0.1203	0.12851	0.13257	0.14364	0.14401	0.14341	0.15021	0.15994	0.16563	0.17421	0.17855	0.18257	0.185	0.18577	0.18597	0.18737	0.18895	0.19233	0.1976	0.20445	0.21022	0.21426	0.2182	
0.090389	0.11849	0.1318	0.14134	0.14251	0.14151	0.14777	0.15721	0.1626	0.17031	0.17445	0.17818	0.17993	0.18104	0.18148	0.18349	0.18486	0.18799	0.19301	0.19965	0.20535	0.20947	0.21357	0.2184	
0.075489	0.1146	0.14094	0.14159	0.1402	0.14729	0.15759	0.16281	0.17111	0.17473	0.17769	0.17868	0.17875	0.17894	0.18084	0.18252	0.18578	0.19081	0.19758	0.20339	0.2076	0.21158	0.21649	0.22274	
0.070042	0.13201	0.1381	0.13697	0.14568	0.15623	0.16085	0.16792	0.17092	0.17344	0.17402	0.17405	0.17416	0.17615	0.17794	0.18131	0.18638	0.19329	0.19927	0.20373	0.20786	0.21298	0.21933	0.22586	
0.10965	0.12963	0.13205	0.14233	0.15454	0.15915	0.16604	0.16793	0.17015	0.16981	0.16935	0.169	0.17102	0.17296	0.17631	0.18143	0.18854	0.19475	0.19946	0.2038	0.20912	0.21559	0.22205	0.22596	
0.06544	0.11377	0.13358	0.14999	0.15443	0.16168	0.16372	0.16597	0.16568	0.16536	0.16507	0.16722	0.16924	0.17219	0.1774	0.18465	0.19111	0.19586	0.20026	0.20567	0.21208	0.21857	0.22248	0.22785	
0.075064	0.12279	0.15196	0.15336	0.16092	0.16281	0.16519	0.16449	0.16364	0.16338	0.16565	0.16777	0.17064	0.17607	0.18305	0.18959	0.19435	0.19868	0.20409	0.21039	0.21663	0.22039	0.22564	0.22746	
0.080855	0.14105	0.14621	0.15286	0.15692	0.15932	0.15871	0.15718	0.15714	0.15937	0.16142	0.16445	0.17038	0.1778	0.1846	0.18923	0.19382	0.19944	0.20581	0.21205	0.21575	0.2207	0.22237	0.22308	
0.094158	0.11506	0.13548	0.14315	0.14706	0.14794	0.14759	0.14817	0.14999	0.15221	0.15597	0.16269	0.17037	0.17771	0.18278	0.18756	0.19357	0.20007	0.20645	0.20977	0.21473	0.21632	0.21685	0.21814	
0.071926	0.12393	0.1378	0.13929	0.14117	0.14034	0.14101	0.14295	0.14588	0.15029	0.15736	0.1655	0.17307	0.17799	0.1827	0.18868	0.19517	0.20157	0.20484	0.20977	0.21116	0.21151	0.21263	0.21368	
0.10059	0.12484	0.13833	0.1389	0.1378	0.13852	0.14022	0.14406	0.14873	0.15629	0.16434	0.17143	0.17618	0.1804	0.1863	0.1926	0.19893	0.202	0.20679	0.20773	0.20783	0.20872	0.2096	0.2111	
0.083551	0.11492	0.13532	0.13302	0.13591	0.13922	0.14349	0.14841	0.15529	0.16313	0.17021	0.175	0.17924	0.18481	0.19021	0.19635	0.19909	0.2035	0.20411	0.20388	0.20456	0.20521	0.20653	0.2059	
0.06752	0.11754	0.12866	0.13408	0.13937	0.14468	0.15048	0.15652	0.16364	0.17079	0.17527	0.17944	0.18456	0.18958	0.19533	0.19762	0.20158	0.20148	0.20088	0.20133	0.20181	0.20291	0.20208	0.20113	
0.090032	0.11841	0.1305	0.13739	0.14339	0.14936	0.15453	0.1613	0.16788	0.1724	0.17655	0.1813	0.18604	0.19121	0.19315	0.19664	0.1959	0.19497	0.19547	0.19583	0.1969	0.19593	0.1949	0.19363	
0.08308	0.12258	0.13535	0.14285	0.14978	0.15405	0.16017	0.16634	0.17037	0.17438	0.1786	0.18307	0.18788	0.18961	0.19243	0.19116	0.18978	0.19022	0.19046	0.19143	0.1904	0.18929	0.18799	0.18755	
0.060813	0.1185	0.13561	0.14187	0.146	0.15241	0.15848	0.1626	0.16662	0.17099	0.17511	0.17957	0.181	0.18376	0.18223	0.18065	0.18138	0.18179	0.18237	0.18132	0.18032	0.17911	0.17856	0.17765	
0.085259	0.12195	0.1347	0.13669	0.1433	0.15104	0.15586	0.15973	0.16385	0.16823	0.17247	0.17365	0.1764	0.17471	0.17316	0.174	0.17425	0.17484	0.17377	0.17272	0.17159	0.17103	0.16995	0.16892	
0.082189	0.11453	0.12592	0.12965	0.14073	0.14741	0.15198	0.15625	0.16106	0.16541	0.16665	0.16942	0.16767	0.16598	0.16683	0.16708	0.16779	0.16676	0.16567	0.16466	0.16393	0.16272	0.1617	0.16147	
0.071687	0.10813	0.12567	0.1378	0.14465	0.14826	0.15225	0.15763	0.16193	0.16299	0.16582	0.16406	0.16217	0.16286	0.16298	0.16344	0.16246	0.16095	0.15991	0.15925	0.15809	0.15724	0.15723	0.1579	
0.068792	0.11449	0.13364	0.13769	0.14086	0.14496	0.15216	0.15768	0.15872	0.16113	0.15929	0.15709	0.15752	0.15745	0.15791	0.15699	0.15549	0.15438	0.15404	0.15299	0.15255	0.15281	0.15366	0.15286	
0.08828	0.1174	0.12689	0.13184	0.13728	0.14576	0.15195	0.15275	0.15491	0.15288	0.15058	0.1513	0.15139	0.15187	0.15115	0.14956	0.14848	0.14833	0.14743	0.14731	0.14789	0.14902	0.14834	0.14816	
0.063646	0.10516	0.12149	0.12884	0.13874	0.1446	0.14578	0.14789	0.14578	0.14399	0.1455	0.14587	0.1467	0.14623	0.1439	0.14291	0.14265	0.14176	0.14184	0.14278	0.14416	0.14368	0.14366	0.14371	
0.071357	0.11121	0.12745	0.13615	0.14094	0.14312	0.14463	0.14181	0.14036	0.14274	0.1431	0.14401	0.14361	0.14124	0.14046	0.13982	0.13887	0.13912	0.14031	0.14186	0.14142	0.14149	0.14167	0.14161	
0.085404	0.11503	0.13139	0.13625	0.14094	0.14296	0.14134	0.14074	0.14365	0.1439	0.1449	0.1454	0.14225	0.141	0.14065	0.13968	0.14006	0.14146	0.14303	0.14171	0.14177	0.14195	0.14183	0.14088	
0.058528	0.11204	0.12475	0.13301	0.13555	0.13595	0.13664	0.14	0.14027	0.14122	0.14219	0.13924	0.13869	0.13847	0.13734	0.13818	0.13919	0.14097	0.14049	0.14058	0.14073	0.1404	0.1395	0.14094	
0.07686	0.11447	0.12812	0.13281	0.13303	0.13376	0.13629	0.13561	0.13655	0.13915	0.13677	0.13682	0.13763	0.13668	0.13803	0.13991	0.14179	0.14136	0.14144	0.14143	0.14103	0.14015	0.14174	0.14274	
0.080408	0.11263	0.12733	0.12833	0.13043	0.13332	0.13316	0.13406	0.13822	0.13632	0.1368	0.13834	0.13768	0.13939	0.14144	0.14343	0.14244	0.14224	0.14221	0.14171	0.14087	0.14248	0.14346	0.14401	
0.08391	0.11563	0.12495	0.12938	0.1328	0.13318	0.13408	0.13852	0.13662	0.13674	0.13761	0.13679	0.13818	0.14028	0.14222	0.14096	0.14067	0.14069	0.14029	0.13939	0.14106	0.14208	0.14266	0.14467	
0.090617	0.11784	0.12591	0.13043	0.13204	0.13419	0.13946	0.13745	0.13691	0.1374	0.1365	0.13777	0.13988	0.14205	0.14077	0.14033	0.14038	0.14005	0.13916	0.14087	0.14192	0.1425	0.14458	0.14816	
0.091029	0.11979	0.13243	0.13175	0.13516	0.14085	0.13821	0.13618	0.13541	0.13411	0.13495	0.13722	0.1394	0.13844	0.13824	0.13865	0.13826	0.13745	0.13922	0.1403	0.14085	0.14298	0.14675	0.15232	
0.084604	0.11682	0.13028	0.13426	0.13789	0.13557	0.13409	0.13331	0.13242	0.13316	0.13552	0.13789	0.13717	0.13695	0.1373	0.13712	0.13627	0.13825	0.13929	0.13989	0.14221	0.14619	0.15199	0.15915	
0.089119	0.12256	0.13396	0.13608	0.13375	0.13233	0.13152	0.13027	0.13142	0.13398	0.13664	0.13593	0.13573	0.13603	0.13595	0.13513	0.13727	0.13836	0.139	0.14141	0.14555	0.15157	0.1589	0.16634	
0.089731	0.11951	0.13285	0.13231	0.13234	0.13195	0.1303	0.13191	0.13466	0.13757	0.13615	0.13607	0.13633	0.13646	0.13536	0.13703	0.13824	0.13892	0.14139	0.14563	0.15179	0.15926	0.16681	0.17462	
0.081376	0.12047	0.12786	0.1274	0.12877	0.12748	0.12963	0.13283	0.13632	0.13505	0.13494	0.13538	0.13582	0.13485	0.13665	0.138	0.13877	0.14134	0.14578	0.15223	0.15949	0.1672	0.17514	0.18185	
0.089232	0.11742	0.12569	0.12809	0.12695	0.12906	0.13322	0.13648	0.13554	0.1355	0.13595	0.13649	0.13561	0.13717	0.13868	0.13937	0.14195	0.14657	0.15329	0.16059	0.16842	0.17633	0.18288	0.19013	
0.083311	0.1152	0.12552	0.12323	0.12624	0.13165	0.13556	0.13464	0.13454	0.1351	0.13598	0.1353	0.13705	0.13883	0.13937	0.14209	0.14698	0.15397	0.16135	0.16918	0.17701	0.18322	0.18982	0.19317	
0.074113	0.10872	0.12007	0.12315	0.12989	0.13529	0.13531	0.13525	0.13601	0.13722	0.13628	0.13806	0.13979	0.14032	0.14285	0.14769	0.15492	0.16248	0.16997	0.17752	0.18331	0.1892	0.19172	0.19311	
0.067855	0.10734	0.12343	0.12931	0.13618	0.13587	0.13586	0.13633	0.13692	0.13584	0.13802	0.14002	0.14066	0.14342	0.14832	0.15546	0.16255	0.16942	0.17606	0.18101	0.18591	0.1875	0.18847	0.18909	
0.070933	0.1125	0.12807	0.13121	0.13264	0.13321	0.13394	0.13506	0.1348	0.13768	0.13979	0.14084	0.14371	0.1487	0.15575	0.16187	0.16791	0.1736	0.17788	0.18198	0.18313	0.18408	0.18449	0.18505	
0.085159	0.12109	0.13472	0.13393	0.13312	0.13364	0.13541	0.13581	0.13873	0.14094	0.1421	0.14501	0.14987	0.15648	0.1619	0.16698	0.1719	0.17565	0.17936	0.18044	0.18144	0.18186	0.18235	0.18192	
0.086776	0.11871	0.12814	0.12839	0.13088	0.13284	0.13424	0.13794	0.14122	0.14272	0.14526	0.15001	0.15563	0.16052	0.1651	0.16972	0.17344	0.1771	0.17826	0.17937	0.17983	0.18032	0.17995	0.17999	
0.058837	0.11986	0.13029	0.12968	0.13131	0.13359	0.13766	0.14164	0.14328	0.14603	0.15071	0.15636	0.16074	0.16516	0.16967	0.17323	0.17683	0.178	0.17893	0.1792	0.17948	0.17906	0.17898	0.179	
0.094849	0.12313	0.12902	0.13213	0.13562	0.13936	0.14317	0.14423	0.14704	0.15153	0.15693	0.16097	0.16487	0.16916	0.17278	0.17632	0.17732	0.17791	0.17812	0.17827	0.17773	0.17761	0.17761	0.17713	
0.081139	0.11295	0.12592	0.13287	0.13547	0.13876	0.14064	0.14628	0.15403	0.16002	0.16359	0.16694	0.17105	0.17447	0.17747	0.17821	0.17863	0.17865	0.17864	0.17787	0.17757	0.17748	0.17689	0.17696	
0.072151	0.11566	0.12899	0.13234	0.13694	0.13971	0.14629	0.15321	0.1581	0.16125	0.16382	0.16793	0.17128	0.17431	0.17493	0.17523	0.17508	0.17495	0.17404	0.17371	0.17358	0.17296	0.17306	0.17388	
0.072969	0.11492	0.13309	0.13367	0.13898	0.14661	0.14984	0.15378	0.15599	0.15851	0.16264	0.16619	0.16904	0.16964	0.16993	0.16979	0.16973	0.16868	0.16836	0.1683	0.1678	0.16795	0.16885	0.17003	
0.086316	0.12275	0.13721	0.138	0.14082	0.14319	0.14679	0.14964	0.15222	0.15657	0.1603	0.16323	0.16379	0.16418	0.16398	0.16391	0.16282	0.16259	0.16267	0.16225	0.16245	0.16354	0.1648	0.16706	
0.083486	0.11882	0.12911	0.13255	0.13717	0.1422	0.14601	0.14814	0.15292	0.157	0.16	0.16045	0.16083	0.16047	0.16026	0.1591	0.15898	0.15897	0.15849	0.15882	0.16007	0.16138	0.1636	0.16483	
0.089293	0.11858	0.12845	0.13459	0.14153	0.14677	0.15012	0.15324	0.15721	0.15974	0.15945	0.15963	0.15903	0.15866	0.15729	0.1569	0.15677	0.1563	0.15656	0.15782	0.15919	0.16132	0.16254	0.16353	
0.088622	0.1188	0.12917	0.14049	0.1453	0.14915	0.15293	0.1562	0.15793	0.15741	0.15693	0.15605	0.1555	0.15405	0.15354	0.15345	0.153	0.15323	0.15458	0.15597	0.15818	0.15957	0.16057	0.16286	
0.090047	0.12141	0.13898	0.14345	0.14752	0.15147	0.1547	0.15665	0.15632	0.15586	0.15506	0.15405	0.15267	0.15111	0.15115	0.15059	0.15044	0.15175	0.15328	0.15573	0.15724	0.15835	0.16067	0.16322	
0.079372	0.1229	0.13547	0.13992	0.14502	0.14864	0.1509	0.15095	0.15056	0.14969	0.14894	0.14783	0.14589	0.1459	0.14547	0.14556	0.14718	0.14882	0.15147	0.15311	0.1544	0.15678	0.15925	0.1597	
0.079218	0.11531	0.1367	0.13829	0.14207	0.14478	0.14527	0.14503	0.14449	0.14379	0.14296	0.14146	0.14162	0.14128	0.14142	0.14337	0.14491	0.14767	0.14935	0.15067	0.15306	0.15524	0.15532	0.15513	
0.064537	0.12012	0.13058	0.13392	0.13795	0.13923	0.1389	0.13925	0.13899	0.13882	0.13806	0.13771	0.13748	0.138	0.14052	0.14235	0.14518	0.14687	0.14826	0.15056	0.15247	0.15206	0.15143	0.15136	
0.080817	0.11261	0.1265	0.13028	0.1314	0.13247	0.13417	0.13438	0.13518	0.13494	0.13496	0.13497	0.13586	0.13881	0.14092	0.14364	0.14537	0.1468	0.14892	0.15055	0.14994	0.1492	0.14922	0.14896	
0.088914	0.1153	0.12392	0.12449	0.1268	0.12959	0.13096	0.13282	0.13326	0.13351	0.13382	0.13499	0.13751	0.13977	0.14259	0.14432	0.14553	0.14758	0.14901	0.14831	0.14747	0.14751	0.14731	0.14784	
0.077779	0.10459	0.12136	0.12478	0.12829	0.13052	0.13293	0.13369	0.13423	0.13452	0.13499	0.13699	0.1392	0.14269	0.14467	0.14612	0.14805	0.14927	0.14846	0.14754	0.14757	0.14741	0.14795	0.14709	
0.060706	0.10651	0.12425	0.12732	0.13039	0.13317	0.1341	0.13489	0.13516	0.13528	0.13735	0.13978	0.14366	0.14566	0.14705	0.14883	0.14976	0.14872	0.14761	0.14733	0.14706	0.14753	0.14659	0.14566	
0.06937	0.11032	0.12424	0.12696	0.1309	0.13258	0.1335	0.13401	0.13491	0.13748	0.14027	0.14458	0.14663	0.14796	0.14962	0.15026	0.14877	0.14736	0.14707	0.14693	0.14738	0.1465	0.14557	0.14575	
0.077793	0.11385	0.12338	0.12915	0.13139	0.13307	0.13378	0.13502	0.13807	0.14154	0.14653	0.14865	0.14993	0.15121	0.15158	0.14992	0.14847	0.14792	0.14775	0.14814	0.14698	0.14599	0.14612	0.14629	
0.084828	0.11674	0.12694	0.1315	0.13372	0.13495	0.13651	0.14	0.14392	0.14838	0.15068	0.15158	0.15264	0.15216	0.15038	0.14891	0.14841	0.14831	0.14867	0.14749	0.14651	0.14663	0.14677	0.14816	
0.084609	0.11014	0.1283	0.13169	0.13472	0.13707	0.1407	0.14477	0.14962	0.15138	0.15211	0.15307	0.15208	0.15005	0.14845	0.1481	0.14804	0.14838	0.14718	0.14617	0.14622	0.14621	0.14753	0.14833	
0.072695	0.11699	0.13181	0.13341	0.13634	0.14135	0.14589	0.15024	0.15141	0.15176	0.1522	0.15057	0.14835	0.14683	0.1465	0.14648	0.14676	0.14549	0.14463	0.14471	0.14425	0.14562	0.14643	0.14786	
0.091318	0.12145	0.13536	0.13657	0.1424	0.14769	0.15104	0.15188	0.15166	0.15133	0.14838	0.146	0.14464	0.14438	0.14447	0.1448	0.14328	0.14257	0.14275	0.14234	0.14377	0.14465	0.14609	0.15067	
0.077866	0.11776	0.13366	0.14098	0.14568	0.14619	0.14668	0.1456	0.1446	0.1417	0.14058	0.13969	0.1397	0.14017	0.14071	0.13932	0.13892	0.13923	0.13898	0.1406	0.14164	0.14328	0.14814	0.14935	
0.083512	0.11571	0.12949	0.13583	0.13699	0.13759	0.13748	0.13684	0.1352	0.13529	0.13518	0.1355	0.13628	0.13699	0.13581	0.13573	0.13624	0.13608	0.13785	0.13914	0.14082	0.14578	0.14695	0.14912	
0.081333	0.12204	0.13123	0.13333	0.13449	0.13514	0.13432	0.13346	0.13416	0.13421	0.13465	0.13562	0.13635	0.13528	0.13527	0.1358	0.1355	0.13719	0.13841	0.1397	0.14459	0.14575	0.14762	0.15611	
0.085969	0.11766	0.12485	0.12894	0.13178	0.13182	0.1308	0.13152	0.13195	0.13264	0.13433	0.13547	0.13444	0.13442	0.13499	0.1346	0.13607	0.13725	0.1384	0.14314	0.14432	0.14602	0.15499	0.15472	
0.08404	0.11106	0.12318	0.12949	0.13068	0.12984	0.13052	0.1309	0.13251	0.13491	0.13635	0.13511	0.13503	0.13544	0.1349	0.13575	0.13686	0.13786	0.14257	0.14373	0.14516	0.15464	0.1543	0.15488	
0.080025	0.11506	0.12631	0.12749	0.12722	0.12742	0.12865	0.13116	0.13498	0.1367	0.13565	0.13531	0.13518	0.13458	0.13543	0.13607	0.13717	0.14194	0.14321	0.14474	0.15466	0.15433	0.15463	0.15852	
0.081125	0.11563	0.12699	0.12616	0.12777	0.12903	0.13216	0.13648	0.13813	0.13688	0.13673	0.13649	0.13587	0.13695	0.13768	0.13849	0.14302	0.1442	0.14537	0.15579	0.15534	0.15545	0.15935	0.15868	
0.071038	0.1107	0.12272	0.12665	0.12824	0.13245	0.1364	0.13834	0.13708	0.1362	0.13637	0.13541	0.13625	0.13671	0.1373	0.14161	0.1427	0.14349	0.15507	0.15465	0.15492	0.15877	0.15809	0.1592	
0.06669	0.11111	0.12203	0.12467	0.13079	0.13542	0.13752	0.1357	0.13539	0.13569	0.13492	0.13557	0.13575	0.13614	0.1403	0.14127	0.14156	0.15467	0.15433	0.15485	0.15871	0.158	0.15937	0.15967	
0.072894	0.10648	0.11855	0.12838	0.13513	0.13683	0.13481	0.13455	0.13432	0.13267	0.13259	0.13268	0.13317	0.13721	0.13811	0.13804	0.15289	0.15287	0.15374	0.15775	0.15704	0.15878	0.15935	0.15977	
0.088447	0.11243	0.1252	0.13272	0.13554	0.13324	0.13471	0.13487	0.13302	0.13276	0.1325	0.1331	0.13735	0.13826	0.13772	0.15425	0.15442	0.15556	0.15976	0.15902	0.16157	0.16146	0.16197	0.16114	
0.05704	0.11093	0.12701	0.13224	0.13033	0.13242	0.13226	0.13083	0.13064	0.13091	0.13147	0.13611	0.1372	0.13665	0.15511	0.15554	0.15709	0.16139	0.16058	0.16411	0.16341	0.16392	0.16267	0.16798	
0.080847	0.12015	0.1275	0.12506	0.12945	0.12947	0.12917	0.12876	0.12934	0.13016	0.13529	0.13654	0.13619	0.15662	0.1572	0.15888	0.16341	0.16253	0.16633	0.16496	0.16551	0.16415	0.16957	0.17245	
0.073506	0.11438	0.11761	0.12589	0.12718	0.12826	0.12823	0.12895	0.12944	0.13515	0.13664	0.13641	0.15878	0.15915	0.16101	0.16583	0.16483	0.16873	0.16824	0.16747	0.16596	0.17138	0.17416	0.17993	
0.08437	0.11041	0.12692	0.12858	0.13071	0.13081	0.13212	0.13192	0.1384	0.13978	0.13965	0.16301	0.16291	0.16429	0.16891	0.16764	0.17137	0.17059	0.16937	0.16761	0.17243	0.17505	0.18076	0.18282	
0.088086	0.12255	0.12727	0.12933	0.12877	0.13129	0.13104	0.13837	0.13976	0.1396	0.16488	0.16406	0.16527	0.16976	0.16824	0.17143	0.17031	0.16871	0.16671	0.17132	0.17378	0.17935	0.1812	0.18391	
0.081153	0.11691	0.12487	0.12537	0.1293	0.12989	0.13891	0.14009	0.13963	0.16674	0.16543	0.16657	0.17135	0.16919	0.17207	0.17052	0.1684	0.16635	0.17085	0.17311	0.17859	0.18018	0.1826	0.18788	
0.071562	0.10928	0.11728	0.12522	0.12835	0.13819	0.13917	0.13834	0.16826	0.16645	0.16734	0.17223	0.16949	0.17228	0.17052	0.16803	0.16564	0.1701	0.17184	0.17708	0.17843	0.18053	0.18589	0.18931	
0.060737	0.10365	0.12077	0.12607	0.13762	0.13909	0.13889	0.17156	0.16896	0.16961	0.17514	0.17219	0.17477	0.17258	0.16959	0.1667	0.17111	0.17242	0.1774	0.17863	0.18054	0.1862	0.18955	0.19539	
0.059702	0.11406	0.12742	0.14066	0.14098	0.14076	0.17811	0.17453	0.17486	0.17933	0.1758	0.17869	0.17495	0.17151	0.16832	0.17245	0.17346	0.17811	0.17902	0.18058	0.18629	0.18946	0.19528	0.20002	
0.089229	0.11856	0.14146	0.13997	0.14015	0.18379	0.17948	0.17965	0.18413	0.17977	0.18219	0.17781	0.17379	0.17019	0.17384	0.17449	0.17887	0.17939	0.18056	0.18633	0.18911	0.1949	0.19978	0.20397	
0.088812	0.13465	0.14081	0.14028	0.19266	0.18631	0.18515	0.18914	0.18347	0.1854	0.18038	0.1759	0.17168	0.17515	0.17554	0.17981	0.18007	0.18104	0.18679	0.1894	0.19514	0.19993	0.2042	0.21392	
0.084671	0.13369	0.14039	0.20051	0.19272	0.18959	0.19242	0.18592	0.18701	0.18136	0.17622	0.17187	0.17528	0.17549	0.17962	0.17967	0.18055	0.18555	0.18799	0.19392	0.19875	0.20315	0.21341	0.21754	
0.090591	0.12617	0.20898	0.19974	0.19359	0.19219	0.18541	0.18567	0.18002	0.17561	0.17005	0.17375	0.17444	0.17901	0.17919	0.18014	0.1852	0.18753	0.19342	0.19808	0.20228	0.21245	0.21628	0.2229	
0.088192	0.2264	0.2094	0.19545	0.19083	0.18383	0.18248	0.17718	0.17299	0.16754	0.17237	0.17397	0.1798	0.18016	0.18119	0.18629	0.18851	0.19457	0.19923	0.20335	0.21351	0.21724	0.22379	0.22763	
0.14194	0.19695	0.2001	0.18967	0.18312	0.17971	0.17421	0.16909	0.16361	0.16887	0.17058	0.17615	0.17632	0.17683	0.18226	0.18415	0.19047	0.19551	0.20034	0.21173	0.2158	0.22295	0.22695	0.2361	
0.14721	0.18275	0.18188	0.17696	0.17154	0.16675	0.16129	0.15642	0.16136	0.16158	0.16673	0.16591	0.1661	0.17243	0.17424	0.18144	0.1876	0.19408	0.20796	0.21286	0.22105	0.22524	0.2352	0.24042	
0.088362	0.122	0.13267	0.14214	0.14195	0.14212	0.14004	0.14871	0.15231	0.16048	0.16009	0.1613	0.16859	0.17111	0.17883	0.18526	0.19289	0.20664	0.21193	0.22072	0.22559	0.23447	0.24043	0.24816	
0.091693	0.12697	0.14265	0.13999	0.13922	0.1388	0.14753	0.14878	0.15568	0.15468	0.15515	0.16304	0.16558	0.17386	0.18092	0.18933	0.20392	0.21009	0.22008	0.22542	0.2354	0.24153	0.24999	0.25524	
0.091826	0.13192	0.14399	0.1384	0.1397	0.14874	0.15001	0.15624	0.15484	0.15518	0.16365	0.16611	0.17372	0.18047	0.18824	0.2023	0.20862	0.21959	0.22578	0.23672	0.24339	0.2522	0.25775	0.26131	
0.084867	0.12628	0.13743	0.13699	0.14795	0.1466	0.15279	0.15061	0.15061	0.16155	0.16447	0.17276	0.17983	0.18762	0.20155	0.208	0.22008	0.22717	0.23906	0.24641	0.25557	0.2612	0.26494	0.26868	
0.075031	0.12317	0.13471	0.14654	0.14486	0.15195	0.15	0.15085	0.16241	0.16508	0.17312	0.17952	0.18613	0.19938	0.20629	0.21932	0.22703	0.23994	0.24807	0.25778	0.26386	0.26777	0.27164	0.27138	
0.082857	0.11559	0.13968	0.13807	0.14829	0.14825	0.14988	0.16274	0.16528	0.17297	0.17806	0.18275	0.19492	0.20301	0.2174	0.22682	0.24117	0.24993	0.26052	0.26727	0.27153	0.27553	0.27534	0.27561	
0.092229	0.1414	0.1451	0.15185	0.15055	0.15124	0.16347	0.16456	0.17126	0.17431	0.17672	0.188	0.19799	0.21437	0.22564	0.2417	0.25115	0.2626	0.27	0.27453	0.27881	0.2786	0.27877	0.29162	
0.10033	0.12855	0.14623	0.14456	0.14546	0.15996	0.16145	0.16607	0.16734	0.16772	0.17888	0.19136	0.20982	0.22317	0.24124	0.25254	0.2652	0.27353	0.27824	0.28297	0.28271	0.28285	0.29594	0.29952	
0.087024	0.13012	0.13703	0.13739	0.15617	0.15737	0.1602	0.1594	0.15904	0.17211	0.18694	0.20795	0.22344	0.24325	0.25551	0.26895	0.27726	0.28211	0.28687	0.28626	0.28611	0.29972	0.30328	0.33137	
0.095805	0.12362	0.13199	0.14738	0.14911	0.15043	0.14839	0.14977	0.16549	0.18397	0.20775	0.22633	0.2481	0.26193	0.27634	0.28498	0.28969	0.29424	0.29308	0.29241	0.30586	0.30917	0.33753	0.38713	
0.088684	0.11588	0.14416	0.14542	0.14538	0.14251	0.14576	0.16472	0.1866	0.21224	0.23199	0.25472	0.26854	0.28265	0.29076	0.29484	0.2983	0.29631	0.29499	0.30905	0.31219	0.34152	0.3924	0.41509	
0.090014	0.12874	0.13995	0.1374	0.14191	0.1459	0.16769	0.19272	0.21876	0.23875	0.26138	0.27541	0.28827	0.29585	0.29881	0.30125	0.29835	0.29611	0.31047	0.31336	0.34297	0.39258	0.41379	0.42774	
0.090191	0.12246	0.13045	0.13694	0.14198	0.1696	0.1967	0.22411	0.24423	0.26671	0.27971	0.29103	0.29783	0.29972	0.30135	0.29749	0.29449	0.30963	0.31275	0.34269	0.39073	0.41039	0.42263	0.42101	
0.089932	0.11544	0.13075	0.13555	0.16767	0.19648	0.22381	0.24476	0.26643	0.28042	0.29067	0.29673	0.29744	0.29827	0.29352	0.28984	0.30631	0.30977	0.3404	0.38747	0.40505	0.41565	0.4139	0.43378	
0.074668	0.11421	0.13087	0.1716	0.20147	0.22857	0.24944	0.26957	0.28494	0.29358	0.29971	0.29802	0.29705	0.2913	0.28674	0.30353	0.30692	0.33637	0.38057	0.39603	0.40463	0.40312	0.42314	0.43454	
0.069398	0.11867	0.17082	0.2007	0.22753	0.24869	0.26614	0.28419	0.29002	0.29629	0.2922	0.28994	0.28363	0.27774	0.29597	0.29946	0.32681	0.3669	0.38018	0.38736	0.38705	0.40643	0.41967	0.43115	
0.076277	0.16045	0.1936	0.21969	0.2443	0.25873	0.28155	0.28516	0.29246	0.28502	0.28119	0.27437	0.26813	0.28766	0.29054	0.31491	0.34964	0.36122	0.3669	0.36805	0.38851	0.40374	0.4177	0.45054	
0.11873	0.16817	0.21472	0.23281	0.24546	0.27423	0.27497	0.28238	0.27434	0.26903	0.26229	0.25585	0.27568	0.27829	0.29973	0.33138	0.34212	0.34726	0.34999	0.37183	0.38889	0.40434	0.43991	0.43637	
0.11294	0.17554	0.22066	0.22766	0.26523	0.265	0.27574	0.266	0.2593	0.25178	0.24538	0.26467	0.26586	0.28554	0.31612	0.32698	0.33224	0.33612	0.35931	0.37798	0.39464	0.43207	0.42864	0.42796	
0.15176	0.2056	0.2373	0.27107	0.27054	0.28077	0.26882	0.25847	0.2503	0.24447	0.26365	0.26366	0.28284	0.31491	0.32671	0.33191	0.3363	0.36024	0.37967	0.39683	0.43528	0.43139	0.43036	0.44858	
0.15867	0.20964	0.27148	0.27215	0.28319	0.26837	0.25474	0.24519	0.24188	0.26127	0.25876	0.28117	0.31645	0.32908	0.33429	0.33873	0.36386	0.38398	0.40203	0.44163	0.43685	0.43531	0.45372	0.43836	
0.18812	0.25841	0.28596	0.27704	0.2611	0.24702	0.23711	0.23489	0.26151	0.25871	0.28574	0.32362	0.33781	0.34213	0.34596	0.37089	0.39055	0.40806	0.44873	0.44309	0.44071	0.45876	0.44305	0.43927	
0.17418	0.21137	0.24535	0.25862	0.24786	0.23747	0.23567	0.26571	0.26156	0.28882	0.3295	0.34343	0.34667	0.35187	0.37902	0.40006	0.41889	0.46096	0.45392	0.45046	0.46879	0.45191	0.44783	0.47414	
0.16048	0.23559	0.24372	0.22666	0.21817	0.21589	0.25999	0.25659	0.29145	0.33493	0.3504	0.3525	0.35758	0.38527	0.40615	0.42446	0.46729	0.45896	0.45394	0.47168	0.45356	0.44877	0.47494	0.47059	
0.22178	0.21659	0.21502	0.19986	0.19522	0.24543	0.24605	0.28012	0.32686	0.34131	0.34404	0.35231	0.38433	0.4088	0.42991	0.47738	0.46818	0.46246	0.48119	0.46256	0.45788	0.48534	0.48059	0.48195	
0.12516	0.14965	0.16644	0.16756	0.2298	0.23557	0.27805	0.33096	0.34766	0.34774	0.35745	0.39006	0.41604	0.43795	0.48615	0.47511	0.46779	0.48608	0.46601	0.46085	0.48838	0.48354	0.48354	0.46476	
0.066909	0.12787	0.14862	0.21003	0.22367	0.26959	0.33056	0.34419	0.34477	0.35694	0.39577	0.42668	0.45146	0.50274	0.4893	0.48031	0.49943	0.47785	0.47264	0.50056	0.49533	0.49325	0.47368	0.47782	
0.084334	0.13756	0.22079	0.22907	0.27791	0.34347	0.35277	0.35313	0.36926	0.41153	0.44544	0.47099	0.52184	0.50531	0.49404	0.5123	0.48886	0.48279	0.51021	0.50446	0.50074	0.47926	0.48197	0.48497	
0.10264	0.20356	0.23588	0.2863	0.36109	0.36236	0.36274	0.38231	0.42942	0.46729	0.49309	0.54525	0.52506	0.51117	0.52772	0.50213	0.4948	0.52149	0.5151	0.5098	0.48666	0.48821	0.49066	0.50222	
0.14142	0.21568	0.2843	0.37713	0.36707	0.36855	0.39566	0.45189	0.49412	0.51968	0.57236	0.54765	0.53046	0.54428	0.51582	0.50657	0.53224	0.5251	0.51809	0.49311	0.49321	0.49493	0.50549	0.50469	
0.15993	0.29395	0.42508	0.3925	0.39595	0.42737	0.48831	0.52947	0.55232	0.60176	0.57085	0.54807	0.55978	0.52856	0.51697	0.54063	0.5329	0.52159	0.49532	0.49337	0.49421	0.50331	0.50216	0.50181	
0.27807	0.43997	0.42539	0.39839	0.43707	0.50096	0.53709	0.55072	0.60207	0.56646	0.54138	0.55094	0.51901	0.50763	0.52985	0.52191	0.51145	0.48384	0.4794	0.48082	0.48856	0.48783	0.48646	0.48225	
0.3777	0.33081	0.37806	0.42894	0.51436	0.54865	0.55548	0.62242	0.57924	0.55261	0.56193	0.52909	0.5186	0.54073	0.53092	0.51018	0.48218	0.47086	0.47345	0.47835	0.47863	0.47548	0.47105	0.46153	
0.22083	0.30606	0.39439	0.45716	0.48836	0.49336	0.56848	0.52692	0.50389	0.51731	0.48517	0.48072	0.50514	0.50021	0.48464	0.45461	0.44614	0.44744	0.45413	0.45408	0.45149	0.44659	0.4372	0.4246	
0.17019	0.35536	0.46687	0.49052	0.48186	0.55076	0.51303	0.4817	0.48941	0.47085	0.464	0.48799	0.48216	0.46682	0.4391	0.43148	0.43316	0.43951	0.43964	0.43618	0.4313	0.42376	0.41149	0.40963	
0.23816	0.39371	0.41804	0.40079	0.44877	0.44198	0.41618	0.42451	0.42247	0.41759	0.44376	0.44129	0.43071	0.4043	0.3998	0.40164	0.41003	0.4104	0.4077	0.40305	0.39716	0.38549	0.38537	0.37857	
0.20114	0.29838	0.31053	0.33877	0.38474	0.3706	0.37624	0.39781	0.3937	0.41845	0.4178	0.41263	0.38775	0.38592	0.3879	0.39621	0.39664	0.39405	0.38901	0.38434	0.37332	0.37452	0.36847	0.35883	
0.21382	0.23341	0.28793	0.36962	0.36616	0.36962	0.40043	0.39659	0.41917	0.41877	0.41605	0.38719	0.38649	0.38482	0.39447	0.3936	0.39093	0.3849	0.38044	0.36899	0.37058	0.36469	0.35711	0.35156	
0.095294	0.24176	0.39152	0.37467	0.37378	0.40807	0.39941	0.42405	0.42022	0.42451	0.39291	0.39492	0.39293	0.40373	0.40205	0.39965	0.39324	0.38881	0.37628	0.37769	0.3712	0.36105	0.35742	0.35516	
0.21918	0.44426	0.41246	0.40972	0.44143	0.42911	0.45607	0.44694	0.44705	0.41314	0.41187	0.40947	0.41874	0.4157	0.41198	0.40491	0.39926	0.38596	0.38662	0.37932	0.37048	0.36413	0.36152	0.36224	
0.36659	0.4134	0.42606	0.46081	0.44903	0.48305	0.46816	0.46609	0.43043	0.42532	0.42344	0.43063	0.42649	0.42137	0.41396	0.40706	0.3933	0.39334	0.38505	0.37545	0.36843	0.36564	0.36626	0.36612	
0.16566	0.34141	0.36754	0.37108	0.44221	0.42667	0.43002	0.39572	0.39124	0.39643	0.40659	0.40562	0.40228	0.39765	0.39087	0.37744	0.37764	0.3692	0.36	0.35337	0.35119	0.35244	0.35289	0.35345	
0.19988	0.38773	0.3967	0.44368	0.42054	0.43778	0.40018	0.39891	0.40022	0.41097	0.40686	0.40316	0.3971	0.39119	0.37706	0.37849	0.37016	0.36079	0.35445	0.35224	0.35354	0.35405	0.35476	0.35803	
0.47889	0.44505	0.51105	0.45127	0.4826	0.43005	0.42813	0.42301	0.43244	0.4238	0.41781	0.40985	0.40321	0.38787	0.38955	0.38002	0.36941	0.36271	0.36004	0.36084	0.36112	0.36156	0.36465	0.36524	
0.37346	0.5402	0.46943	0.50303	0.45154	0.44452	0.44532	0.45344	0.44338	0.43428	0.42552	0.41577	0.39869	0.39852	0.38711	0.37486	0.36701	0.3638	0.36423	0.36418	0.3642	0.3672	0.36739	0.36877	
0.27161	0.32138	0.48458	0.41617	0.42772	0.42235	0.43598	0.42463	0.41602	0.40755	0.40277	0.38474	0.38769	0.37744	0.36609	0.35977	0.35487	0.35602	0.35648	0.35737	0.36044	0.36107	0.3627	0.36351	
0.28302	0.54747	0.47085	0.45736	0.4358	0.44266	0.42468	0.41125	0.40275	0.39649	0.37868	0.38164	0.3713	0.35961	0.35337	0.34891	0.35014	0.35103	0.35161	0.35536	0.35581	0.35773	0.35867	0.3579	
0.44903	0.42795	0.43924	0.43413	0.43683	0.42583	0.40653	0.39863	0.38927	0.37107	0.37355	0.36124	0.34783	0.34277	0.33881	0.33919	0.34044	0.34156	0.34544	0.34599	0.34816	0.34905	0.34852	0.34408	
0.41815	0.41599	0.42563	0.40883	0.39475	0.36914	0.36853	0.36128	0.34826	0.35169	0.34189	0.32972	0.32582	0.32337	0.32608	0.3272	0.32819	0.33339	0.33397	0.33674	0.33832	0.33831	0.33379	0.33434	
0.36961	0.37444	0.39873	0.36937	0.35167	0.35075	0.3497	0.33502	0.34007	0.32899	0.31552	0.31045	0.30696	0.30869	0.31019	0.30839	0.31536	0.31522	0.31803	0.32112	0.32133	0.31646	0.3179	0.3163	
0.36763	0.35527	0.35523	0.33013	0.34849	0.34406	0.33911	0.34	0.3296	0.31595	0.31008	0.30736	0.30914	0.31302	0.31033	0.31973	0.31853	0.32183	0.32478	0.32524	0.31995	0.32183	0.31986	0.32174	
0.35568	0.32521	0.32819	0.33631	0.34105	0.33223	0.3348	0.31895	0.30366	0.2953	0.28979	0.29117	0.29501	0.29249	0.30488	0.30386	0.30718	0.31114	0.31192	0.30645	0.30873	0.30677	0.30883	0.30845	
0.3732	0.32362	0.38012	0.37394	0.37297	0.3726	0.35304	0.3326	0.32222	0.31717	0.31641	0.3204	0.31781	0.33084	0.32773	0.33109	0.333	0.33211	0.32566	0.32678	0.32351	0.32314	0.32153	0.32065	
0.35593	0.37446	0.39973	0.36258	0.36894	0.3446	0.32194	0.30948	0.3021	0.29967	0.30415	0.30407	0.32065	0.31824	0.32247	0.32529	0.32541	0.32027	0.32128	0.31849	0.31949	0.31769	0.31651	0.31637	
0.33557	0.35385	0.35544	0.35875	0.33094	0.30648	0.29323	0.28885	0.28829	0.29494	0.29618	0.31256	0.31036	0.31451	0.31639	0.3155	0.31137	0.3117	0.30881	0.30976	0.30761	0.30634	0.30619	0.30592	
0.30474	0.28232	0.34272	0.29014	0.27044	0.25848	0.2557	0.25906	0.26807	0.2734	0.29249	0.29213	0.29631	0.29923	0.29748	0.2952	0.29558	0.29369	0.29503	0.29257	0.29064	0.2907	0.29066	0.29	
0.23865	0.28356	0.28859	0.241	0.23291	0.23848	0.24582	0.25724	0.26433	0.2845	0.285	0.2894	0.29211	0.29058	0.28944	0.28926	0.28652	0.28837	0.28687	0.285	0.28481	0.28509	0.28451	0.28139	
0.27334	0.24389	0.23456	0.22424	0.22733	0.23359	0.24521	0.25382	0.27717	0.27688	0.28102	0.28445	0.28272	0.28133	0.28126	0.27892	0.28069	0.27932	0.27733	0.27731	0.27762	0.27651	0.27339	0.27143	
0.14753	0.19172	0.19721	0.21136	0.22051	0.23525	0.24678	0.27292	0.2709	0.27585	0.2786	0.27692	0.27495	0.27425	0.27169	0.27398	0.27229	0.27046	0.27051	0.27107	0.26994	0.26676	0.26503	0.26171	
0.10697	0.14437	0.16905	0.19235	0.21396	0.22914	0.2609	0.25968	0.26519	0.26985	0.26699	0.26514	0.26478	0.26226	0.26437	0.26243	0.26054	0.26083	0.26121	0.26006	0.25696	0.25503	0.25182	0.24821	
0.089324	0.14934	0.19289	0.21775	0.23848	0.26845	0.26564	0.26893	0.27128	0.26629	0.26486	0.26275	0.25972	0.26131	0.25902	0.25652	0.25654	0.25653	0.25499	0.25163	0.25001	0.24661	0.24298	0.24024	
0.10289	0.16373	0.19118	0.23091	0.25882	0.25989	0.25939	0.26231	0.25565	0.25564	0.25107	0.24862	0.25017	0.24847	0.24608	0.24643	0.24672	0.24526	0.24132	0.24024	0.23712	0.23369	0.23102	0.2296	
0.1205	0.17359	0.24198	0.26502	0.26248	0.25968	0.26337	0.2548	0.25597	0.24933	0.2468	0.24782	0.24572	0.24296	0.24327	0.24304	0.24111	0.2371	0.23617	0.23315	0.2295	0.22659	0.22511	0.22328	
0.091831	0.21892	0.27805	0.26783	0.26121	0.26499	0.25482	0.25707	0.24842	0.2451	0.24655	0.24427	0.24191	0.24202	0.2415	0.23922	0.23479	0.23397	0.23082	0.22707	0.22396	0.2225	0.22077	0.21811	
0.18652	0.29753	0.30043	0.272	0.27347	0.2606	0.26303	0.2524	0.24881	0.25118	0.24917	0.24566	0.24594	0.24527	0.24235	0.23749	0.23612	0.23246	0.22847	0.22499	0.2232	0.22147	0.21878	0.21613	
0.34891	0.31029	0.33996	0.28494	0.26977	0.26917	0.25762	0.25226	0.25651	0.25386	0.25091	0.25042	0.24903	0.24539	0.23989	0.23831	0.2343	0.22964	0.22584	0.22375	0.22171	0.21891	0.21604	0.214	
0.26365	0.26279	0.27624	0.25389	0.26229	0.24816	0.24364	0.245	0.24176	0.23679	0.23608	0.23383	0.22984	0.22531	0.22479	0.22193	0.2178	0.21405	0.21193	0.21009	0.20742	0.20532	0.20353	0.20503	
0.16596	0.19579	0.21221	0.22462	0.21794	0.21532	0.22755	0.22713	0.22574	0.22597	0.22545	0.22143	0.21698	0.21698	0.21404	0.21016	0.20675	0.20515	0.20366	0.20133	0.1993	0.19764	0.19925	0.19917	
0.16973	0.19901	0.23677	0.21972	0.21991	0.22873	0.22676	0.22346	0.22307	0.2218	0.21655	0.21214	0.21275	0.21037	0.20658	0.20277	0.20096	0.19963	0.19723	0.19548	0.1938	0.19583	0.19604	0.19542	
0.14883	0.20345	0.21058	0.21036	0.22671	0.223	0.21994	0.21906	0.21787	0.2116	0.20804	0.20914	0.20687	0.20321	0.19933	0.1974	0.19571	0.19318	0.19144	0.18982	0.19214	0.19226	0.19169	0.19261	
0.17499	0.20212	0.21269	0.22063	0.21806	0.21315	0.21404	0.21303	0.20645	0.20249	0.20329	0.20143	0.1976	0.19369	0.19171	0.19029	0.18769	0.18618	0.18494	0.18831	0.18837	0.18807	0.18932	0.18993	
0.18987	0.1921	0.22576	0.21744	0.21453	0.21357	0.21249	0.20527	0.20135	0.20286	0.20165	0.19779	0.19385	0.19085	0.18898	0.18598	0.18453	0.18337	0.18657	0.18682	0.18636	0.18767	0.18745	0.18697	
0.13625	0.17867	0.19252	0.18775	0.19091	0.19072	0.18434	0.18397	0.18965	0.19034	0.18754	0.18444	0.18171	0.18088	0.17834	0.17772	0.17636	0.17988	0.18059	0.18035	0.18173	0.18228	0.18206	0.18137	
0.16876	0.1896	0.19342	0.19161	0.19122	0.18356	0.18379	0.18999	0.19065	0.18742	0.18401	0.18106	0.17928	0.17652	0.17554	0.17446	0.17837	0.17958	0.17855	0.18024	0.18077	0.18053	0.17987	0.17954	
0.11401	0.15009	0.16399	0.16542	0.16255	0.17126	0.18523	0.18815	0.18497	0.18129	0.17805	0.17642	0.17331	0.17302	0.172	0.17654	0.17797	0.17718	0.17893	0.17983	0.17954	0.17885	0.17855	0.17863	
0.0977	0.1362	0.15072	0.15221	0.16512	0.18255	0.18421	0.18149	0.17782	0.1747	0.17302	0.17016	0.17005	0.16925	0.17428	0.17607	0.17538	0.1774	0.17838	0.17815	0.1775	0.17727	0.17747	0.17783	
0.10373	0.13494	0.1456	0.16079	0.17762	0.17947	0.17622	0.1731	0.17031	0.16881	0.16607	0.16659	0.16631	0.17175	0.17407	0.17345	0.17585	0.17695	0.17667	0.17622	0.17587	0.17608	0.17629	0.17878	
0.064591	0.11779	0.15124	0.15239	0.16815	0.16931	0.16999	0.16814	0.16586	0.16458	0.16533	0.16587	0.17272	0.17544	0.17484	0.17758	0.17824	0.17792	0.17733	0.17711	0.17732	0.17722	0.17977	0.18052	
0.080087	0.13316	0.15236	0.16668	0.16633	0.16777	0.16651	0.16499	0.16185	0.16278	0.16341	0.17075	0.17341	0.17295	0.17607	0.17707	0.17656	0.1757	0.17544	0.17564	0.1756	0.17818	0.17888	0.17821	
0.09339	0.14528	0.15745	0.15262	0.1567	0.15873	0.15837	0.15634	0.15778	0.15953	0.16727	0.1701	0.16977	0.17361	0.17479	0.17454	0.17372	0.17342	0.17375	0.17397	0.17663	0.17737	0.17693	0.17917	
0.09097	0.12024	0.13205	0.14071	0.14841	0.15159	0.15049	0.15253	0.15592	0.16516	0.16799	0.16745	0.17203	0.17319	0.17311	0.17212	0.17178	0.1722	0.17267	0.17544	0.17615	0.17598	0.17854	0.17836	
0.07905	0.1139	0.14239	0.14896	0.15355	0.15272	0.15399	0.15788	0.16674	0.16933	0.16818	0.17289	0.17422	0.1743	0.17321	0.17277	0.17308	0.17368	0.17663	0.1775	0.17761	0.18023	0.18002	0.17855	
0.086615	0.12235	0.14761	0.15044	0.14844	0.15173	0.15472	0.16258	0.16653	0.16549	0.16988	0.17285	0.17341	0.17229	0.17185	0.17262	0.17364	0.17698	0.17808	0.17821	0.18082	0.18061	0.17904	0.17723	
0.084208	0.12728	0.1401	0.14233	0.14913	0.15288	0.16224	0.16808	0.16711	0.1714	0.17485	0.17485	0.17368	0.17322	0.17441	0.17542	0.17933	0.18017	0.18017	0.18267	0.18204	0.1805	0.17822	0.17584	
0.081226	0.11494	0.13204	0.14495	0.15055	0.16172	0.17004	0.16916	0.17333	0.1767	0.17696	0.17543	0.17471	0.17552	0.17637	0.18072	0.18161	0.1813	0.18378	0.18255	0.18137	0.17913	0.17658	0.17607	
0.066455	0.11766	0.14442	0.15014	0.15958	0.17122	0.17132	0.17505	0.18065	0.18074	0.17875	0.17777	0.17911	0.17966	0.18406	0.18481	0.18409	0.18658	0.18512	0.18339	0.18088	0.17815	0.17767	0.17696	
0.076666	0.13277	0.15186	0.15778	0.17122	0.17133	0.17641	0.18292	0.18341	0.18043	0.17921	0.17981	0.18104	0.18516	0.18569	0.18518	0.18793	0.18636	0.18422	0.18125	0.17838	0.17805	0.17716	0.17567	
0.087477	0.13826	0.16018	0.17392	0.17451	0.18075	0.18774	0.18633	0.18269	0.18047	0.18107	0.18218	0.18607	0.18631	0.18583	0.18891	0.18733	0.18477	0.18139	0.17842	0.17829	0.17721	0.1756	0.17399	
0.085397	0.14981	0.17035	0.17375	0.18433	0.19173	0.19027	0.18545	0.18227	0.18232	0.18369	0.18737	0.1875	0.18713	0.19046	0.18868	0.1858	0.18213	0.17904	0.17906	0.1778	0.17605	0.17436	0.17326	
0.10915	0.16301	0.18053	0.18976	0.19809	0.19509	0.1895	0.18492	0.18537	0.18657	0.19018	0.18964	0.18916	0.19237	0.1898	0.18678	0.18307	0.17948	0.17954	0.17803	0.17615	0.17443	0.1732	0.17296	
0.097764	0.15983	0.19984	0.20432	0.19992	0.19122	0.18571	0.18504	0.18659	0.18957	0.18875	0.18867	0.19294	0.19046	0.18687	0.18285	0.1793	0.17942	0.17756	0.17528	0.17359	0.17252	0.1725	0.17409	
0.091613	0.18298	0.19205	0.18617	0.17863	0.17442	0.17461	0.1749	0.17835	0.17736	0.17803	0.18346	0.18137	0.17782	0.17411	0.1709	0.17194	0.1702	0.16808	0.16674	0.16592	0.16597	0.16782	0.16741	
0.13579	0.17494	0.18847	0.18027	0.17521	0.1743	0.17467	0.17866	0.17859	0.17887	0.18451	0.18221	0.17881	0.17513	0.17141	0.17236	0.17032	0.16812	0.16675	0.16588	0.16591	0.16779	0.16741	0.16765	
0.16752	0.1834	0.17908	0.17065	0.1719	0.1712	0.17494	0.17465	0.17495	0.18127	0.17854	0.17531	0.172	0.16864	0.17003	0.16818	0.16599	0.16471	0.1639	0.16393	0.1657	0.16513	0.16538	0.16528	
0.10713	0.1286	0.1406	0.14479	0.14716	0.15398	0.15641	0.15879	0.16849	0.16695	0.164	0.16176	0.15936	0.16176	0.15997	0.15855	0.15795	0.15771	0.15818	0.16048	0.1602	0.1608	0.1609	0.15964	
0.078124	0.11838	0.14343	0.14635	0.15504	0.15673	0.15808	0.16765	0.16547	0.16337	0.16122	0.15854	0.16131	0.15933	0.15792	0.15742	0.1569	0.15709	0.15922	0.15875	0.15936	0.15969	0.15864	0.16039	
0.076034	0.13243	0.14624	0.15526	0.15693	0.15883	0.17023	0.16721	0.16496	0.16263	0.15998	0.16318	0.16093	0.15956	0.15909	0.15856	0.15823	0.16028	0.15959	0.16016	0.16051	0.15941	0.16107	0.16422	
0.10811	0.13181	0.15604	0.15492	0.15682	0.16964	0.16543	0.16382	0.16198	0.159	0.16272	0.1605	0.15902	0.15853	0.1579	0.15741	0.15927	0.1583	0.15886	0.15931	0.15822	0.15971	0.16286	0.16474	
0.097622	0.13709	0.14894	0.15577	0.17358	0.16913	0.16644	0.16345	0.16052	0.16526	0.16265	0.1616	0.16117	0.16056	0.16007	0.16189	0.16028	0.16087	0.16126	0.15974	0.16125	0.16441	0.16617	0.16735	
0.099857	0.13629	0.1547	0.17529	0.16976	0.16409	0.16164	0.15977	0.16507	0.16277	0.16122	0.16044	0.15962	0.15912	0.16107	0.15947	0.15992	0.16009	0.15822	0.15985	0.16256	0.16413	0.16515	0.16563	
0.10128	0.13545	0.17777	0.17166	0.16832	0.1647	0.16276	0.1683	0.16563	0.16328	0.16195	0.16085	0.16038	0.16241	0.16057	0.16063	0.16062	0.15838	0.16005	0.16269	0.16401	0.16476	0.16508	0.16683	
0.079245	0.14504	0.15042	0.15226	0.15261	0.15322	0.15922	0.1598	0.15633	0.15517	0.15404	0.15433	0.1568	0.15519	0.15535	0.1557	0.15325	0.15507	0.15784	0.15886	0.15962	0.16009	0.16207	0.16446	
0.094426	0.12871	0.14976	0.15064	0.15235	0.15838	0.16072	0.15644	0.15526	0.15414	0.15481	0.15753	0.15605	0.1555	0.156	0.15355	0.15543	0.15816	0.15923	0.16008	0.1606	0.16272	0.16517	0.16752	
0.094399	0.13861	0.14776	0.14993	0.15514	0.15985	0.15567	0.15492	0.15455	0.15631	0.15962	0.15828	0.15702	0.15739	0.15474	0.15686	0.15975	0.1608	0.16148	0.16202	0.16418	0.16672	0.16908	0.17212	
0.090964	0.12192	0.13373	0.14655	0.15007	0.14719	0.14755	0.14828	0.15096	0.15555	0.15466	0.15417	0.15477	0.15221	0.1549	0.15833	0.1596	0.16058	0.16133	0.16363	0.16634	0.16881	0.17202	0.17824	
0.073452	0.11471	0.12888	0.14592	0.14308	0.14461	0.14723	0.15141	0.157	0.15635	0.15614	0.15681	0.15373	0.15682	0.16052	0.16127	0.16234	0.16313	0.16551	0.16833	0.17082	0.17408	0.18039	0.18722	
0.085387	0.12049	0.15286	0.14433	0.14635	0.14894	0.15221	0.15731	0.15659	0.15654	0.15777	0.15472	0.15759	0.16114	0.16183	0.16296	0.1638	0.16621	0.16898	0.17136	0.17454	0.18042	0.18711	0.1935	
0.089748	0.146	0.15077	0.14781	0.14875	0.14862	0.15341	0.15256	0.15375	0.15688	0.15457	0.15659	0.16015	0.1608	0.16179	0.16283	0.16533	0.16799	0.1703	0.17343	0.17934	0.186	0.19192	0.19464	
0.10482	0.14185	0.15052	0.14481	0.14372	0.14963	0.1489	0.1504	0.15469	0.15245	0.15451	0.15796	0.15831	0.15912	0.15998	0.16242	0.16494	0.16719	0.17029	0.17636	0.18306	0.18871	0.19116	0.19388	
0.07355	0.12416	0.13846	0.13869	0.14758	0.14706	0.14765	0.15048	0.14772	0.15054	0.15396	0.15407	0.15479	0.1553	0.15784	0.1604	0.1626	0.16589	0.17227	0.17907	0.1847	0.18708	0.18982	0.19386	
0.065307	0.10897	0.12251	0.13388	0.13692	0.13848	0.14355	0.14112	0.14435	0.1485	0.14892	0.14975	0.15029	0.15303	0.15575	0.15786	0.16131	0.16803	0.17498	0.18059	0.18289	0.18563	0.18969	0.19492	
0.064548	0.1088	0.13307	0.13684	0.13926	0.14309	0.14108	0.14456	0.14879	0.14874	0.14835	0.14853	0.15136	0.15402	0.15613	0.15962	0.16648	0.17358	0.17921	0.1815	0.18431	0.18824	0.19352	0.19535	
0.069668	0.126	0.13618	0.13437	0.1397	0.13873	0.14241	0.14681	0.14714	0.14616	0.1465	0.1498	0.15244	0.15461	0.15815	0.16507	0.17179	0.1771	0.17905	0.1816	0.18517	0.19035	0.19206	0.1938	
0.082851	0.11958	0.1266	0.1363	0.13723	0.14137	0.14647	0.14656	0.14559	0.1462	0.1496	0.15237	0.15455	0.15769	0.16442	0.17012	0.17462	0.1759	0.17784	0.18094	0.18579	0.18735	0.1889	0.18931	
0.088974	0.11282	0.13434	0.13772	0.14321	0.14833	0.14909	0.14861	0.14916	0.15236	0.15488	0.15682	0.15972	0.16535	0.16937	0.1728	0.17302	0.17377	0.17603	0.1803	0.18161	0.18297	0.1831	0.18359	
0.064422	0.11741	0.1299	0.13995	0.14697	0.14881	0.14892	0.1497	0.15317	0.15558	0.15742	0.16029	0.16567	0.16892	0.17144	0.17096	0.17117	0.17301	0.17706	0.17825	0.1795	0.17945	0.17989	0.18095	
0.092164	0.12561	0.14279	0.1481	0.14916	0.14956	0.15111	0.1547	0.15729	0.15911	0.16133	0.16559	0.16768	0.16922	0.16793	0.16756	0.16913	0.17301	0.17371	0.17469	0.17461	0.17499	0.17598	0.1766	
0.082846	0.13063	0.15006	0.15127	0.15288	0.1541	0.1574	0.15949	0.1603	0.16207	0.16585	0.16736	0.16869	0.16708	0.16641	0.16798	0.17157	0.17222	0.17312	0.17287	0.17318	0.17417	0.17425	0.17729	
0.088391	0.13139	0.14189	0.14508	0.14763	0.1526	0.1554	0.15519	0.1571	0.16063	0.16088	0.1622	0.16061	0.15975	0.1616	0.16548	0.16634	0.16735	0.16726	0.1677	0.16889	0.16902	0.1722	0.17493	
0.07821	0.12302	0.13404	0.1384	0.14704	0.15088	0.15179	0.15355	0.15667	0.15679	0.15831	0.15589	0.15476	0.15658	0.1608	0.16186	0.16262	0.16272	0.16329	0.16464	0.16479	0.16805	0.17083	0.17139	
0.093257	0.11993	0.13042	0.13931	0.14486	0.14728	0.14933	0.15232	0.15178	0.15307	0.15065	0.14947	0.15224	0.1568	0.15806	0.15869	0.15885	0.1594	0.16071	0.16085	0.16421	0.16701	0.16753	0.16919	
0.066121	0.11348	0.13407	0.14477	0.14712	0.15028	0.15282	0.15116	0.15053	0.14828	0.14708	0.14945	0.15403	0.15598	0.15661	0.1569	0.15751	0.15894	0.15919	0.16255	0.16538	0.16577	0.16736	0.16935	
0.066945	0.12109	0.13972	0.1449	0.14813	0.14823	0.14677	0.1469	0.14472	0.14389	0.1467	0.15148	0.15309	0.15373	0.15407	0.15469	0.15603	0.15627	0.15965	0.16233	0.16255	0.164	0.16584	0.16664	
0.062748	0.12888	0.14207	0.14487	0.14574	0.14405	0.14433	0.1423	0.14165	0.1451	0.15037	0.15212	0.15271	0.15289	0.15362	0.15516	0.15518	0.15831	0.16068	0.16045	0.16164	0.16316	0.16366	0.16291	
0.10188	0.13058	0.14158	0.1431	0.14056	0.13991	0.13895	0.13869	0.14309	0.14856	0.15082	0.15128	0.15141	0.15237	0.15417	0.15406	0.15676	0.15882	0.15812	0.15883	0.15998	0.16014	0.15899	0.15915	
0.070615	0.11275	0.12228	0.12438	0.12665	0.12906	0.12911	0.1348	0.14206	0.1453	0.14611	0.14664	0.14813	0.15032	0.15023	0.15272	0.15456	0.15354	0.15408	0.15503	0.15496	0.15376	0.15381	0.15435	
0.063071	0.10591	0.12003	0.12446	0.12844	0.12969	0.13693	0.14485	0.14777	0.14812	0.14803	0.14938	0.15158	0.15106	0.1528	0.15392	0.15263	0.15281	0.15349	0.15306	0.15171	0.15158	0.15209	0.15337	
0.063941	0.1045	0.11867	0.12649	0.12955	0.13795	0.14592	0.14933	0.14961	0.14944	0.15047	0.15269	0.15164	0.15274	0.15331	0.15156	0.15149	0.15172	0.15088	0.14944	0.1492	0.14972	0.15105	0.15415	
0.060974	0.10969	0.12394	0.12941	0.14081	0.14985	0.15269	0.15234	0.15138	0.15197	0.15418	0.15263	0.15261	0.15288	0.15086	0.15	0.14981	0.14878	0.14728	0.147	0.14757	0.149	0.1523	0.15308	
0.088287	0.11781	0.12695	0.14025	0.15201	0.15565	0.1548	0.15301	0.15331	0.15531	0.15312	0.15248	0.15239	0.15014	0.14921	0.14899	0.14756	0.14601	0.1457	0.14627	0.14778	0.15118	0.15205	0.153	
0.08159	0.11876	0.14158	0.15497	0.15933	0.15675	0.15408	0.15403	0.15682	0.15448	0.15394	0.1533	0.15101	0.14969	0.14954	0.14819	0.14662	0.14626	0.14682	0.14799	0.15142	0.15232	0.15312	0.15622	
0.088229	0.13498	0.15914	0.16215	0.15901	0.15545	0.15541	0.1575	0.15537	0.1548	0.15347	0.15098	0.14944	0.14935	0.14799	0.14637	0.14599	0.14646	0.14761	0.15095	0.15181	0.15256	0.15557	0.15706	
0.088796	0.14509	0.15487	0.15324	0.1506	0.15136	0.15206	0.15083	0.15158	0.15091	0.14872	0.14755	0.1474	0.14593	0.14436	0.14398	0.14426	0.14517	0.14827	0.14911	0.14982	0.15281	0.15438	0.15637	
0.10465	0.14106	0.14495	0.14613	0.14669	0.14622	0.14648	0.14868	0.14867	0.14609	0.14536	0.14538	0.14413	0.14263	0.14224	0.14244	0.14334	0.14637	0.14717	0.14786	0.15077	0.15232	0.15431	0.1535	
0.079617	0.11521	0.13126	0.13317	0.13663	0.13733	0.14025	0.14101	0.13917	0.13975	0.14014	0.13921	0.13817	0.13819	0.13883	0.14004	0.14287	0.14379	0.1446	0.14769	0.14939	0.15139	0.15038	0.15047	
0.072447	0.11066	0.13157	0.1293	0.13251	0.13699	0.13794	0.13654	0.13784	0.1387	0.13765	0.13704	0.1373	0.13852	0.13966	0.14263	0.14347	0.14401	0.1471	0.14882	0.15063	0.14934	0.14962	0.1501	
0.07326	0.12069	0.12708	0.12985	0.13562	0.13675	0.13531	0.1372	0.1384	0.1373	0.13666	0.13715	0.13834	0.13943	0.14249	0.14326	0.14371	0.14673	0.14853	0.15026	0.14896	0.1492	0.14971	0.15302	
0.089412	0.11344	0.12256	0.13083	0.13372	0.13225	0.13516	0.13692	0.13588	0.13565	0.13654	0.13815	0.13925	0.1423	0.14275	0.14314	0.14605	0.1479	0.14962	0.14786	0.14815	0.14869	0.15222	0.15599	
0.087367	0.11153	0.12935	0.13368	0.13306	0.13684	0.13863	0.13765	0.1372	0.13867	0.14044	0.14035	0.14308	0.14359	0.14394	0.14672	0.14853	0.15005	0.14788	0.14817	0.1487	0.15219	0.15571	0.16053	
0.066979	0.1167	0.13195	0.1309	0.13738	0.13985	0.13945	0.13924	0.14028	0.14159	0.14097	0.1429	0.14348	0.14383	0.1457	0.1475	0.14891	0.14662	0.147	0.1475	0.1512	0.1549	0.15998	0.16519	
0.08369	0.11532	0.12862	0.13497	0.13939	0.13806	0.13835	0.13969	0.14062	0.13934	0.14152	0.1423	0.14274	0.14521	0.14693	0.14837	0.14585	0.14617	0.14669	0.15055	0.15439	0.15953	0.1646	0.17147	
0.075563	0.11039	0.13022	0.13656	0.13611	0.13667	0.13753	0.13845	0.13634	0.13877	0.13989	0.1405	0.14288	0.14501	0.1465	0.14409	0.14446	0.14506	0.14898	0.1527	0.15782	0.1629	0.16969	0.17318	
0.060584	0.11614	0.13495	0.13478	0.13712	0.13809	0.13892	0.13637	0.13911	0.14042	0.14116	0.14369	0.14576	0.14707	0.14463	0.1449	0.14551	0.14948	0.1533	0.15845	0.16349	0.17026	0.17357	0.17827	
0.082188	0.12795	0.13379	0.13726	0.13877	0.13915	0.13724	0.14011	0.14141	0.14218	0.1446	0.14664	0.14766	0.14517	0.14549	0.14593	0.14996	0.15379	0.15891	0.16372	0.17038	0.17351	0.17804	0.18001	
0.093236	0.11975	0.13286	0.13664	0.13773	0.13639	0.1406	0.142	0.14232	0.14513	0.1474	0.1477	0.14514	0.14553	0.14578	0.14981	0.15333	0.15818	0.16279	0.16925	0.17204	0.17634	0.17802	0.17955	
0.089493	0.11862	0.13115	0.13082	0.13073	0.1343	0.13674	0.13746	0.14004	0.14259	0.14277	0.14093	0.14186	0.14236	0.14695	0.15029	0.15533	0.16005	0.16657	0.16928	0.17362	0.17513	0.17654	0.18007	
0.078029	0.12226	0.12926	0.12914	0.13314	0.13682	0.1375	0.14006	0.1425	0.14242	0.14109	0.14205	0.14277	0.14741	0.1506	0.15536	0.15957	0.16573	0.16813	0.17222	0.17339	0.17432	0.17787	0.18014	
0.094954	0.11878	0.12535	0.13338	0.13862	0.13946	0.14313	0.14559	0.14501	0.14343	0.14377	0.14408	0.14827	0.15079	0.1549	0.15866	0.1642	0.16591	0.16974	0.17061	0.17132	0.17496	0.17711	0.18293	
0.071493	0.11353	0.12481	0.13236	0.13548	0.13892	0.14196	0.14167	0.14162	0.14287	0.14275	0.14688	0.14852	0.15236	0.15614	0.16176	0.16331	0.16728	0.16799	0.16826	0.17199	0.17413	0.18004	0.18713	
0.08027	0.11537	0.1288	0.13234	0.13557	0.13866	0.1388	0.1397	0.14164	0.14093	0.1451	0.14646	0.15001	0.15371	0.15909	0.16058	0.16467	0.16522	0.16533	0.16923	0.17139	0.17742	0.18465	0.18494	
0.074543	0.11367	0.12612	0.12866	0.13176	0.1341	0.13581	0.13855	0.13762	0.14201	0.1431	0.14692	0.15045	0.15588	0.15755	0.16208	0.16264	0.1628	0.16684	0.16905	0.17525	0.18259	0.18321	0.1841	
0.08237	0.11352	0.12482	0.12863	0.13066	0.13307	0.13643	0.13536	0.1397	0.14049	0.14422	0.14785	0.1535	0.15515	0.16014	0.16072	0.16062	0.1644	0.16648	0.17288	0.18037	0.18103	0.18185	0.18071	
0.057192	0.1132	0.12487	0.1307	0.13418	0.13799	0.13596	0.14115	0.14176	0.14512	0.14886	0.1547	0.15637	0.16143	0.16189	0.16164	0.16596	0.16805	0.17473	0.18214	0.18252	0.18297	0.18145	0.18291	
0.084785	0.11787	0.12873	0.13237	0.13764	0.13725	0.14155	0.14191	0.14504	0.14899	0.15519	0.15705	0.16255	0.16293	0.16274	0.16681	0.1689	0.17544	0.18254	0.18273	0.18296	0.18119	0.18257	0.1993	
0.062544	0.10914	0.12555	0.13419	0.136	0.14126	0.14219	0.14586	0.14972	0.15658	0.15861	0.16461	0.16505	0.16484	0.16885	0.17097	0.17712	0.18368	0.18391	0.18387	0.18166	0.18268	0.19953	0.20383	
0.073235	0.11665	0.13033	0.13444	0.13968	0.14056	0.1443	0.14937	0.15576	0.15829	0.16446	0.1648	0.16436	0.16903	0.17142	0.1786	0.18505	0.18515	0.1847	0.18217	0.18301	0.20011	0.20404	0.20721	
0.086401	0.11814	0.12978	0.13785	0.14091	0.1453	0.15054	0.15629	0.15814	0.16436	0.16463	0.16415	0.16916	0.17142	0.17757	0.18253	0.18243	0.18207	0.1793	0.1799	0.19724	0.20084	0.20373	0.2069	
0.062999	0.1087	0.13129	0.13637	0.14261	0.14806	0.15425	0.15607	0.16217	0.16238	0.1617	0.1675	0.16963	0.17515	0.17903	0.17959	0.17964	0.17683	0.17718	0.19474	0.1981	0.20075	0.20378	0.20638	
0.068261	0.12256	0.13536	0.13939	0.14366	0.15077	0.15217	0.15822	0.15852	0.15796	0.16365	0.16552	0.1698	0.17255	0.17362	0.17496	0.17236	0.17245	0.19007	0.1932	0.1957	0.19869	0.20153	0.20229	
0.092917	0.12135	0.1374	0.13831	0.14626	0.14784	0.15387	0.15444	0.15313	0.15851	0.15983	0.16286	0.16521	0.1675	0.16996	0.16771	0.16782	0.1859	0.18901	0.19145	0.19454	0.19761	0.1986	0.20091	
0.086016	0.11906	0.13237	0.13844	0.14107	0.14708	0.14898	0.14802	0.15299	0.15319	0.15539	0.15764	0.16245	0.16651	0.16441	0.16452	0.18293	0.18613	0.18778	0.19104	0.19441	0.19567	0.19812	0.19916	
0.087864	0.1154	0.13272	0.13699	0.14463	0.14779	0.14618	0.15009	0.15048	0.15181	0.15394	0.16023	0.16498	0.16299	0.16307	0.18202	0.18525	0.18685	0.19016	0.1937	0.19501	0.19731	0.19841	0.19765	
0.083872	0.11772	0.13036	0.138	0.14398	0.14343	0.14599	0.14657	0.14741	0.14967	0.15773	0.1635	0.16168	0.16162	0.18082	0.18405	0.18542	0.1888	0.19243	0.19382	0.19611	0.19733	0.19646	0.20023	
0.077048	0.1124	0.12886	0.13784	0.1383	0.14093	0.14188	0.14241	0.14499	0.15554	0.16268	0.16113	0.16098	0.18072	0.18369	0.18494	0.18819	0.19183	0.19313	0.19535	0.19669	0.19569	0.19945	0.21005	
0.063839	0.11501	0.13664	0.1366	0.13733	0.13918	0.13958	0.14275	0.15668	0.16489	0.16333	0.16275	0.18272	0.18526	0.18632	0.1893	0.19308	0.19422	0.19634	0.19784	0.19672	0.20006	0.21073	0.22424	
0.086735	0.12901	0.13877	0.13325	0.13773	0.13866	0.14273	0.15835	0.16693	0.16491	0.1645	0.18652	0.18897	0.18983	0.19267	0.19638	0.19727	0.19915	0.20079	0.19936	0.20259	0.21327	0.22687	0.23615	
0.094466	0.12263	0.13346	0.13558	0.13737	0.14209	0.1596	0.16762	0.16487	0.16479	0.18945	0.19208	0.19263	0.19538	0.19906	0.19986	0.20138	0.20304	0.20125	0.20405	0.21454	0.22823	0.23708	0.23558	
0.07335	0.11287	0.13732	0.13519	0.14191	0.16113	0.16702	0.16384	0.16487	0.19327	0.19684	0.19706	0.20028	0.20385	0.20408	0.20524	0.20661	0.20437	0.20673	0.21706	0.23087	0.23927	0.23734	0.23557	
0.072679	0.11914	0.12845	0.13588	0.16084	0.16829	0.16475	0.16583	0.19674	0.19989	0.1997	0.20259	0.2057	0.20508	0.2058	0.20746	0.20484	0.20691	0.21702	0.23066	0.23866	0.23651	0.23445	0.23953	
0.08872	0.11978	0.13247	0.16264	0.16852	0.16379	0.16583	0.20159	0.20429	0.20304	0.20587	0.20845	0.20726	0.20731	0.20911	0.2061	0.20771	0.21765	0.23129	0.2387	0.23639	0.23392	0.23858	0.24905	
0.064566	0.10442	0.16295	0.16744	0.16254	0.16439	0.20317	0.20486	0.20357	0.20557	0.20835	0.20676	0.20591	0.20822	0.20492	0.20645	0.21643	0.23018	0.23719	0.23479	0.23219	0.23691	0.24759	0.26568	
0.063503	0.15347	0.16854	0.15827	0.16494	0.21364	0.21435	0.21156	0.21251	0.21411	0.2113	0.20954	0.21177	0.208	0.20939	0.21884	0.23244	0.23871	0.23652	0.23377	0.23825	0.24908	0.26745	0.27713	
0.14469	0.16474	0.16227	0.16489	0.22202	0.22057	0.21819	0.21756	0.21799	0.21448	0.21174	0.21424	0.20986	0.21133	0.22085	0.23469	0.24054	0.2386	0.23565	0.24016	0.25136	0.2702	0.27981	0.28815	
0.09466	0.13	0.1529	0.23203	0.23129	0.22944	0.2274	0.22618	0.22107	0.21779	0.22039	0.21529	0.21678	0.22627	0.23988	0.24533	0.2438	0.24024	0.2448	0.25653	0.2757	0.28492	0.2927	0.29931	
0.080598	0.12904	0.23203	0.22593	0.2191	0.21766	0.21784	0.21407	0.20943	0.21407	0.20893	0.21076	0.22003	0.23344	0.23853	0.23825	0.23496	0.23973	0.25206	0.27189	0.28057	0.288	0.2941	0.30118	
0.098375	0.23157	0.2152	0.20939	0.20615	0.20761	0.20547	0.20224	0.20869	0.20484	0.20802	0.21713	0.23055	0.23515	0.23544	0.23194	0.23667	0.24899	0.26895	0.27674	0.28323	0.2884	0.29479	0.2984	
0.19206	0.18305	0.18766	0.18687	0.1906	0.19139	0.18995	0.19976	0.19736	0.2028	0.21241	0.22596	0.23026	0.23139	0.22754	0.23238	0.245	0.26519	0.2721	0.27733	0.28159	0.28726	0.29025	0.29496	
0.10793	0.16745	0.1753	0.18171	0.18593	0.18444	0.19629	0.19561	0.20467	0.21487	0.22866	0.23223	0.23293	0.22848	0.23308	0.24562	0.26564	0.27114	0.27504	0.27834	0.28326	0.28566	0.28995	0.29429	
0.090606	0.14612	0.16204	0.16649	0.1684	0.18437	0.18371	0.1919	0.20326	0.21934	0.22278	0.22798	0.22317	0.22912	0.24441	0.26744	0.27469	0.27947	0.28336	0.28853	0.29084	0.29488	0.29886	0.29916	
0.099545	0.14127	0.16351	0.16742	0.18664	0.18517	0.19394	0.20492	0.22176	0.22471	0.23386	0.22824	0.23351	0.24957	0.27271	0.27901	0.28263	0.28533	0.28948	0.29079	0.294	0.29742	0.29714	0.29563	
0.095465	0.14451	0.15513	0.18148	0.18358	0.19278	0.20463	0.22489	0.22816	0.24162	0.23503	0.24032	0.25684	0.27962	0.28432	0.28637	0.28768	0.29056	0.29084	0.2931	0.29586	0.29499	0.29286	0.29141	
0.075807	0.12261	0.17017	0.1746	0.18624	0.20263	0.2272	0.23013	0.24305	0.23581	0.24051	0.25683	0.27941	0.28295	0.28395	0.2841	0.28623	0.28578	0.28741	0.28987	0.28863	0.28608	0.28429	0.28382	
0.10648	0.17429	0.17793	0.17765	0.1955	0.22288	0.22399	0.24442	0.23805	0.24186	0.25709	0.27915	0.28126	0.28128	0.2803	0.28088	0.2797	0.28083	0.28234	0.28068	0.27782	0.27576	0.27525	0.27325	
0.1356	0.16803	0.18282	0.2016	0.22994	0.22789	0.24393	0.23813	0.24023	0.25386	0.27314	0.27279	0.27167	0.26956	0.26917	0.26728	0.26805	0.26948	0.26771	0.26469	0.26229	0.26195	0.26012	0.25832	
0.10299	0.15494	0.22508	0.23349	0.23054	0.24027	0.23697	0.23823	0.2505	0.26807	0.26533	0.26311	0.25949	0.25826	0.25579	0.25624	0.25784	0.256	0.25313	0.25067	0.2505	0.24826	0.24665	0.24318	
0.070337	0.17129	0.2164	0.21243	0.21743	0.22285	0.22448	0.23534	0.25023	0.24547	0.24289	0.23905	0.23741	0.23489	0.23557	0.23766	0.23593	0.23328	0.23132	0.23151	0.22957	0.22831	0.22538	0.22397	
0.12934	0.16287	0.17954	0.18621	0.20827	0.2107	0.21965	0.23293	0.22778	0.22558	0.22167	0.21973	0.21747	0.21848	0.22127	0.21978	0.2174	0.21573	0.21629	0.21471	0.2138	0.21133	0.21025	0.20999	
0.080957	0.13262	0.15734	0.19615	0.19958	0.20896	0.2215	0.2164	0.21407	0.20978	0.20736	0.20504	0.20601	0.20912	0.20742	0.20512	0.20371	0.20455	0.20317	0.20244	0.20033	0.19938	0.19934	0.19831	
0.093758	0.14637	0.20728	0.20609	0.21435	0.22562	0.21942	0.2158	0.21067	0.20635	0.20294	0.20344	0.20625	0.20404	0.20151	0.19988	0.20064	0.19887	0.19737	0.19545	0.19428	0.19426	0.19322	0.19537	
0.10753	0.19492	0.2061	0.22043	0.23192	0.22318	0.21812	0.21113	0.20608	0.20146	0.20209	0.20428	0.20155	0.19856	0.19666	0.19735	0.19516	0.19348	0.19172	0.19044	0.19035	0.18943	0.19174	0.19231	
0.098736	0.19404	0.20747	0.21579	0.21926	0.21296	0.20643	0.20114	0.19633	0.19707	0.19953	0.19662	0.19359	0.19152	0.19222	0.18986	0.18793	0.18636	0.18495	0.18484	0.18427	0.18677	0.18732	0.18816	
0.071023	0.13963	0.18882	0.20593	0.20074	0.19512	0.19048	0.18609	0.18716	0.19085	0.18767	0.18485	0.183	0.18415	0.18249	0.18079	0.17964	0.1778	0.17786	0.17741	0.18022	0.18077	0.18182	0.18219	
0.080839	0.15983	0.17631	0.17904	0.17636	0.17484	0.1719	0.17511	0.18227	0.17972	0.17672	0.17514	0.1779	0.17656	0.17528	0.17398	0.17291	0.17345	0.17322	0.17626	0.17681	0.17767	0.17728	0.17648	
0.11645	0.16426	0.18783	0.17627	0.17604	0.17291	0.17516	0.18277	0.18021	0.17629	0.17449	0.17721	0.17551	0.17428	0.17312	0.1725	0.17284	0.17249	0.17495	0.17506	0.17535	0.17405	0.1726	0.17091	
0.11305	0.1599	0.17406	0.17533	0.17362	0.17717	0.18503	0.18269	0.17793	0.17519	0.17724	0.17559	0.1742	0.17308	0.17277	0.17262	0.17162	0.17281	0.17226	0.1722	0.17007	0.16836	0.16679	0.16499	
0.078884	0.12997	0.14928	0.1474	0.15478	0.16561	0.16415	0.16099	0.16011	0.16361	0.16351	0.16316	0.16252	0.16296	0.16299	0.1621	0.16293	0.16224	0.1619	0.15952	0.15812	0.15706	0.15558	0.15565	
0.095436	0.1278	0.13729	0.1469	0.16006	0.15944	0.15629	0.15598	0.16019	0.16066	0.16094	0.16047	0.16049	0.16038	0.15933	0.15955	0.15853	0.15801	0.15528	0.15405	0.15312	0.15179	0.15215	0.15245	
0.089246	0.11982	0.13747	0.15424	0.15563	0.15375	0.15368	0.15851	0.15941	0.16	0.16022	0.16006	0.15966	0.15847	0.15837	0.15715	0.15623	0.15352	0.15239	0.15151	0.1503	0.15083	0.1512	0.15064	
0.072716	0.1198	0.15593	0.14888	0.15078	0.15136	0.15698	0.15835	0.15889	0.15943	0.15833	0.15747	0.15596	0.15544	0.15406	0.15304	0.15034	0.1494	0.14855	0.14754	0.14847	0.14891	0.14837	0.14984	
0.085345	0.13884	0.14826	0.14895	0.15042	0.15756	0.15816	0.15808	0.15883	0.15752	0.15647	0.15494	0.15392	0.15235	0.15136	0.14865	0.1478	0.14693	0.14605	0.1471	0.14756	0.14683	0.14851	0.15337	
0.085948	0.13316	0.14527	0.14724	0.15633	0.15671	0.15629	0.15814	0.15628	0.15526	0.15336	0.15195	0.15033	0.14941	0.14696	0.14636	0.14544	0.14476	0.14611	0.14647	0.14612	0.14791	0.15313	0.16013	
0.093207	0.13105	0.14669	0.1531	0.15183	0.15131	0.15524	0.15385	0.15315	0.15172	0.15062	0.14936	0.14846	0.14584	0.14507	0.144	0.14344	0.14497	0.1454	0.14482	0.14691	0.15261	0.15974	0.16022	
0.077258	0.11972	0.14878	0.14716	0.14795	0.1532	0.15352	0.15359	0.15271	0.15181	0.15074	0.14934	0.14578	0.1446	0.14362	0.14301	0.14443	0.14477	0.14421	0.1463	0.15214	0.15969	0.16021	0.16834	
0.092707	0.1361	0.14658	0.15149	0.15754	0.15764	0.15695	0.15547	0.15313	0.15144	0.15013	0.14688	0.14606	0.1449	0.14435	0.14577	0.14618	0.14534	0.14736	0.15339	0.16108	0.16158	0.1698	0.17146	
0.097407	0.13904	0.1486	0.15394	0.15402	0.15285	0.151	0.14881	0.14761	0.14673	0.14431	0.14397	0.14284	0.14259	0.14452	0.14525	0.14454	0.14674	0.15349	0.1615	0.16211	0.17073	0.17238	0.17933	
0.087063	0.11106	0.13958	0.14215	0.1457	0.14483	0.14324	0.14282	0.1423	0.14067	0.14116	0.14	0.13987	0.14244	0.14346	0.1429	0.14564	0.15328	0.1616	0.16234	0.17137	0.17296	0.18018	0.18168	
0.056879	0.12525	0.1462	0.1469	0.1473	0.14596	0.14469	0.14352	0.14153	0.14191	0.14097	0.14074	0.14329	0.14388	0.14326	0.14592	0.15337	0.1623	0.16301	0.17253	0.17423	0.18176	0.18315	0.19067	
0.088988	0.14486	0.14928	0.15042	0.14776	0.14545	0.14401	0.14156	0.14223	0.14167	0.14118	0.14379	0.14427	0.14364	0.1464	0.15416	0.16345	0.16408	0.17404	0.1757	0.18351	0.18475	0.19235	0.19585	
0.09611	0.13795	0.14854	0.14513	0.14204	0.14183	0.13971	0.14073	0.14088	0.14075	0.14351	0.14382	0.14321	0.14617	0.15429	0.16369	0.1643	0.17459	0.17644	0.1843	0.18551	0.19343	0.19695	0.20252	
0.078497	0.12372	0.14072	0.13636	0.137	0.13698	0.13968	0.13915	0.13988	0.14334	0.14416	0.14375	0.14641	0.15526	0.16564	0.16643	0.17726	0.17917	0.18727	0.18849	0.19676	0.20028	0.20583	0.20727	
0.056733	0.1271	0.12941	0.13404	0.13467	0.13749	0.13792	0.13868	0.14203	0.14164	0.14087	0.14516	0.15465	0.16558	0.166	0.17739	0.17918	0.18763	0.18871	0.19726	0.20071	0.20629	0.20754	0.21054	
0.086173	0.11087	0.12529	0.12805	0.13322	0.13508	0.13591	0.13964	0.13972	0.13945	0.14487	0.15521	0.16611	0.16638	0.17816	0.1799	0.18873	0.1896	0.19839	0.20163	0.20716	0.20813	0.21048	0.21203	
0.062752	0.10987	0.12249	0.1302	0.13378	0.13473	0.14039	0.14011	0.14016	0.14529	0.15561	0.16702	0.16715	0.1798	0.18187	0.19111	0.19178	0.20032	0.20336	0.20881	0.20946	0.21165	0.21298	0.21279	
0.064996	0.11641	0.13301	0.13804	0.13832	0.14341	0.14211	0.14085	0.14453	0.15501	0.16819	0.16802	0.1818	0.1843	0.19401	0.19382	0.2027	0.20523	0.21059	0.21078	0.21269	0.21358	0.21303	0.2129	
0.078504	0.11803	0.13626	0.13647	0.14367	0.14222	0.13988	0.14345	0.1543	0.16937	0.16896	0.18361	0.18635	0.19635	0.19543	0.20448	0.20634	0.21143	0.21097	0.21255	0.21319	0.21232	0.21196	0.21452	
0.093704	0.12601	0.13253	0.13431	0.13701	0.13614	0.14003	0.15157	0.16994	0.16973	0.18597	0.18914	0.19972	0.19835	0.20773	0.20881	0.21348	0.21238	0.21319	0.21355	0.21231	0.21169	0.21351	0.21374	
0.076553	0.11858	0.13301	0.1379	0.1391	0.14243	0.15385	0.17534	0.17431	0.19136	0.19454	0.20537	0.20328	0.21257	0.21279	0.21689	0.21464	0.21455	0.21465	0.21276	0.21181	0.21338	0.2134	0.21579	
0.077506	0.12622	0.13686	0.13936	0.1444	0.15671	0.18054	0.17877	0.19751	0.20072	0.21201	0.20903	0.2185	0.21782	0.22097	0.21789	0.21737	0.21726	0.21475	0.21343	0.21476	0.21449	0.21668	0.21874	
0.067733	0.1129	0.1282	0.1373	0.15115	0.17995	0.17854	0.19907	0.20318	0.21513	0.21113	0.221	0.21936	0.22201	0.21769	0.21662	0.21619	0.21316	0.21152	0.21258	0.2121	0.21416	0.21618	0.21445	
0.069332	0.11286	0.13395	0.15105	0.18302	0.18187	0.20571	0.20976	0.22271	0.21672	0.22576	0.22303	0.22427	0.21901	0.21743	0.21685	0.21327	0.21105	0.21175	0.211	0.21293	0.21495	0.21326	0.21278	
0.05765	0.1226	0.1527	0.18595	0.18507	0.21423	0.2184	0.23216	0.22342	0.23053	0.22712	0.2268	0.22093	0.21881	0.21834	0.21429	0.21157	0.21196	0.21103	0.21295	0.21498	0.21324	0.21274	0.21133	
0.078352	0.13827	0.17696	0.17973	0.21929	0.22737	0.24077	0.22939	0.2351	0.23077	0.22917	0.22261	0.21957	0.21884	0.21428	0.21125	0.21147	0.2104	0.21227	0.2143	0.21255	0.212	0.21067	0.21166	
0.083626	0.15111	0.16942	0.23063	0.2418	0.25145	0.23667	0.24027	0.23512	0.23206	0.22438	0.22048	0.21869	0.21365	0.21072	0.21102	0.20994	0.21149	0.21363	0.21179	0.21129	0.21009	0.21101	0.21176	
0.1113	0.17898	0.2503	0.24787	0.25034	0.23529	0.23519	0.23167	0.22799	0.22059	0.21671	0.21525	0.21043	0.20837	0.2095	0.209	0.21098	0.2132	0.21179	0.2116	0.21038	0.21129	0.21162	0.21302	
0.10855	0.20111	0.21394	0.21399	0.20741	0.20871	0.21092	0.20794	0.20282	0.20021	0.20083	0.19762	0.19774	0.20057	0.20178	0.20506	0.20831	0.20769	0.20824	0.2076	0.20861	0.20924	0.21079	0.21299	
0.19654	0.21463	0.23325	0.21194	0.21124	0.21337	0.20922	0.20295	0.19926	0.19904	0.19533	0.19605	0.19907	0.19948	0.20263	0.20577	0.20454	0.2045	0.20387	0.20503	0.20593	0.2077	0.21015	0.2133	
0.1584	0.18823	0.19503	0.19261	0.19656	0.19518	0.1892	0.18431	0.18522	0.18388	0.18758	0.19374	0.19616	0.20039	0.20422	0.20356	0.20387	0.20384	0.20403	0.20471	0.20618	0.20823	0.21142	0.21616	
0.15906	0.18551	0.22009	0.20253	0.20204	0.19386	0.18861	0.18824	0.1864	0.18974	0.19474	0.19511	0.19811	0.20143	0.20009	0.19967	0.19862	0.199	0.20013	0.2021	0.20491	0.20803	0.21295	0.21843	
0.099471	0.15443	0.17038	0.17441	0.16844	0.165	0.16719	0.16756	0.17424	0.18112	0.18245	0.18601	0.18966	0.18911	0.18918	0.18913	0.18972	0.19111	0.19323	0.19621	0.1995	0.20466	0.21015	0.21693	
0.1284	0.15791	0.17776	0.16686	0.16512	0.16714	0.16834	0.17479	0.18055	0.18037	0.18313	0.18614	0.18534	0.18518	0.18526	0.18554	0.1865	0.18889	0.19219	0.19546	0.2006	0.20614	0.21302	0.21571	
0.10263	0.14797	0.1506	0.15635	0.16219	0.16518	0.17333	0.17832	0.17764	0.18022	0.18314	0.18236	0.1821	0.1825	0.18282	0.18386	0.18636	0.18972	0.193	0.19818	0.20378	0.21067	0.21333	0.21948	
0.099425	0.13479	0.14909	0.15754	0.1593	0.16435	0.16659	0.16469	0.16708	0.16986	0.16969	0.16895	0.16987	0.17095	0.17267	0.17591	0.17967	0.18338	0.18885	0.19489	0.20222	0.20513	0.21158	0.21338	
0.09373	0.13482	0.16214	0.15806	0.16498	0.16652	0.16401	0.16643	0.17004	0.17042	0.16913	0.17015	0.17074	0.17315	0.17684	0.18067	0.18418	0.18946	0.19522	0.2023	0.20492	0.21118	0.21256	0.21072	
0.068199	0.12867	0.14091	0.14973	0.15361	0.15176	0.15541	0.15997	0.16146	0.16045	0.16292	0.16371	0.16618	0.16957	0.17294	0.17635	0.18174	0.18762	0.19465	0.19723	0.20365	0.20457	0.20287	0.20135	
0.074094	0.13508	0.15284	0.1549	0.15198	0.15533	0.15996	0.16239	0.16044	0.16332	0.16408	0.16637	0.16899	0.17132	0.17415	0.17912	0.18431	0.19107	0.19326	0.19965	0.20023	0.19846	0.19716	0.1985	
0.091882	0.13478	0.14589	0.1434	0.14847	0.15389	0.15739	0.15677	0.16078	0.16139	0.16308	0.16491	0.1665	0.16929	0.17385	0.17905	0.18596	0.18795	0.19452	0.19492	0.19341	0.19235	0.1943	0.19384	
0.099811	0.13585	0.13724	0.14502	0.15395	0.15958	0.15809	0.16144	0.16321	0.16452	0.16493	0.16536	0.16771	0.172	0.17698	0.18389	0.18572	0.19225	0.19209	0.19068	0.1899	0.19228	0.19178	0.20003	
0.087561	0.11648	0.13155	0.14156	0.15233	0.15236	0.15756	0.15908	0.16034	0.16085	0.16103	0.16368	0.1682	0.17342	0.18065	0.18261	0.18919	0.18886	0.18763	0.18703	0.18974	0.18883	0.19772	0.22139	
0.059296	0.11638	0.13462	0.15061	0.15261	0.15867	0.16058	0.16144	0.16118	0.16124	0.16375	0.16832	0.17361	0.18106	0.18248	0.18897	0.18825	0.18711	0.18642	0.18937	0.18765	0.19726	0.22183	0.25056	
0.072293	0.12216	0.15411	0.15207	0.15879	0.16017	0.16063	0.15987	0.15931	0.16118	0.16616	0.17174	0.17948	0.18055	0.18671	0.18589	0.18519	0.18501	0.18845	0.18651	0.19671	0.22266	0.25281	0.29974	
0.097294	0.13317	0.14158	0.15038	0.15677	0.15981	0.15997	0.15997	0.16152	0.16691	0.17233	0.18028	0.18108	0.18701	0.18608	0.18572	0.18531	0.18852	0.18641	0.19737	0.22527	0.25721	0.30547	0.34035	
0.092687	0.12743	0.14577	0.1553	0.15652	0.15574	0.15523	0.158	0.1643	0.17018	0.17827	0.17824	0.18377	0.18288	0.18364	0.18411	0.1878	0.18617	0.19753	0.22702	0.26021	0.30921	0.34372	0.37259	
0.079571	0.13024	0.14719	0.14973	0.15096	0.15136	0.15618	0.16368	0.16976	0.17796	0.17712	0.18212	0.1816	0.1838	0.18498	0.18902	0.18712	0.19912	0.23003	0.26451	0.31443	0.34911	0.37778	0.40485	
0.09546	0.14185	0.14864	0.15005	0.15303	0.15776	0.16526	0.16977	0.17813	0.17688	0.18199	0.18102	0.18235	0.18224	0.18554	0.18355	0.19709	0.23119	0.26841	0.32127	0.35664	0.38556	0.41281	0.42431	
0.095404	0.13531	0.14539	0.14661	0.15884	0.1672	0.17261	0.18135	0.17945	0.18472	0.18326	0.18348	0.18207	0.18458	0.18256	0.19807	0.23573	0.27538	0.32938	0.36468	0.39325	0.42039	0.43133	0.44096	
0.071765	0.12033	0.13541	0.14104	0.1531	0.15831	0.16763	0.16722	0.17456	0.17237	0.1707	0.16909	0.17227	0.17172	0.18998	0.2323	0.27711	0.33607	0.3731	0.40249	0.43026	0.44089	0.45016	0.46093	
0.088427	0.11885	0.13327	0.14856	0.15318	0.16248	0.16264	0.17127	0.16895	0.16624	0.16516	0.16925	0.16884	0.18968	0.23648	0.28454	0.34594	0.38347	0.4129	0.44061	0.45051	0.45902	0.46915	0.47464	
0.073354	0.11488	0.1456	0.14599	0.15548	0.15603	0.16558	0.16301	0.1605	0.16094	0.1664	0.16693	0.19001	0.24122	0.29291	0.35682	0.39507	0.42463	0.45212	0.46107	0.46861	0.47779	0.48227	0.48718	
0.063829	0.125	0.14215	0.14833	0.14942	0.15904	0.155	0.15382	0.15601	0.16344	0.16494	0.19103	0.24753	0.30294	0.3696	0.40896	0.43818	0.46537	0.47311	0.47941	0.48743	0.49079	0.4948	0.50444	
0.077559	0.12081	0.14198	0.13576	0.14408	0.14378	0.14588	0.15019	0.15995	0.16221	0.19177	0.25379	0.31246	0.38169	0.42141	0.4504	0.4771	0.48334	0.48829	0.49493	0.49707	0.49971	0.50879	0.51791	
0.077573	0.11406	0.12909	0.13551	0.13663	0.14079	0.14695	0.15898	0.16205	0.19531	0.26271	0.32259	0.39043	0.42951	0.45772	0.48372	0.48861	0.49233	0.49786	0.4986	0.50008	0.50851	0.51671	0.52421	
0.072138	0.11895	0.14568	0.13627	0.14352	0.15092	0.16441	0.16773	0.20315	0.27517	0.33503	0.39993	0.43766	0.4641	0.48883	0.49163	0.49402	0.49824	0.49811	0.49875	0.50677	0.5137	0.52013	0.52988	
0.088058	0.12928	0.13863	0.14322	0.1537	0.16859	0.17214	0.20934	0.28434	0.34121	0.40171	0.43839	0.46315	0.48672	0.4878	0.48856	0.49127	0.48998	0.48964	0.4973	0.50366	0.50906	0.51721	0.51346	
0.086528	0.1176	0.14206	0.15216	0.16884	0.17171	0.21171	0.28993	0.34263	0.39927	0.43532	0.45847	0.48078	0.47958	0.47851	0.4798	0.47732	0.47611	0.48355	0.48954	0.49396	0.50166	0.49851	0.49937	
0.078052	0.13316	0.15711	0.17226	0.17475	0.21747	0.29556	0.3429	0.39649	0.43331	0.45534	0.4761	0.47245	0.46934	0.46838	0.46454	0.46217	0.46928	0.47454	0.47753	0.48403	0.48153	0.48181	0.48176	
0.079964	0.13154	0.15758	0.16134	0.20889	0.28415	0.32844	0.3811	0.42023	0.4414	0.46064	0.45465	0.44957	0.44741	0.44234	0.43933	0.44712	0.45242	0.45473	0.46041	0.45901	0.45933	0.45909	0.47858	
0.06849	0.13144	0.14397	0.19909	0.26967	0.31684	0.37306	0.4123	0.4301	0.44542	0.43594	0.42817	0.42422	0.41804	0.41443	0.42256	0.42762	0.42925	0.43406	0.43473	0.43486	0.43484	0.45743	0.46739	
0.08172	0.13205	0.19862	0.26143	0.3118	0.37056	0.40536	0.41741	0.42796	0.41397	0.40368	0.39793	0.39073	0.38755	0.39567	0.4006	0.40184	0.40581	0.40717	0.40751	0.40757	0.43385	0.44478	0.46242	
0.080512	0.17315	0.26576	0.3101	0.36755	0.39349	0.39778	0.40316	0.38556	0.37354	0.36693	0.35945	0.35718	0.36541	0.36999	0.371	0.37397	0.37763	0.37807	0.37868	0.40921	0.42136	0.44192	0.46545	
0.14222	0.25472	0.3181	0.34935	0.36393	0.36025	0.36257	0.34357	0.33212	0.32608	0.3207	0.32069	0.32967	0.33471	0.33614	0.33842	0.34492	0.34619	0.34753	0.38278	0.39635	0.42047	0.44605	0.46116	
0.17085	0.2217	0.27545	0.29124	0.28759	0.29055	0.27667	0.27065	0.26858	0.26707	0.27041	0.27897	0.28391	0.28639	0.28949	0.30083	0.30327	0.30625	0.34742	0.36256	0.39151	0.42032	0.43799	0.4579	
0.097354	0.2104	0.22768	0.22407	0.22562	0.22396	0.22608	0.22767	0.22919	0.23342	0.24034	0.24425	0.24793	0.25216	0.26867	0.27236	0.27667	0.32322	0.3406	0.37355	0.40573	0.4253	0.44682	0.51323	
0.13725	0.19071	0.19109	0.19167	0.20154	0.21196	0.21442	0.2163	0.21879	0.22424	0.22639	0.23027	0.23557	0.25639	0.26014	0.26448	0.31483	0.33328	0.36905	0.40359	0.42375	0.44593	0.51487	0.58255	
0.082829	0.13006	0.14987	0.16884	0.18454	0.19162	0.1941	0.19671	0.20316	0.20622	0.21318	0.2201	0.2451	0.24911	0.25477	0.30816	0.3279	0.36634	0.40312	0.42385	0.44676	0.51836	0.58762	0.65782	
0.080483	0.13046	0.17264	0.18204	0.19212	0.1944	0.19589	0.20103	0.20102	0.20605	0.21243	0.23938	0.24321	0.24874	0.30567	0.32587	0.36627	0.4046	0.42507	0.44787	0.52112	0.59188	0.66342	0.7532	
