0.66185	0.56158	0.46423	0.39753	0.41746	0.42699	0.44554	0.50002	0.49121	0.48867	0.47036	0.45489	0.44244	0.42546	0.41862	0.40474	0.40554	0.39674	0.39656	0.39529	0.39636	0.39206	0.39437	0.39227	
0.21094	0.2483	0.24635	0.31202	0.34035	0.3663	0.42984	0.42545	0.42776	0.41407	0.40309	0.39105	0.37792	0.37282	0.36132	0.36372	0.35885	0.36144	0.36071	0.36137	0.36023	0.36459	0.36466	0.36674	
0.058725	0.10075	0.2266	0.254	0.2896	0.36148	0.34956	0.34819	0.33298	0.32592	0.32153	0.30733	0.31004	0.3022	0.30853	0.30709	0.31397	0.31647	0.32119	0.32125	0.32802	0.32841	0.33323	0.33653	
0.072719	0.23584	0.2549	0.27566	0.33995	0.32186	0.31692	0.29874	0.29472	0.29151	0.27869	0.28431	0.27776	0.28593	0.28602	0.29485	0.29832	0.30411	0.30464	0.31228	0.31289	0.31834	0.3219	0.32764	
0.18842	0.17838	0.21733	0.28883	0.28119	0.2726	0.2558	0.25788	0.258	0.24855	0.25643	0.25144	0.26122	0.26273	0.27328	0.27796	0.2848	0.28615	0.29458	0.2957	0.30191	0.30592	0.31174	0.31012	
0.039562	0.13153	0.27898	0.25654	0.25071	0.23641	0.24164	0.24196	0.23212	0.23998	0.23522	0.24555	0.2479	0.25842	0.26117	0.26794	0.27071	0.27942	0.28288	0.29016	0.29543	0.30191	0.30127	0.30425	
0.13244	0.31366	0.26814	0.25431	0.2424	0.24808	0.24607	0.23421	0.23996	0.23384	0.24236	0.24418	0.25325	0.25612	0.2622	0.26572	0.2739	0.27851	0.28565	0.29039	0.29619	0.29516	0.29799	0.29716	
0.28425	0.23696	0.21609	0.21756	0.23372	0.23328	0.22403	0.22865	0.22263	0.22842	0.22806	0.23551	0.24258	0.24791	0.25355	0.26181	0.26966	0.27743	0.28305	0.28901	0.28856	0.29172	0.29125	0.29198	
0.19727	0.19375	0.20799	0.23624	0.22901	0.22407	0.22014	0.21317	0.21173	0.21569	0.21917	0.22776	0.23184	0.24134	0.25132	0.2644	0.27345	0.28109	0.28809	0.2888	0.29241	0.29227	0.29284	0.29291	
0.099165	0.15004	0.1839	0.17481	0.16769	0.16831	0.16279	0.16614	0.17335	0.18127	0.19439	0.20106	0.21209	0.22337	0.23484	0.24321	0.24928	0.2553	0.25525	0.25932	0.25949	0.26151	0.26266	0.26411	
0.10589	0.15221	0.14666	0.13447	0.14096	0.13621	0.14303	0.15162	0.16195	0.17727	0.18466	0.19581	0.20615	0.21623	0.22346	0.22772	0.23207	0.23156	0.23637	0.23688	0.23922	0.2411	0.24334	0.24284	
0.043215	0.09153	0.090361	0.10107	0.10005	0.10924	0.12355	0.13661	0.15561	0.16255	0.17442	0.18484	0.19399	0.20079	0.20401	0.20793	0.20821	0.21425	0.2157	0.21949	0.2225	0.22581	0.22592	0.22669	
0.05873	0.079208	0.097812	0.096613	0.10767	0.12129	0.1354	0.15294	0.15883	0.16733	0.17626	0.18226	0.18769	0.18913	0.1925	0.19329	0.20038	0.20237	0.20714	0.21076	0.21465	0.21489	0.21595	0.21746	
0.053971	0.0866	0.090189	0.099053	0.11874	0.13188	0.15233	0.15691	0.1655	0.17327	0.17779	0.18174	0.18202	0.18507	0.18602	0.19362	0.19567	0.20059	0.20435	0.20834	0.20841	0.2094	0.21084	0.21223	
0.071996	0.07772	0.086649	0.11138	0.12393	0.14448	0.14801	0.15622	0.16365	0.16752	0.17108	0.17118	0.17479	0.17617	0.18468	0.18753	0.19253	0.19683	0.2011	0.2012	0.20213	0.20364	0.2051	0.20785	
0.057071	0.079801	0.11	0.12148	0.13283	0.1348	0.13749	0.14358	0.14358	0.14777	0.14869	0.15361	0.15613	0.16635	0.17007	0.17653	0.18168	0.18678	0.18715	0.18848	0.1904	0.19214	0.19523	0.19701	
0.057885	0.10333	0.11612	0.12715	0.12737	0.13167	0.13662	0.13811	0.14248	0.14359	0.14867	0.15139	0.16199	0.16592	0.17255	0.17781	0.18275	0.18287	0.18389	0.18556	0.18711	0.19003	0.19183	0.1956	
0.066461	0.08974	0.10348	0.10171	0.10481	0.11199	0.11597	0.12223	0.12433	0.13005	0.13439	0.14662	0.1514	0.15921	0.16513	0.17051	0.17073	0.17188	0.17372	0.17541	0.17854	0.18062	0.18468	0.18623	
0.06436	0.086515	0.085727	0.095665	0.1043	0.1127	0.11961	0.12234	0.1288	0.13352	0.14636	0.1514	0.15923	0.16522	0.17018	0.1701	0.17072	0.17216	0.17353	0.17636	0.1785	0.18255	0.18431	0.18757	
0.054401	0.059663	0.07796	0.092876	0.10089	0.10803	0.10951	0.11561	0.12218	0.13636	0.14135	0.15022	0.15635	0.16139	0.16113	0.1616	0.16302	0.1643	0.16707	0.16928	0.17351	0.17546	0.17889	0.18046	
0.0418	0.068879	0.091754	0.10033	0.11078	0.11168	0.11811	0.12516	0.13997	0.14479	0.15352	0.15996	0.16477	0.16267	0.16237	0.16317	0.16397	0.1663	0.16852	0.17268	0.17471	0.17812	0.17954	0.18263	
0.066239	0.094381	0.10246	0.10983	0.10859	0.1124	0.12083	0.13628	0.14081	0.14985	0.15612	0.16033	0.15771	0.15691	0.15734	0.1579	0.16003	0.16237	0.16661	0.16885	0.17232	0.17389	0.1769	0.17933	
0.067429	0.093431	0.10889	0.10623	0.11079	0.12031	0.13656	0.14148	0.15029	0.15637	0.15962	0.15639	0.15481	0.15462	0.15485	0.15659	0.15926	0.16361	0.16623	0.16975	0.17152	0.17447	0.17706	0.17699	
0.068603	0.092226	0.091804	0.095372	0.10806	0.12652	0.13186	0.1412	0.14731	0.15017	0.14678	0.14499	0.14451	0.14482	0.14653	0.14981	0.15458	0.15791	0.16178	0.16397	0.16723	0.17017	0.17032	0.16904	
0.09191	0.087688	0.095223	0.10721	0.12637	0.13192	0.14033	0.14564	0.14737	0.1441	0.14151	0.14044	0.14048	0.14187	0.14577	0.15077	0.15458	0.15844	0.16072	0.16411	0.16731	0.16763	0.16623	0.16941	
0.043777	0.065607	0.088431	0.10877	0.11538	0.12439	0.12956	0.13079	0.12857	0.12617	0.12545	0.12628	0.12803	0.13334	0.13913	0.14418	0.14851	0.15128	0.15513	0.15884	0.15956	0.15823	0.16171	0.16454	
0.038519	0.081909	0.10961	0.11657	0.12399	0.12745	0.12666	0.12476	0.12163	0.1203	0.12116	0.12254	0.12887	0.13483	0.14007	0.144	0.1462	0.14974	0.15357	0.15445	0.15302	0.15665	0.15972	0.16484	
0.064455	0.096239	0.10532	0.11144	0.11366	0.11203	0.11298	0.10984	0.10904	0.11082	0.11239	0.11992	0.12627	0.13166	0.13525	0.13755	0.14159	0.1463	0.14616	0.14484	0.1489	0.15244	0.15822	0.16329	
0.070057	0.085415	0.097325	0.098228	0.096956	0.10326	0.099923	0.10055	0.10283	0.1047	0.1131	0.11942	0.12427	0.12638	0.12862	0.13286	0.13834	0.13887	0.13769	0.14229	0.14635	0.15281	0.15857	0.16536	
0.049661	0.079759	0.083331	0.082173	0.091462	0.088615	0.090062	0.093425	0.095953	0.10653	0.11341	0.11844	0.12041	0.1228	0.12723	0.13322	0.13408	0.13295	0.13785	0.14212	0.14895	0.15506	0.16205	0.16764	
0.077823	0.080956	0.081649	0.091093	0.08874	0.089194	0.092262	0.095116	0.10692	0.11411	0.1191	0.12109	0.12321	0.12757	0.13356	0.13424	0.13284	0.13774	0.14197	0.14885	0.15458	0.16147	0.16698	0.17418	
0.034395	0.057426	0.087186	0.083206	0.085943	0.090405	0.093829	0.10816	0.11499	0.11965	0.1211	0.12318	0.12771	0.13419	0.13495	0.13333	0.13817	0.14234	0.14935	0.15519	0.16204	0.16685	0.17378	0.18037	
0.037958	0.082703	0.08066	0.083388	0.087537	0.09169	0.10196	0.10746	0.11031	0.11148	0.11369	0.11847	0.12552	0.12652	0.12481	0.13016	0.13471	0.1422	0.14835	0.1553	0.1603	0.16731	0.17384	0.17746	
0.072398	0.079005	0.084584	0.087923	0.091823	0.1044	0.10733	0.10932	0.11006	0.11213	0.11681	0.12406	0.12499	0.12297	0.12844	0.133	0.14051	0.14652	0.15319	0.15817	0.16473	0.17089	0.17408	0.17923	
0.046166	0.064024	0.079196	0.086774	0.090942	0.095727	0.097587	0.09939	0.10236	0.10738	0.11544	0.11872	0.11692	0.12074	0.12561	0.13337	0.13947	0.14601	0.15123	0.15788	0.16403	0.16702	0.17215	0.17741	
0.041076	0.067191	0.079	0.079917	0.08671	0.090585	0.092507	0.097805	0.10406	0.11397	0.11826	0.11639	0.12335	0.12866	0.13658	0.14238	0.14835	0.15333	0.15918	0.16446	0.16683	0.17215	0.17701	0.18219	
0.036102	0.063439	0.071268	0.080156	0.086312	0.089462	0.09492	0.102	0.11255	0.11658	0.1143	0.12139	0.12595	0.13292	0.13738	0.14195	0.14654	0.15149	0.15623	0.15834	0.16428	0.16972	0.17517	0.18191	
0.050013	0.071986	0.08288	0.08984	0.092863	0.098214	0.1055	0.11588	0.11904	0.11584	0.12221	0.12536	0.13051	0.13307	0.13588	0.13978	0.1439	0.14848	0.15081	0.15771	0.16386	0.16962	0.17694	0.18328	
0.065186	0.077488	0.094934	0.094134	0.1018	0.10944	0.11895	0.12033	0.11613	0.12125	0.12232	0.12511	0.12574	0.12688	0.12984	0.1336	0.13865	0.14177	0.14989	0.15439	0.16058	0.1685	0.1777	0.18337	
0.062844	0.081103	0.09352	0.094384	0.10311	0.11154	0.11132	0.10636	0.11085	0.1107	0.11247	0.11198	0.1125	0.11542	0.12005	0.12409	0.12868	0.13833	0.14647	0.15335	0.16205	0.17187	0.17788	0.18187	
0.067849	0.080888	0.087178	0.096182	0.10559	0.10384	0.09988	0.1037	0.10233	0.10365	0.10272	0.10066	0.10394	0.10904	0.11647	0.12201	0.13242	0.14082	0.14779	0.15662	0.16661	0.17265	0.17655	0.17979	
0.073416	0.081149	0.093191	0.10044	0.097392	0.093329	0.096469	0.094253	0.092957	0.091757	0.092352	0.096156	0.10219	0.11071	0.11754	0.12889	0.13765	0.14484	0.15393	0.1639	0.16996	0.1739	0.17703	0.18099	
0.060402	0.075765	0.091001	0.091544	0.089436	0.091766	0.088829	0.089918	0.088815	0.089238	0.093255	0.099632	0.10866	0.11565	0.12712	0.13553	0.14246	0.15134	0.16112	0.16704	0.17078	0.1738	0.17768	0.18219	
0.0447	0.070091	0.075307	0.075319	0.081595	0.079446	0.080984	0.080338	0.082057	0.087693	0.095476	0.10593	0.1132	0.12491	0.1332	0.14019	0.14915	0.1591	0.16504	0.16877	0.17174	0.17565	0.18005	0.18468	
0.0464	0.059397	0.068785	0.078254	0.07627	0.078295	0.077985	0.080266	0.087153	0.096039	0.1071	0.11366	0.12371	0.13036	0.1364	0.14438	0.15403	0.15969	0.16332	0.1662	0.17011	0.17427	0.17832	0.18219	
0.035039	0.057026	0.070173	0.068522	0.070581	0.071085	0.074779	0.08384	0.095594	0.10905	0.11522	0.12439	0.1295	0.13473	0.1425	0.15182	0.15719	0.16072	0.16343	0.16714	0.17107	0.1746	0.17762	0.17654	
0.030944	0.063734	0.062792	0.067069	0.069595	0.074596	0.085212	0.097397	0.10949	0.11305	0.12033	0.12365	0.12792	0.13467	0.14424	0.14986	0.15385	0.1569	0.16109	0.1654	0.16887	0.17143	0.17077	0.169	
0.055016	0.061277	0.065668	0.067732	0.073131	0.083674	0.095365	0.10627	0.10785	0.11398	0.1162	0.11997	0.12661	0.13651	0.14228	0.1464	0.1495	0.15385	0.15827	0.16165	0.16404	0.16306	0.16102	0.16143	
0.031095	0.048962	0.053444	0.06075	0.07396	0.08638	0.095764	0.095897	0.10139	0.10274	0.10665	0.11394	0.12506	0.13148	0.13615	0.13959	0.14438	0.14925	0.15278	0.15505	0.15376	0.15151	0.15193	0.153	
0.034996	0.05091	0.060296	0.076788	0.08802	0.09442	0.093787	0.097835	0.098358	0.10184	0.10947	0.12122	0.12772	0.13252	0.13599	0.14091	0.14585	0.14931	0.15153	0.15011	0.14772	0.14811	0.14917	0.14976	
0.031025	0.052676	0.071929	0.08333	0.089079	0.087772	0.091593	0.091798	0.095456	0.10375	0.11624	0.12298	0.12796	0.13142	0.13633	0.14122	0.14459	0.14696	0.14562	0.14321	0.14363	0.14473	0.14555	0.15087	
0.028279	0.062771	0.07458	0.081043	0.078643	0.082886	0.083619	0.08771	0.097218	0.11061	0.11755	0.12229	0.12536	0.12997	0.13454	0.13774	0.14038	0.13929	0.13693	0.13734	0.13854	0.13961	0.14541	0.14699	
0.046186	0.058146	0.065714	0.065318	0.071767	0.073439	0.078262	0.08847	0.10349	0.11042	0.11488	0.11751	0.12177	0.12593	0.12902	0.13207	0.13126	0.12899	0.12943	0.13077	0.13216	0.13862	0.14016	0.14631	
0.032156	0.049375	0.05489	0.063746	0.065742	0.071267	0.082842	0.099271	0.10607	0.10944	0.11105	0.11442	0.11806	0.12103	0.12463	0.12437	0.12234	0.12282	0.12433	0.12598	0.13301	0.13441	0.14085	0.14193	
0.037247	0.05014	0.065547	0.065751	0.072244	0.084517	0.10143	0.10717	0.10831	0.10821	0.11018	0.11319	0.1161	0.12097	0.12156	0.1201	0.12075	0.12252	0.12469	0.13233	0.13193	0.13853	0.13885	0.14157	
0.028778	0.060086	0.062813	0.069629	0.082272	0.099197	0.10383	0.10283	0.10135	0.10253	0.10546	0.10854	0.11433	0.11564	0.11461	0.11543	0.1174	0.11995	0.1282	0.12774	0.13483	0.13573	0.13851	0.14035	
0.051849	0.064765	0.071881	0.08354	0.099056	0.10201	0.098725	0.096072	0.096579	0.099725	0.10323	0.11	0.11223	0.1117	0.11203	0.11309	0.116	0.12486	0.12639	0.13202	0.13289	0.13574	0.13754	0.13935	
0.028015	0.049842	0.069954	0.087217	0.090076	0.086215	0.083519	0.084646	0.088652	0.092456	0.09945	0.1018	0.10136	0.10188	0.10364	0.10728	0.11712	0.11849	0.1251	0.12614	0.12953	0.13149	0.13348	0.13338	
0.036105	0.065793	0.083746	0.085066	0.080946	0.077888	0.079145	0.08374	0.088141	0.09535	0.097148	0.098415	0.096855	0.096403	0.10283	0.11349	0.11501	0.12265	0.1234	0.12699	0.12888	0.13079	0.13049	0.13115	
0.04957	0.077989	0.078713	0.073917	0.071187	0.073776	0.078868	0.082403	0.088063	0.089446	0.090585	0.091515	0.09135	0.096516	0.10824	0.11007	0.11889	0.11968	0.12357	0.1255	0.12738	0.12693	0.1275	0.12886	
0.054218	0.062212	0.061448	0.061071	0.06686	0.073626	0.076917	0.082557	0.084774	0.086468	0.087664	0.087085	0.093113	0.10575	0.10771	0.11741	0.11805	0.12192	0.12354	0.12511	0.1244	0.12471	0.12584	0.12816	
0.039964	0.049515	0.055088	0.063073	0.071553	0.075948	0.081876	0.084175	0.085948	0.087195	0.089201	0.093084	0.1063	0.10843	0.1186	0.11909	0.1224	0.12356	0.12452	0.12356	0.12347	0.12429	0.1263	0.12648	
0.02945	0.046667	0.058283	0.068294	0.074219	0.081447	0.084365	0.086416	0.088068	0.090569	0.095467	0.10997	0.1123	0.12569	0.1237	0.12674	0.12756	0.12798	0.12562	0.12512	0.1256	0.12724	0.12707	0.1266	
0.027308	0.048163	0.062295	0.067753	0.076718	0.082005	0.084973	0.087045	0.090109	0.096092	0.11261	0.11489	0.12982	0.12735	0.12952	0.12909	0.12873	0.1261	0.12507	0.12513	0.12626	0.12569	0.12503	0.1236	
0.036658	0.056227	0.062515	0.074581	0.083217	0.086293	0.088207	0.091604	0.10134	0.11667	0.11865	0.13198	0.12911	0.13044	0.12928	0.12819	0.12573	0.1242	0.12393	0.12461	0.12343	0.12258	0.12093	0.12063	
0.031457	0.047082	0.068936	0.082302	0.086778	0.089139	0.093508	0.10455	0.12154	0.12354	0.1325	0.12837	0.12713	0.12478	0.12366	0.12199	0.12016	0.11966	0.12004	0.11866	0.11786	0.11616	0.11576	0.11796	
0.028687	0.05001	0.084913	0.085919	0.089281	0.095396	0.10681	0.11685	0.12099	0.12268	0.1207	0.11856	0.1157	0.11603	0.11574	0.11546	0.11547	0.11601	0.11447	0.11359	0.11187	0.11151	0.11399	0.118	
0.032951	0.074194	0.07599	0.078859	0.081893	0.091185	0.097748	0.10844	0.1077	0.11097	0.10819	0.10584	0.1077	0.10859	0.10892	0.10946	0.11045	0.10878	0.10786	0.10623	0.10605	0.10878	0.11314	0.11602	
0.033025	0.052635	0.058013	0.060984	0.072842	0.078705	0.097987	0.096408	0.10293	0.10174	0.099706	0.10293	0.10473	0.1055	0.10629	0.10774	0.10606	0.10499	0.10336	0.10327	0.10613	0.11069	0.11357	0.11563	
0.038715	0.053972	0.0581	0.072741	0.079719	0.1016	0.099509	0.10695	0.10543	0.10299	0.10603	0.10758	0.10794	0.10841	0.10964	0.1077	0.10645	0.10463	0.10438	0.10709	0.11147	0.11406	0.1157	0.11776	
0.03844	0.049605	0.069911	0.07419	0.10639	0.1002	0.10983	0.11046	0.10526	0.10794	0.10885	0.10881	0.10908	0.11035	0.10827	0.1067	0.10469	0.10447	0.10695	0.11098	0.11302	0.114	0.1154	0.11484	
0.024629	0.065888	0.075703	0.11536	0.10861	0.11873	0.11888	0.11437	0.1139	0.11438	0.11047	0.11018	0.11103	0.10884	0.10589	0.10365	0.10339	0.10581	0.10967	0.11141	0.11192	0.11291	0.11195	0.11351	
0.048499	0.066308	0.1226	0.11641	0.12638	0.12514	0.11943	0.11809	0.11836	0.11377	0.11278	0.11326	0.11074	0.10794	0.10536	0.10489	0.10694	0.11034	0.11149	0.11067	0.11112	0.1097	0.11104	0.11173	
0.040157	0.13104	0.123	0.13738	0.13292	0.12475	0.12503	0.12159	0.11876	0.11419	0.11399	0.11115	0.10855	0.10563	0.10485	0.10667	0.10979	0.11053	0.10931	0.10937	0.10761	0.1088	0.10947	0.10979	
0.13512	0.12631	0.12312	0.11954	0.11573	0.11855	0.11582	0.11266	0.1076	0.10594	0.1046	0.10438	0.10156	0.10075	0.10286	0.10618	0.10707	0.10583	0.10595	0.10413	0.10546	0.1063	0.10683	0.10803	
0.058836	0.071248	0.083074	0.09512	0.09886	0.097086	0.09434	0.090515	0.088634	0.089974	0.091929	0.089919	0.08964	0.092146	0.095891	0.096951	0.095701	0.096039	0.094447	0.096187	0.097473	0.09857	0.10038	0.10584	
0.054188	0.075538	0.086686	0.094813	0.10043	0.096714	0.090728	0.089273	0.089399	0.091384	0.089477	0.089752	0.092618	0.096702	0.097668	0.096191	0.096299	0.094478	0.096257	0.09761	0.098877	0.097682	0.10336	0.10339	
0.036981	0.06881	0.074591	0.081095	0.077659	0.077145	0.07863	0.075487	0.078322	0.077419	0.078877	0.082408	0.087229	0.08821	0.086555	0.086893	0.085531	0.087839	0.086938	0.088673	0.091117	0.09775	0.098557	0.10057	
0.042078	0.05729	0.072526	0.070424	0.0725	0.07371	0.072896	0.074036	0.07424	0.076319	0.079693	0.08445	0.0849	0.082818	0.083061	0.081769	0.084209	0.086226	0.088174	0.090838	0.097768	0.098721	0.10077	0.10258	
0.043675	0.065077	0.067576	0.070616	0.076406	0.073191	0.073583	0.073769	0.076063	0.079454	0.08425	0.084566	0.082372	0.082672	0.081524	0.084273	0.086552	0.088788	0.091652	0.098942	0.097434	0.099432	0.099931	0.10157	
0.036594	0.05253	0.063347	0.068734	0.074001	0.073489	0.071708	0.073952	0.077157	0.081992	0.08225	0.079985	0.080547	0.079627	0.082594	0.08507	0.087387	0.090283	0.097719	0.098702	0.10062	0.10111	0.10267	0.10254	
0.033503	0.059447	0.068465	0.074839	0.076062	0.077274	0.079572	0.077618	0.081416	0.081358	0.078957	0.079605	0.078775	0.081918	0.08451	0.086916	0.089729	0.097077	0.095712	0.09726	0.097707	0.099199	0.099148	0.10148	
0.036076	0.053771	0.064557	0.071948	0.073142	0.076069	0.076096	0.079831	0.07767	0.075909	0.076738	0.076199	0.079599	0.082447	0.084826	0.087526	0.094779	0.095038	0.096116	0.096501	0.097856	0.097851	0.1002	0.10219	
0.036933	0.056627	0.064824	0.072971	0.073773	0.07359	0.076161	0.076047	0.074658	0.07559	0.075268	0.078964	0.081985	0.084516	0.086907	0.093516	0.093325	0.093943	0.094243	0.095502	0.09563	0.098027	0.10012	0.10222	
0.038908	0.055061	0.069987	0.073873	0.074583	0.073778	0.073913	0.073349	0.074515	0.074308	0.078193	0.081186	0.083499	0.08542	0.091659	0.091103	0.091306	0.091624	0.092881	0.093124	0.095641	0.097859	0.10003	0.10303	
0.035997	0.055126	0.064072	0.072572	0.074479	0.075081	0.07366	0.074509	0.073768	0.07753	0.080185	0.082298	0.0835	0.089432	0.088482	0.08837	0.088715	0.090017	0.090363	0.09306	0.095461	0.09772	0.1008	0.10741	
0.034165	0.059035	0.072888	0.071709	0.075099	0.073791	0.0745	0.073582	0.077114	0.079499	0.081284	0.081937	0.087487	0.086369	0.086039	0.086417	0.087717	0.088245	0.091013	0.093478	0.095744	0.098852	0.10563	0.10862	
0.036523	0.049663	0.059116	0.070057	0.0713	0.071491	0.070894	0.074296	0.076603	0.078628	0.079033	0.084676	0.083802	0.083319	0.083949	0.084673	0.085366	0.088377	0.091113	0.093506	0.096728	0.10379	0.10677	0.10975	
0.025316	0.048351	0.059852	0.061027	0.061299	0.06199	0.065764	0.068741	0.071755	0.072551	0.078885	0.078595	0.078119	0.078958	0.080974	0.081013	0.084317	0.087296	0.089847	0.093218	0.10062	0.10361	0.10663	0.11027	
0.029699	0.048049	0.052426	0.053204	0.055751	0.059784	0.063447	0.067519	0.068618	0.07563	0.07581	0.075311	0.076349	0.078559	0.078843	0.082319	0.085443	0.088064	0.091511	0.09925	0.1023	0.10537	0.10912	0.11662	
0.025838	0.04419	0.048584	0.052678	0.05665	0.062586	0.067791	0.06868	0.076287	0.076388	0.07575	0.076818	0.079064	0.079407	0.082788	0.085822	0.088325	0.091696	0.099544	0.10256	0.10565	0.10951	0.11702	0.1235	
0.028334	0.043256	0.049568	0.056345	0.060874	0.064556	0.06528	0.073909	0.074015	0.073704	0.075013	0.077606	0.077979	0.081411	0.084593	0.087193	0.090708	0.09888	0.1021	0.10542	0.10951	0.11733	0.12401	0.13279	
0.034242	0.048193	0.055146	0.061938	0.065186	0.065597	0.074898	0.074653	0.074318	0.075621	0.078818	0.078965	0.082356	0.085799	0.087093	0.090583	0.098907	0.10217	0.10559	0.10988	0.11792	0.12469	0.13362	0.13972	
0.036884	0.048004	0.057856	0.062226	0.062344	0.0727	0.072878	0.073119	0.074635	0.076408	0.076773	0.080014	0.083649	0.085273	0.088967	0.097569	0.10098	0.1046	0.10904	0.11736	0.12428	0.13341	0.13964	0.14734	
0.028368	0.053081	0.060461	0.059766	0.070122	0.070148	0.070854	0.072529	0.076897	0.075311	0.079055	0.08304	0.084686	0.088426	0.097321	0.10083	0.10459	0.1092	0.11777	0.12484	0.13413	0.14044	0.14823	0.15474	
0.023619	0.041781	0.051277	0.068909	0.069184	0.069625	0.071082	0.075227	0.073639	0.076957	0.080784	0.082112	0.085809	0.095	0.098765	0.10286	0.10775	0.11674	0.124	0.13356	0.14002	0.148	0.15456	0.15988	
0.024116	0.040742	0.05664	0.062197	0.064995	0.066952	0.070738	0.071436	0.075416	0.079847	0.081201	0.08506	0.094749	0.098825	0.10324	0.10825	0.11745	0.12488	0.1346	0.14103	0.14901	0.15547	0.16071	0.16514	
0.026201	0.042129	0.061003	0.065278	0.067018	0.072428	0.072317	0.076212	0.08071	0.081726	0.085436	0.095329	0.099349	0.10357	0.10849	0.11775	0.12504	0.13472	0.14097	0.14881	0.15509	0.16003	0.16417	0.1681	
0.029127	0.061112	0.066043	0.066722	0.072214	0.072738	0.076533	0.081324	0.081997	0.085543	0.095751	0.099211	0.10285	0.1076	0.11622	0.12324	0.13275	0.13867	0.1462	0.15221	0.15665	0.16034	0.16395	0.16647	
0.057793	0.064715	0.06467	0.071807	0.074907	0.078543	0.083663	0.083811	0.086932	0.097102	0.099347	0.10191	0.10623	0.11486	0.12143	0.13064	0.1361	0.14321	0.14887	0.15272	0.1558	0.15887	0.16117	0.16565	
0.046368	0.054501	0.067176	0.070038	0.074757	0.079869	0.079532	0.08262	0.09328	0.094702	0.096933	0.10185	0.11113	0.11765	0.127	0.13231	0.13935	0.14488	0.14824	0.15058	0.15299	0.15532	0.16001	0.16693	
0.031106	0.052287	0.057556	0.065305	0.07161	0.071196	0.074619	0.08656	0.087217	0.089071	0.094465	0.10464	0.11133	0.121	0.12639	0.13339	0.13874	0.14145	0.14316	0.14535	0.14798	0.15289	0.15989	0.16781	
0.030176	0.050376	0.062685	0.068531	0.067696	0.070896	0.083877	0.083665	0.085072	0.091206	0.10172	0.10831	0.11819	0.12333	0.13004	0.135	0.137	0.13817	0.1402	0.14318	0.14834	0.15538	0.1635	0.1705	
0.032069	0.054755	0.061523	0.061286	0.065469	0.079922	0.079182	0.08036	0.087236	0.098534	0.1054	0.11561	0.12056	0.127	0.13157	0.1332	0.13418	0.13629	0.13929	0.14437	0.15129	0.15941	0.16644	0.17144	
0.045966	0.055548	0.058034	0.063215	0.080147	0.078281	0.078672	0.085919	0.09781	0.10458	0.11484	0.11935	0.12529	0.12933	0.13046	0.13122	0.13323	0.13619	0.14117	0.14796	0.15609	0.16317	0.16816	0.17418	
0.030776	0.046739	0.053177	0.074422	0.072304	0.072247	0.080552	0.093556	0.10056	0.11102	0.11547	0.12129	0.12497	0.12628	0.12711	0.12946	0.13212	0.13668	0.1433	0.15133	0.15837	0.16338	0.16959	0.1766	
0.031838	0.047917	0.074092	0.070622	0.069956	0.078682	0.092043	0.098691	0.10897	0.11267	0.11761	0.12049	0.12111	0.12155	0.12398	0.12694	0.13168	0.13839	0.14666	0.15394	0.15911	0.16562	0.17285	0.18102	
0.02724	0.068053	0.064677	0.06281	0.07297	0.087469	0.09414	0.10415	0.10714	0.11149	0.11385	0.11416	0.11459	0.11734	0.12055	0.12549	0.13239	0.14101	0.14862	0.15404	0.16095	0.16852	0.17688	0.18552	
0.060409	0.061135	0.059239	0.070872	0.085862	0.091969	0.1013	0.10367	0.10703	0.10896	0.10905	0.1094	0.11237	0.11567	0.12068	0.12771	0.13588	0.14372	0.14933	0.15656	0.16438	0.1728	0.18148	0.18736	
0.03228	0.046782	0.064878	0.082455	0.087189	0.096514	0.09912	0.10213	0.10374	0.10361	0.10394	0.10696	0.11024	0.11529	0.12253	0.13108	0.13921	0.14495	0.15244	0.16047	0.1685	0.17716	0.18292	0.19006	
0.02393	0.061527	0.085498	0.089251	0.097331	0.098969	0.1012	0.10217	0.10161	0.10163	0.10449	0.10746	0.11237	0.11968	0.12846	0.13676	0.14265	0.15025	0.15833	0.16627	0.1749	0.18048	0.18743	0.18991	
0.04044	0.075298	0.082198	0.087425	0.089409	0.09146	0.092244	0.09174	0.092074	0.09513	0.09822	0.10354	0.11162	0.1212	0.12997	0.13622	0.1442	0.15247	0.16044	0.16904	0.17449	0.18135	0.18359	0.18508	
0.050204	0.05712	0.068834	0.074267	0.076917	0.078512	0.078669	0.079925	0.083816	0.0878	0.093792	0.1029	0.11346	0.12285	0.12936	0.13753	0.14598	0.15411	0.16269	0.16801	0.17476	0.17679	0.17799	0.17928	
0.040842	0.058925	0.06602	0.06738	0.069202	0.068817	0.070065	0.073813	0.078896	0.086017	0.096256	0.1077	0.11735	0.12384	0.13206	0.14048	0.14847	0.15692	0.16204	0.16865	0.17046	0.17135	0.1724	0.1738	
0.046013	0.052565	0.056592	0.061935	0.061984	0.06365	0.067226	0.074282	0.082958	0.094131	0.10618	0.1158	0.12198	0.13004	0.13828	0.146	0.15423	0.15906	0.16551	0.16695	0.16751	0.16829	0.16942	0.17124	
0.028972	0.042022	0.055572	0.054902	0.057252	0.062712	0.070293	0.079511	0.09102	0.10321	0.11267	0.11872	0.12687	0.13493	0.14226	0.15011	0.1545	0.16059	0.16158	0.16169	0.16221	0.16314	0.16458	0.16452	
0.027243	0.044115	0.048779	0.054392	0.062354	0.070624	0.08048	0.092011	0.10387	0.11287	0.11864	0.1268	0.13448	0.14117	0.14851	0.15235	0.15797	0.1584	0.15802	0.15824	0.15892	0.16015	0.15991	0.15829	
0.031575	0.041729	0.050448	0.060124	0.06871	0.078277	0.089255	0.10036	0.10916	0.1148	0.12284	0.13015	0.13641	0.14344	0.14676	0.15203	0.15217	0.15143	0.1515	0.15215	0.15214	0.15181	0.15013	0.1492	
0.032169	0.049044	0.061014	0.06902	0.077949	0.087674	0.097398	0.1058	0.11133	0.11921	0.12612	0.13178	0.13816	0.14094	0.14582	0.14547	0.14437	0.14429	0.14482	0.14465	0.1442	0.14245	0.14144	0.14054	
0.0253	0.049179	0.06147	0.069629	0.078118	0.08668	0.095634	0.10173	0.11016	0.11678	0.12199	0.12799	0.13056	0.13529	0.13467	0.13351	0.1336	0.1342	0.13405	0.13357	0.13188	0.13091	0.1299	0.12942	
0.038218	0.054636	0.061303	0.068146	0.075991	0.086127	0.093178	0.10186	0.10803	0.11309	0.11908	0.12165	0.12634	0.12534	0.12395	0.12405	0.1246	0.12447	0.12399	0.12229	0.12132	0.12022	0.11961	0.11851	
0.031115	0.043742	0.048956	0.058276	0.073753	0.082979	0.092599	0.098531	0.104	0.11023	0.11299	0.11767	0.1163	0.11478	0.11495	0.11545	0.11526	0.11478	0.11309	0.11218	0.11107	0.11037	0.10922	0.10864	
0.027451	0.042567	0.05571	0.072943	0.079698	0.086691	0.091477	0.097878	0.10496	0.10763	0.11246	0.11058	0.10855	0.10827	0.10833	0.10785	0.10749	0.10582	0.1049	0.10405	0.10331	0.10244	0.10216	0.10244	
0.024502	0.050655	0.06776	0.068888	0.07346	0.078362	0.086721	0.095684	0.098391	0.10387	0.10178	0.099446	0.098923	0.098991	0.098632	0.098553	0.097001	0.096112	0.095695	0.095105	0.094848	0.095018	0.095679	0.094478	
0.044451	0.055842	0.055676	0.061712	0.068486	0.078592	0.087993	0.090446	0.095568	0.093053	0.090574	0.090433	0.090615	0.090364	0.090514	0.089086	0.088216	0.087971	0.087442	0.08759	0.088173	0.089229	0.088208	0.088004	
0.023734	0.03665	0.046895	0.057832	0.071273	0.08056	0.082586	0.087186	0.084395	0.082286	0.082836	0.083273	0.083273	0.083777	0.082578	0.081798	0.081832	0.081243	0.081625	0.082125	0.083513	0.082761	0.082802	0.0832	
0.018745	0.042239	0.056409	0.068704	0.075274	0.078479	0.08164	0.07882	0.077271	0.078634	0.079268	0.079421	0.079963	0.078719	0.077836	0.077806	0.077128	0.07771	0.07848	0.080134	0.079538	0.079728	0.080291	0.081162	
0.030723	0.052806	0.064575	0.069451	0.074098	0.076387	0.074544	0.073815	0.075692	0.076294	0.076339	0.077133	0.075968	0.075059	0.075252	0.074622	0.075606	0.076606	0.078469	0.077858	0.07807	0.078661	0.079546	0.079828	
0.022298	0.052972	0.059408	0.065071	0.06815	0.067905	0.068081	0.069974	0.070491	0.070377	0.072151	0.071472	0.070986	0.072031	0.071736	0.073398	0.074686	0.076806	0.076178	0.07637	0.076924	0.077781	0.078077	0.079622	
0.042369	0.053221	0.05858	0.063246	0.063802	0.063445	0.064217	0.064729	0.064655	0.068205	0.068216	0.068706	0.071146	0.071268	0.073542	0.074997	0.077267	0.076506	0.076557	0.076986	0.077733	0.077969	0.07959	0.08125	
0.034503	0.04199	0.051472	0.054555	0.056268	0.057384	0.058607	0.05878	0.064228	0.065431	0.06722	0.07109	0.071532	0.074305	0.075901	0.078238	0.077339	0.07727	0.077624	0.078321	0.078463	0.080096	0.081768	0.082743	
0.032393	0.046732	0.05273	0.055833	0.057111	0.058268	0.058645	0.064327	0.065281	0.066378	0.069431	0.069524	0.07228	0.073947	0.076374	0.075537	0.075521	0.075969	0.076724	0.076921	0.078656	0.080425	0.081426	0.083574	
0.041924	0.051348	0.054198	0.056007	0.057725	0.058611	0.064341	0.064827	0.065369	0.067935	0.067974	0.070818	0.072575	0.075083	0.0742	0.07419	0.074673	0.075494	0.075779	0.077544	0.079444	0.08048	0.082677	0.087129	
0.046433	0.053273	0.054938	0.057691	0.058364	0.0643	0.063904	0.06297	0.064315	0.063846	0.066595	0.068527	0.071202	0.070659	0.070952	0.071733	0.072887	0.073313	0.075206	0.077218	0.078318	0.080646	0.085293	0.091818	
0.029554	0.043152	0.052443	0.056554	0.060632	0.059781	0.059104	0.060646	0.06051	0.06355	0.065684	0.068554	0.068177	0.06862	0.069571	0.070968	0.071566	0.07365	0.075857	0.077046	0.079522	0.0844	0.09121	0.09941	
0.031666	0.049374	0.05396	0.056183	0.056684	0.056536	0.058562	0.058489	0.062219	0.064619	0.067414	0.067006	0.067482	0.068459	0.069932	0.070594	0.072839	0.075186	0.076431	0.078997	0.084058	0.091082	0.099623	0.10913	
0.034337	0.046832	0.049749	0.053278	0.054386	0.056742	0.056915	0.060376	0.0629	0.065914	0.065574	0.066052	0.067045	0.068656	0.069439	0.071878	0.074426	0.075742	0.078396	0.083656	0.090956	0.09983	0.1096	0.11972	
0.026622	0.042083	0.0506	0.05298	0.056113	0.056074	0.060098	0.063237	0.066626	0.066501	0.06657	0.067738	0.069479	0.070036	0.072491	0.075019	0.076262	0.078965	0.084399	0.091989	0.10118	0.1112	0.12143	0.13058	
0.032639	0.049562	0.053308	0.056609	0.056584	0.060524	0.064128	0.067848	0.067933	0.067949	0.069168	0.071282	0.071071	0.073566	0.076075	0.077224	0.079952	0.085421	0.09336	0.10292	0.1131	0.12334	0.13223	0.14108	
0.031209	0.045283	0.051757	0.053499	0.057679	0.061751	0.066105	0.066789	0.066981	0.068551	0.070945	0.0711	0.073873	0.076576	0.077697	0.080563	0.086445	0.094836	0.10473	0.11494	0.12491	0.13335	0.14139	0.14628	
0.031386	0.045972	0.050837	0.055576	0.060223	0.065317	0.066608	0.067262	0.068814	0.071619	0.071693	0.074357	0.07716	0.078217	0.081139	0.087297	0.096004	0.10599	0.11605	0.12555	0.13342	0.14061	0.14455	0.14726	
0.032837	0.046727	0.054179	0.060013	0.065908	0.067557	0.067901	0.06908	0.071542	0.071965	0.074522	0.077673	0.078822	0.081787	0.087992	0.096607	0.10597	0.11523	0.12367	0.13055	0.13654	0.13943	0.14162	0.14309	
0.034276	0.050328	0.056799	0.062031	0.063647	0.064403	0.065362	0.067745	0.069259	0.072797	0.076495	0.077765	0.08104	0.087488	0.095835	0.10385	0.11215	0.11951	0.12555	0.13063	0.13305	0.13517	0.13662	0.13843	
0.037549	0.057007	0.064894	0.065436	0.066125	0.066057	0.067618	0.069866	0.074143	0.07801	0.079161	0.082356	0.088552	0.096206	0.103	0.11029	0.11673	0.12221	0.12677	0.1291	0.13131	0.13283	0.13465	0.1343	
0.029851	0.045721	0.052641	0.056668	0.057839	0.061873	0.065858	0.071783	0.076812	0.078326	0.081625	0.087625	0.094956	0.10097	0.10758	0.11368	0.11911	0.12368	0.12617	0.12855	0.13015	0.13198	0.13159	0.13184	
0.025947	0.049332	0.05435	0.055305	0.060202	0.065457	0.072567	0.077935	0.079455	0.082632	0.088651	0.095681	0.10123	0.10745	0.11327	0.11853	0.1229	0.12526	0.12748	0.12891	0.13051	0.12989	0.13	0.13054	
0.045143	0.056171	0.056002	0.062463	0.068602	0.075858	0.080517	0.081655	0.084654	0.090588	0.097204	0.10214	0.10786	0.11344	0.11866	0.12288	0.12512	0.12725	0.12856	0.13003	0.1293	0.12785	0.12827	0.12848	
0.031542	0.043923	0.055367	0.062098	0.069227	0.07342	0.075632	0.082963	0.092707	0.099655	0.10372	0.10868	0.11391	0.11896	0.12295	0.12499	0.12691	0.12789	0.12908	0.12803	0.12639	0.12666	0.12671	0.12791	
0.025903	0.047626	0.057782	0.067755	0.072915	0.076098	0.08386	0.091554	0.09668	0.099848	0.10437	0.10948	0.11455	0.11836	0.12019	0.12198	0.12278	0.12381	0.12257	0.1209	0.12112	0.12114	0.12229	0.12419	
0.035328	0.051171	0.067769	0.072008	0.077147	0.08274	0.086104	0.090062	0.093089	0.097056	0.10248	0.10781	0.11172	0.11351	0.11532	0.11604	0.11698	0.11562	0.11406	0.11432	0.11439	0.11559	0.11759	0.11943	
0.039601	0.065378	0.071552	0.072508	0.073195	0.076702	0.081977	0.085351	0.090048	0.095623	0.10123	0.10529	0.10695	0.10867	0.10923	0.11001	0.1085	0.107	0.1073	0.10745	0.1087	0.11086	0.11282	0.11542	
0.035952	0.056081	0.059495	0.06054	0.067391	0.075385	0.08056	0.086848	0.092904	0.098701	0.10305	0.10476	0.10479	0.10496	0.10542	0.10377	0.10236	0.10262	0.10281	0.10412	0.10642	0.10839	0.11098	0.11344	
0.031907	0.043515	0.049108	0.059787	0.070923	0.077987	0.085231	0.091415	0.096999	0.10106	0.10229	0.10194	0.10161	0.10168	0.099813	0.09836	0.098524	0.098692	0.099992	0.10235	0.10435	0.10694	0.10943	0.11131	
0.031372	0.045726	0.058697	0.070198	0.076369	0.083151	0.088509	0.093745	0.097376	0.098386	0.097823	0.097174	0.097045	0.095062	0.093554	0.093787	0.093965	0.095212	0.097581	0.099599	0.10236	0.10499	0.10696	0.11029	
0.039339	0.057164	0.069246	0.073857	0.079799	0.084267	0.088994	0.092295	0.092622	0.091916	0.090985	0.09062	0.088553	0.087089	0.087496	0.087788	0.089051	0.091566	0.093745	0.096831	0.099682	0.10183	0.10536	0.10824	
0.038116	0.0558	0.060971	0.068391	0.073316	0.078586	0.08204	0.083172	0.082461	0.081404	0.080934	0.079119	0.077998	0.078703	0.079323	0.080912	0.083875	0.086399	0.089911	0.093059	0.095421	0.099202	0.10237	0.10369	
0.035506	0.047842	0.060936	0.065577	0.070288	0.074118	0.075736	0.074623	0.07349	0.072418	0.070934	0.070523	0.071543	0.072496	0.074474	0.077965	0.080815	0.084606	0.08797	0.090426	0.094511	0.097618	0.098405	0.098301	
0.023567	0.051344	0.060604	0.065098	0.068621	0.069657	0.06771	0.066612	0.065388	0.064485	0.064667	0.065694	0.066964	0.069366	0.073448	0.076631	0.080794	0.084342	0.08681	0.090958	0.093685	0.093953	0.093503	0.094003	
0.033751	0.051526	0.057795	0.062462	0.062735	0.061347	0.061202	0.060088	0.060009	0.060739	0.062138	0.063305	0.066117	0.070692	0.074132	0.078505	0.082162	0.08452	0.088584	0.09085	0.090701	0.090006	0.090446	0.091662	
0.035823	0.048284	0.055077	0.05487	0.054508	0.055893	0.055073	0.055782	0.057092	0.059024	0.060531	0.063678	0.068661	0.072238	0.077017	0.080767	0.083011	0.086963	0.088911	0.088509	0.087664	0.088023	0.0893	0.090265	
0.026706	0.039638	0.047338	0.049907	0.052854	0.052523	0.053749	0.055697	0.058524	0.058456	0.061626	0.066427	0.069916	0.075674	0.079749	0.082079	0.08602	0.087742	0.08712	0.086127	0.086434	0.087732	0.088645	0.087885	
0.023437	0.043685	0.047555	0.051673	0.051282	0.052856	0.055243	0.058675	0.058487	0.061567	0.066017	0.069794	0.07648	0.080727	0.082955	0.086674	0.087986	0.087063	0.086011	0.086206	0.087478	0.088286	0.087429	0.086668	
0.031732	0.042604	0.050102	0.049797	0.051582	0.05455	0.058377	0.058441	0.061841	0.066245	0.07069	0.078121	0.082339	0.084256	0.087676	0.0885	0.08727	0.086001	0.086134	0.087431	0.088186	0.087273	0.086448	0.087306	
0.025244	0.04125	0.045237	0.048072	0.052331	0.056842	0.057057	0.060492	0.06505	0.070879	0.079941	0.084443	0.086255	0.089436	0.089877	0.08835	0.086841	0.086848	0.088095	0.088734	0.08771	0.086807	0.087593	0.08832	
0.028582	0.040208	0.046219	0.052077	0.057618	0.057813	0.061017	0.065391	0.071938	0.081745	0.0861	0.087531	0.090339	0.090293	0.088448	0.086695	0.086611	0.087837	0.088373	0.087263	0.086267	0.086986	0.087621	0.089696	
0.028657	0.043182	0.050498	0.057934	0.059432	0.06283	0.067636	0.074307	0.084224	0.088194	0.088904	0.091225	0.090297	0.088122	0.086164	0.085915	0.087197	0.08767	0.086482	0.085404	0.086048	0.086604	0.0886	0.090125	
0.032057	0.04619	0.058266	0.060284	0.063981	0.069167	0.075589	0.084887	0.088062	0.087916	0.089153	0.086985	0.084725	0.082688	0.082504	0.08391	0.084376	0.083201	0.082213	0.082946	0.083573	0.0857	0.087264	0.088984	
0.036496	0.059464	0.061487	0.065548	0.071577	0.079235	0.086762	0.088727	0.087506	0.087176	0.083831	0.081858	0.080016	0.07991	0.08145	0.081708	0.080512	0.079703	0.080527	0.081272	0.083507	0.085113	0.086893	0.091504	
0.044498	0.059057	0.065725	0.071919	0.076343	0.078937	0.079869	0.077978	0.076545	0.073525	0.073808	0.072979	0.073301	0.07525	0.075666	0.074589	0.074305	0.075379	0.076364	0.078914	0.080745	0.082713	0.087695	0.090021	
0.02812	0.049488	0.061781	0.066793	0.067991	0.069533	0.068131	0.066674	0.065572	0.067971	0.068174	0.068757	0.071017	0.071363	0.07041	0.07055	0.071841	0.073034	0.075844	0.077763	0.079854	0.085108	0.087559	0.0912	
0.037992	0.056724	0.060416	0.060474	0.062704	0.062245	0.061019	0.061267	0.064593	0.065179	0.06631	0.069114	0.069661	0.068873	0.068805	0.0701	0.071194	0.073892	0.075727	0.077733	0.083006	0.085464	0.08899	0.097227	
0.035355	0.047563	0.050544	0.055286	0.056694	0.056331	0.057358	0.060876	0.061519	0.063606	0.067343	0.068284	0.067799	0.067609	0.068828	0.069741	0.072232	0.073999	0.075827	0.081044	0.083504	0.08682	0.095334	0.095091	
0.027578	0.037837	0.04871	0.054149	0.055407	0.056962	0.060173	0.06051	0.063616	0.068333	0.069513	0.069208	0.069005	0.070179	0.070991	0.073273	0.075007	0.076677	0.081891	0.084315	0.087523	0.096607	0.095555	0.096785	
0.027844	0.046364	0.051101	0.050708	0.050766	0.054069	0.055081	0.060108	0.06636	0.068466	0.068528	0.068163	0.069393	0.070235	0.072541	0.074406	0.07608	0.081355	0.083875	0.087084	0.096589	0.095395	0.096534	0.09938	
0.02919	0.03953	0.046419	0.046245	0.050874	0.052847	0.059287	0.06699	0.069623	0.068716	0.068364	0.069797	0.070781	0.073373	0.075263	0.076899	0.082167	0.084643	0.087774	0.097756	0.096359	0.097314	0.10011	0.099849	
0.021459	0.040369	0.044061	0.050463	0.052888	0.060402	0.068883	0.071495	0.070048	0.069781	0.071357	0.072248	0.074415	0.075764	0.076927	0.081592	0.083722	0.086012	0.097276	0.095797	0.096724	0.099409	0.099063	0.10137	
0.023144	0.040075	0.049275	0.052174	0.060606	0.069679	0.071873	0.069685	0.069757	0.071798	0.072589	0.074213	0.074773	0.075387	0.07965	0.081379	0.082936	0.095942	0.094662	0.095906	0.09859	0.098175	0.10083	0.10023	
0.025221	0.04163	0.048499	0.060759	0.071682	0.073299	0.070623	0.070613	0.072071	0.071535	0.071635	0.071287	0.071604	0.075921	0.07749	0.078578	0.093517	0.092855	0.094548	0.097356	0.097021	0.10015	0.099875	0.099967	
0.033354	0.047682	0.060543	0.071856	0.073724	0.069331	0.070914	0.072635	0.071587	0.071298	0.070436	0.070605	0.075238	0.076658	0.077414	0.094243	0.093882	0.095884	0.098829	0.09851	0.10194	0.10182	0.10197	0.1037	
0.020926	0.053682	0.068825	0.0693	0.066609	0.068354	0.069563	0.068668	0.068018	0.06705	0.067358	0.072544	0.074029	0.074658	0.09366	0.09384	0.096289	0.099372	0.099061	0.10292	0.10308	0.1035	0.10533	0.11121	
0.039125	0.060373	0.061859	0.060163	0.063889	0.065875	0.066232	0.065829	0.06472	0.06493	0.070563	0.072141	0.072941	0.094444	0.095048	0.097912	0.10132	0.10136	0.10602	0.10668	0.10743	0.1076	0.11368	0.11825	
0.028394	0.045158	0.047954	0.057206	0.061587	0.063233	0.063422	0.062548	0.062806	0.069291	0.070969	0.071947	0.096089	0.096837	0.10001	0.10377	0.1037	0.10861	0.10917	0.10977	0.10973	0.11579	0.12021	0.12691	
0.02966	0.041856	0.055888	0.061163	0.063783	0.064119	0.063124	0.063336	0.070314	0.072025	0.072851	0.098624	0.098881	0.10188	0.10578	0.10548	0.11019	0.11034	0.11058	0.11023	0.11616	0.1204	0.12698	0.13178	
0.030253	0.051623	0.059295	0.060379	0.060357	0.059723	0.060782	0.068837	0.071088	0.072214	0.10012	0.099797	0.10283	0.10749	0.10733	0.11005	0.10967	0.10955	0.10887	0.11474	0.11882	0.12529	0.12987	0.13457	
0.043315	0.058734	0.060996	0.06168	0.060844	0.062377	0.070003	0.072586	0.07369	0.1037	0.10326	0.1041	0.1089	0.1084	0.11073	0.10989	0.1092	0.10818	0.11389	0.11774	0.12406	0.12837	0.13272	0.13919	
0.025929	0.043624	0.048533	0.052636	0.056631	0.066154	0.070125	0.071609	0.10527	0.10383	0.10437	0.10959	0.10875	0.11068	0.10948	0.10839	0.10709	0.11273	0.11642	0.12268	0.12605	0.13006	0.13653	0.14137	
0.019331	0.042942	0.050254	0.054632	0.066891	0.071471	0.073155	0.10893	0.10602	0.10665	0.11303	0.11183	0.11339	0.11156	0.10993	0.10819	0.11351	0.11674	0.12259	0.12541	0.12885	0.13534	0.13973	0.14691	
0.025174	0.044636	0.054928	0.069601	0.073684	0.074102	0.11559	0.11098	0.11132	0.1175	0.11546	0.11652	0.11404	0.11196	0.10975	0.11481	0.11767	0.12312	0.12539	0.12835	0.13482	0.13893	0.14616	0.15334	
0.034386	0.049331	0.071695	0.074102	0.074353	0.12176	0.11583	0.11585	0.12277	0.11994	0.1203	0.11693	0.11404	0.11122	0.11586	0.11818	0.12321	0.12494	0.12749	0.13401	0.1379	0.14521	0.15254	0.16123	
0.030458	0.07093	0.073774	0.073909	0.13115	0.12364	0.1231	0.1281	0.1241	0.1237	0.11967	0.11606	0.11272	0.11711	0.11919	0.12405	0.12555	0.12783	0.13435	0.1381	0.14539	0.15267	0.16139	0.17537	
0.037313	0.06909	0.072235	0.14005	0.13055	0.13001	0.13194	0.12655	0.12491	0.12003	0.11559	0.11175	0.11592	0.1179	0.12269	0.12392	0.12597	0.13259	0.13617	0.1435	0.15082	0.15967	0.17424	0.17999	
0.036249	0.064565	0.15185	0.1403	0.13596	0.13262	0.12587	0.12357	0.11853	0.11404	0.11008	0.11486	0.11733	0.12259	0.12377	0.12571	0.13229	0.13573	0.143	0.15006	0.15855	0.17283	0.17845	0.1827	
0.036176	0.1741	0.15145	0.13993	0.13026	0.12268	0.12008	0.11521	0.11154	0.10808	0.11448	0.1182	0.12453	0.12583	0.12774	0.1343	0.13759	0.1448	0.15166	0.15988	0.174	0.17944	0.18376	0.18586	
0.10423	0.13753	0.13944	0.12157	0.11571	0.11451	0.10769	0.10412	0.10113	0.10889	0.1132	0.1198	0.12066	0.12222	0.12906	0.13213	0.13945	0.14663	0.15553	0.17119	0.17738	0.18219	0.18441	0.19253	
0.08891	0.11959	0.11041	0.10838	0.10496	0.1016	0.09511	0.089698	0.10047	0.10491	0.10881	0.10858	0.10968	0.11729	0.12034	0.12842	0.13669	0.14729	0.16599	0.17387	0.17965	0.18189	0.19077	0.19533	
0.042763	0.053047	0.062909	0.073031	0.075111	0.074474	0.072637	0.088445	0.096006	0.10496	0.10602	0.10812	0.11698	0.12064	0.12938	0.13812	0.14872	0.1675	0.1754	0.18169	0.18424	0.19363	0.19862	0.20634	
0.038186	0.058594	0.070519	0.067431	0.066988	0.067233	0.084881	0.091343	0.099157	0.099184	0.10076	0.11019	0.11349	0.12269	0.13199	0.14344	0.16106	0.16997	0.17725	0.18033	0.19074	0.19606	0.2045	0.20873	
0.042422	0.069239	0.065462	0.065384	0.068665	0.088252	0.09501	0.10107	0.10029	0.10149	0.11031	0.11337	0.12235	0.13106	0.14144	0.15834	0.16718	0.17541	0.17934	0.1907	0.19665	0.20573	0.21034	0.213	
0.034388	0.056049	0.05696	0.063309	0.084353	0.087508	0.09247	0.091683	0.094095	0.10621	0.11018	0.1204	0.12965	0.14063	0.1586	0.16716	0.17637	0.18109	0.19359	0.20026	0.20999	0.21499	0.21782	0.22034	
0.029288	0.052808	0.065248	0.086854	0.087513	0.092595	0.091572	0.093759	0.10634	0.10991	0.11974	0.12781	0.13701	0.15372	0.16278	0.17324	0.17901	0.19262	0.20007	0.21053	0.21593	0.21891	0.22163	0.22242	
0.034709	0.053861	0.085254	0.08279	0.089923	0.089019	0.091675	0.10452	0.1079	0.11714	0.12373	0.13086	0.14629	0.15634	0.16865	0.17602	0.19122	0.19989	0.21144	0.21764	0.22103	0.22414	0.22509	0.22454	
0.040253	0.090177	0.08749	0.093237	0.090465	0.09184	0.10305	0.10505	0.11318	0.11741	0.12179	0.13636	0.14814	0.1626	0.17205	0.18893	0.19911	0.21182	0.21893	0.22276	0.22631	0.22739	0.22679	0.23986	
0.076206	0.079011	0.086172	0.082011	0.082477	0.093659	0.095536	0.10319	0.10404	0.10686	0.12319	0.13753	0.15464	0.16643	0.18549	0.19727	0.2113	0.21925	0.22356	0.22755	0.22883	0.22821	0.24167	0.24569	
0.058013	0.070715	0.067225	0.06897	0.084781	0.086762	0.092842	0.091613	0.094239	0.11384	0.13107	0.15104	0.16487	0.186	0.19887	0.21387	0.22216	0.22656	0.23063	0.23173	0.23081	0.24452	0.24848	0.26309	
0.05192	0.055384	0.060563	0.072829	0.076615	0.08151	0.07882	0.083459	0.10713	0.12844	0.15219	0.1687	0.19174	0.20585	0.22182	0.23034	0.23458	0.23819	0.23859	0.23717	0.25022	0.25383	0.26881	0.29215	
0.034351	0.049169	0.068599	0.070526	0.072721	0.07153	0.078554	0.10683	0.13176	0.15805	0.17526	0.19917	0.21274	0.22838	0.23603	0.23942	0.24228	0.2418	0.2396	0.25253	0.25583	0.27158	0.2952	0.30373	
0.03533	0.057643	0.064453	0.065457	0.069174	0.078838	0.11172	0.13819	0.16493	0.18181	0.20525	0.21847	0.23301	0.23974	0.24182	0.2435	0.2419	0.23873	0.25139	0.25436	0.27152	0.29523	0.3034	0.30585	
0.036916	0.057824	0.062118	0.0665	0.07492	0.11402	0.14211	0.16941	0.18589	0.20887	0.22167	0.235	0.2409	0.24181	0.2425	0.23994	0.2359	0.24858	0.25147	0.26926	0.29302	0.3007	0.3024	0.30264	
0.037891	0.05168	0.05813	0.068163	0.11469	0.14417	0.1714	0.18702	0.20847	0.22177	0.23373	0.23924	0.23898	0.23789	0.23444	0.22968	0.24278	0.24582	0.2646	0.28895	0.2963	0.29758	0.29783	0.32059	
0.034303	0.051117	0.067536	0.1233	0.15023	0.17566	0.19027	0.20898	0.22305	0.23293	0.23803	0.23615	0.23388	0.22959	0.22417	0.23765	0.24092	0.26007	0.28386	0.29066	0.29145	0.29193	0.31589	0.3235	
0.031161	0.062777	0.13158	0.15428	0.17718	0.19186	0.20787	0.22117	0.22814	0.23302	0.22965	0.22611	0.22104	0.215	0.22969	0.23331	0.25305	0.27509	0.28075	0.28117	0.28212	0.30745	0.3163	0.32518	
0.053414	0.13026	0.14401	0.16577	0.18297	0.19344	0.21361	0.21876	0.22423	0.21946	0.21502	0.20879	0.20248	0.21859	0.22265	0.2425	0.26294	0.26829	0.27269	0.2706	0.2977	0.30792	0.31766	0.35833	
0.10202	0.1098	0.14931	0.16309	0.17355	0.20059	0.20442	0.21165	0.2042	0.19934	0.19323	0.18721	0.20481	0.20985	0.23059	0.25096	0.25638	0.26108	0.2597	0.28879	0.30022	0.31081	0.35264	0.35464	
0.044151	0.095269	0.13154	0.14971	0.18469	0.18838	0.19759	0.18939	0.18455	0.17897	0.17343	0.19247	0.19874	0.22097	0.24052	0.24617	0.25115	0.254	0.2808	0.29316	0.30435	0.34847	0.35098	0.35445	
0.082516	0.12832	0.15131	0.19179	0.19404	0.20316	0.19234	0.18406	0.17657	0.1703	0.1924	0.19728	0.22111	0.24199	0.24895	0.2539	0.25669	0.28468	0.29743	0.30886	0.3547	0.35664	0.35959	0.37678	
0.10426	0.14218	0.18773	0.19529	0.20349	0.19135	0.17934	0.16873	0.16623	0.18834	0.19155	0.21797	0.24131	0.24975	0.25455	0.25761	0.28705	0.30029	0.31221	0.3596	0.36078	0.36312	0.38015	0.37725	
0.16011	0.19659	0.21275	0.21188	0.19684	0.17798	0.16477	0.16132	0.18821	0.19064	0.22149	0.24543	0.2552	0.25903	0.26136	0.29132	0.30461	0.31621	0.3646	0.3648	0.36621	0.38282	0.37926	0.37308	
0.10242	0.13654	0.16101	0.18483	0.18041	0.16679	0.16395	0.1895	0.19284	0.22412	0.25081	0.26013	0.26424	0.26709	0.30011	0.3138	0.32546	0.37542	0.37446	0.37496	0.39118	0.38661	0.37983	0.39708	
0.093573	0.15876	0.17089	0.15874	0.14553	0.14177	0.17618	0.18071	0.21891	0.2465	0.25817	0.26145	0.26375	0.29824	0.31126	0.32245	0.37386	0.37172	0.37114	0.38703	0.382	0.37477	0.39206	0.38675	
0.16144	0.15161	0.14199	0.13065	0.12266	0.16539	0.17542	0.21345	0.24239	0.25296	0.25785	0.26143	0.30082	0.31548	0.32785	0.38481	0.38247	0.38177	0.39836	0.39255	0.38465	0.40245	0.39665	0.43551	
0.074321	0.086419	0.091345	0.092225	0.15271	0.1602	0.21097	0.2417	0.2551	0.25902	0.26229	0.30395	0.31832	0.33002	0.38846	0.38433	0.382	0.39783	0.39118	0.38264	0.40017	0.39475	0.43443	0.42845	
0.035682	0.067184	0.073494	0.14703	0.15935	0.21497	0.24919	0.26067	0.26521	0.26957	0.31693	0.3328	0.34474	0.40569	0.39935	0.39531	0.41031	0.40204	0.39265	0.40986	0.4042	0.443	0.43628	0.44666	
0.039815	0.069116	0.15965	0.17506	0.23636	0.26851	0.27755	0.27979	0.28348	0.33266	0.3476	0.3582	0.41869	0.40943	0.40304	0.41667	0.40713	0.39701	0.41348	0.40801	0.44686	0.439	0.4485	0.44934	
0.046495	0.16579	0.19269	0.25493	0.29232	0.29575	0.29471	0.29768	0.35012	0.36517	0.37475	0.43562	0.42297	0.41386	0.42584	0.41472	0.40391	0.41951	0.41414	0.45214	0.44333	0.45164	0.45205	0.46566	
0.1579	0.20306	0.26832	0.3194	0.31249	0.31394	0.31659	0.37347	0.3876	0.39508	0.45519	0.43855	0.42607	0.43583	0.42284	0.41142	0.42579	0.4205	0.45686	0.44699	0.45355	0.45348	0.46586	0.46224	
0.15587	0.29759	0.37119	0.34457	0.34656	0.34608	0.40389	0.41352	0.41741	0.47561	0.45367	0.4371	0.44405	0.42914	0.41686	0.42992	0.42478	0.45764	0.4469	0.4511	0.45054	0.46127	0.45732	0.45911	
0.30927	0.37752	0.35069	0.34197	0.3375	0.39809	0.40553	0.40645	0.46915	0.44214	0.42249	0.42828	0.41329	0.40223	0.41572	0.41203	0.44319	0.43308	0.43147	0.43202	0.44077	0.43782	0.43816	0.43412	
0.29641	0.25374	0.28967	0.31138	0.39873	0.41295	0.41526	0.49195	0.45625	0.43324	0.43599	0.42007	0.40961	0.42267	0.41549	0.4356	0.42605	0.41832	0.42053	0.42596	0.42448	0.42266	0.41856	0.40984	
0.19536	0.23993	0.25957	0.34573	0.35376	0.34781	0.42987	0.39389	0.37178	0.37762	0.36814	0.3641	0.37813	0.37804	0.4056	0.39549	0.39019	0.39223	0.39868	0.39691	0.39582	0.39157	0.38302	0.37453	
0.10599	0.24768	0.37522	0.383	0.36428	0.44833	0.40696	0.3772	0.37746	0.37135	0.36608	0.37833	0.37754	0.399	0.38934	0.38158	0.38359	0.38893	0.38707	0.38503	0.38055	0.37295	0.36428	0.36167	
0.1142	0.3448	0.32221	0.29212	0.36298	0.34233	0.32188	0.32278	0.32673	0.32609	0.34072	0.34404	0.36707	0.3579	0.35132	0.35378	0.35983	0.35827	0.35664	0.35224	0.34579	0.33752	0.3363	0.32754	
0.28213	0.25496	0.23069	0.29453	0.30783	0.29955	0.29756	0.31246	0.31561	0.32873	0.33447	0.35669	0.34744	0.34126	0.34343	0.34969	0.34815	0.34623	0.34136	0.3358	0.32751	0.32734	0.31923	0.30983	
0.13003	0.12907	0.23125	0.27056	0.27952	0.28034	0.30526	0.30949	0.3213	0.33048	0.35747	0.34457	0.33973	0.34062	0.34783	0.34542	0.34325	0.33751	0.33206	0.32359	0.32383	0.31587	0.30639	0.30231	
0.051517	0.24198	0.29595	0.28787	0.28497	0.30716	0.3073	0.32433	0.33208	0.36406	0.34861	0.34423	0.34541	0.35381	0.34958	0.3479	0.3424	0.33678	0.32764	0.32771	0.31852	0.30854	0.30445	0.30189	
0.23994	0.34697	0.33231	0.31836	0.33783	0.3326	0.34807	0.35385	0.38675	0.36734	0.35985	0.3595	0.3666	0.36033	0.3574	0.3512	0.34464	0.33485	0.33437	0.32446	0.31375	0.30922	0.30637	0.30845	
0.3527	0.38816	0.34498	0.36146	0.35345	0.36466	0.36953	0.40678	0.38385	0.37326	0.37201	0.37782	0.36998	0.36607	0.35885	0.3512	0.34093	0.33966	0.32909	0.31771	0.31279	0.30988	0.31187	0.31174	
0.068015	0.19251	0.22776	0.23773	0.28904	0.2969	0.34955	0.33265	0.33165	0.33921	0.35099	0.34689	0.34706	0.34357	0.33722	0.32813	0.32762	0.31731	0.30309	0.29871	0.29707	0.30049	0.29957	0.29966	
0.11154	0.25167	0.26032	0.30398	0.30352	0.36401	0.34173	0.34019	0.34417	0.35523	0.34817	0.3473	0.34311	0.33702	0.32795	0.32827	0.31848	0.30399	0.29984	0.29819	0.30175	0.30095	0.30111	0.30575	
0.29696	0.29757	0.36125	0.33578	0.40018	0.36625	0.36154	0.35981	0.36821	0.3575	0.35405	0.34835	0.34158	0.33225	0.33272	0.32248	0.31066	0.30269	0.30077	0.30412	0.30323	0.3032	0.30787	0.30943	
0.15595	0.34013	0.31376	0.41834	0.38411	0.37564	0.37878	0.38718	0.37504	0.36974	0.36185	0.35095	0.33975	0.33868	0.32672	0.3134	0.3078	0.30528	0.30832	0.30701	0.30669	0.31098	0.31216	0.31451	
0.16508	0.22665	0.41571	0.36898	0.36255	0.36008	0.3692	0.35589	0.34954	0.34157	0.33467	0.32491	0.32417	0.31419	0.30172	0.29741	0.29574	0.29956	0.29913	0.2993	0.30295	0.30466	0.30743	0.31162	
0.22054	0.45143	0.4012	0.37304	0.35975	0.36335	0.34544	0.33584	0.32815	0.3217	0.31346	0.31343	0.30405	0.29145	0.28759	0.28424	0.28748	0.28784	0.28821	0.29265	0.29458	0.29784	0.30246	0.30299	
0.42912	0.39818	0.38624	0.37103	0.37273	0.35282	0.33947	0.33017	0.32068	0.31076	0.31273	0.3	0.28589	0.28176	0.28007	0.28375	0.28402	0.28492	0.28905	0.29074	0.29369	0.29796	0.29804	0.29613	
0.32055	0.33567	0.34005	0.33262	0.31552	0.29547	0.2922	0.28639	0.28235	0.28549	0.2758	0.26336	0.26097	0.26053	0.26555	0.26693	0.26811	0.27411	0.27639	0.27928	0.28469	0.2853	0.28367	0.28601	
0.22639	0.26644	0.30194	0.27331	0.26577	0.27078	0.27101	0.26656	0.27236	0.26248	0.2477	0.24433	0.24364	0.24924	0.25128	0.25004	0.25902	0.26139	0.26478	0.2724	0.2734	0.27165	0.275	0.27615	
0.223	0.25313	0.24621	0.23677	0.25594	0.25623	0.25709	0.26255	0.2536	0.2399	0.23758	0.2379	0.24462	0.24808	0.24689	0.25814	0.26053	0.26463	0.27324	0.27464	0.27149	0.27512	0.27608	0.27872	
0.21973	0.21683	0.22302	0.24563	0.25667	0.2561	0.25884	0.24705	0.22927	0.22458	0.2235	0.23061	0.23431	0.23199	0.24534	0.2476	0.25217	0.26205	0.26361	0.26039	0.26412	0.26491	0.26761	0.27025	
0.2103	0.20087	0.24677	0.25742	0.26098	0.26103	0.24843	0.22847	0.22357	0.22205	0.2297	0.23387	0.23137	0.24508	0.24682	0.2512	0.26012	0.26124	0.25757	0.26082	0.26108	0.26359	0.26603	0.26636	
0.18672	0.22857	0.22614	0.21461	0.21423	0.20261	0.18402	0.18056	0.18074	0.19282	0.20036	0.19858	0.21672	0.21939	0.2253	0.23668	0.23842	0.23522	0.23913	0.23985	0.24294	0.24586	0.24648	0.24957	
0.15604	0.20502	0.2013	0.20449	0.19216	0.1728	0.17031	0.17177	0.18635	0.19422	0.19276	0.20988	0.21179	0.21691	0.22643	0.22771	0.22468	0.22747	0.2278	0.23068	0.23374	0.23414	0.2372	0.24211	
0.13409	0.13494	0.15896	0.14359	0.12928	0.13013	0.13548	0.15712	0.16856	0.16849	0.18881	0.19183	0.19764	0.20834	0.20996	0.20747	0.21034	0.21091	0.21419	0.2178	0.21845	0.22199	0.22741	0.2295	
0.1018	0.13102	0.13046	0.11209	0.11681	0.12802	0.15453	0.16532	0.16715	0.18618	0.18894	0.19445	0.20384	0.20533	0.20306	0.20497	0.20528	0.20853	0.21238	0.21298	0.21661	0.22222	0.22427	0.22195	
0.10915	0.10536	0.10031	0.10461	0.11711	0.14628	0.15776	0.15771	0.17963	0.18155	0.18696	0.19761	0.19878	0.19565	0.19714	0.19734	0.20046	0.20477	0.20542	0.20942	0.21552	0.21775	0.21533	0.21347	
0.065974	0.083964	0.094758	0.11106	0.14292	0.15353	0.15526	0.17573	0.17609	0.18104	0.19059	0.19123	0.18831	0.18892	0.18875	0.19177	0.19635	0.197	0.20117	0.20747	0.20965	0.20699	0.20515	0.20263	
0.046045	0.065377	0.084339	0.13636	0.14734	0.14807	0.17326	0.17221	0.17706	0.18743	0.18755	0.18361	0.18439	0.18364	0.18643	0.19084	0.1911	0.19534	0.2016	0.20355	0.2006	0.19855	0.19593	0.19327	
0.03798	0.077019	0.13888	0.14539	0.15292	0.17311	0.17055	0.17367	0.18203	0.18131	0.17773	0.17727	0.17587	0.17852	0.18317	0.18325	0.18768	0.19416	0.19596	0.19266	0.19068	0.18804	0.18534	0.18455	
0.049456	0.10871	0.12031	0.14079	0.15652	0.15512	0.15694	0.16635	0.16535	0.16323	0.16187	0.16052	0.1636	0.16926	0.16962	0.17484	0.18194	0.18389	0.18047	0.17878	0.17631	0.17375	0.17305	0.17156	
0.084297	0.10749	0.14119	0.15631	0.15139	0.15276	0.16426	0.16167	0.15958	0.15678	0.155	0.15788	0.16351	0.16339	0.16861	0.17564	0.1774	0.17387	0.17201	0.1696	0.16703	0.16606	0.16451	0.16241	
0.075341	0.14004	0.1575	0.14914	0.14911	0.16262	0.15834	0.15666	0.15192	0.14994	0.15324	0.15905	0.15882	0.164	0.17095	0.17244	0.16869	0.16667	0.16418	0.1615	0.16021	0.15861	0.15666	0.15416	
0.10854	0.15816	0.15643	0.14646	0.16036	0.15573	0.15511	0.1498	0.14882	0.15394	0.16221	0.16281	0.16895	0.17618	0.17729	0.17018	0.16781	0.16498	0.16198	0.16029	0.15848	0.15649	0.15388	0.15141	
0.1902	0.16639	0.17651	0.16679	0.16094	0.15931	0.15252	0.15082	0.15668	0.16485	0.1647	0.17016	0.17671	0.17684	0.16926	0.16673	0.1638	0.1606	0.15854	0.15643	0.15428	0.15158	0.14899	0.14764	
0.10562	0.12916	0.15095	0.14818	0.15026	0.14265	0.1401	0.14407	0.15061	0.14868	0.15403	0.16054	0.16053	0.15399	0.15246	0.15055	0.14785	0.14577	0.14374	0.14196	0.13961	0.13742	0.13635	0.1376	
0.072988	0.11129	0.12915	0.13429	0.12805	0.12695	0.13667	0.14728	0.14637	0.15271	0.15982	0.15978	0.15272	0.1511	0.14881	0.14583	0.1436	0.14151	0.13967	0.13723	0.13553	0.13436	0.13555	0.13636	
0.090453	0.12512	0.14406	0.131	0.13015	0.13864	0.14781	0.14463	0.1506	0.15724	0.15625	0.14939	0.1485	0.14662	0.14381	0.14131	0.13897	0.13704	0.1346	0.13237	0.13117	0.13247	0.13351	0.13186	
0.12428	0.14154	0.13303	0.13135	0.13895	0.14479	0.13892	0.14475	0.15126	0.14948	0.14377	0.14366	0.14258	0.13999	0.13728	0.13471	0.13254	0.13014	0.12799	0.1268	0.12832	0.1297	0.12811	0.12877	
0.072631	0.1019	0.1117	0.12221	0.13303	0.12681	0.13638	0.14517	0.14406	0.13746	0.13656	0.13554	0.13286	0.13022	0.12837	0.1269	0.1245	0.1225	0.12185	0.1244	0.12566	0.12451	0.12561	0.12647	
0.099424	0.10577	0.11528	0.12539	0.11862	0.12852	0.13711	0.13487	0.12985	0.1304	0.13051	0.12814	0.12533	0.12314	0.12127	0.11921	0.11731	0.11659	0.11915	0.12106	0.11973	0.12094	0.12222	0.1228	
0.060703	0.081864	0.10484	0.098038	0.11263	0.12227	0.1194	0.11723	0.12126	0.12298	0.12157	0.11868	0.11636	0.1147	0.11315	0.1117	0.11078	0.11324	0.1158	0.1144	0.11557	0.11753	0.11842	0.11808	
0.070624	0.09948	0.094215	0.10952	0.11828	0.11385	0.1149	0.12094	0.12347	0.1222	0.11847	0.11566	0.11326	0.11158	0.11014	0.10928	0.11168	0.11495	0.11315	0.11433	0.11643	0.11742	0.11708	0.11738	
0.069626	0.079467	0.09296	0.10026	0.097806	0.10841	0.12299	0.12672	0.12479	0.12001	0.11684	0.11426	0.11231	0.11089	0.10991	0.11247	0.11618	0.11302	0.11413	0.11618	0.11715	0.11676	0.11698	0.11806	
0.062818	0.078045	0.087689	0.089311	0.10681	0.12453	0.12899	0.12662	0.12076	0.11706	0.11383	0.11197	0.11063	0.10967	0.11267	0.11664	0.11338	0.11449	0.1163	0.11728	0.11676	0.11702	0.11795	0.11915	
0.063511	0.082015	0.08763	0.10783	0.12392	0.12641	0.12275	0.11745	0.11406	0.11112	0.10895	0.10781	0.10725	0.11098	0.11522	0.11192	0.11327	0.11525	0.11611	0.11556	0.1157	0.11676	0.11787	0.12096	
0.024128	0.051336	0.08183	0.083188	0.10526	0.11214	0.11472	0.11211	0.10883	0.10865	0.10627	0.10657	0.1118	0.11666	0.11346	0.11502	0.11644	0.11751	0.11668	0.11617	0.11717	0.1179	0.12113	0.12279	
0.030835	0.076868	0.083372	0.10473	0.1079	0.11002	0.10834	0.10582	0.10467	0.10246	0.10299	0.10818	0.11327	0.10982	0.11172	0.11382	0.11498	0.11419	0.11353	0.11452	0.11561	0.11889	0.12056	0.12134	
0.068933	0.083078	0.095432	0.090568	0.093555	0.096381	0.096875	0.09518	0.093275	0.095243	0.10104	0.10676	0.10335	0.10562	0.10863	0.11011	0.10945	0.10882	0.11	0.11171	0.11515	0.11695	0.11812	0.12155	
0.045287	0.060139	0.063479	0.074991	0.085925	0.091184	0.089772	0.08852	0.089835	0.096241	0.10265	0.0995	0.10238	0.10597	0.10763	0.10698	0.10627	0.10753	0.10962	0.11318	0.11497	0.11646	0.12025	0.12167	
0.032575	0.047553	0.069934	0.085562	0.092018	0.090118	0.088816	0.09019	0.096336	0.10361	0.10008	0.10282	0.10672	0.10836	0.10754	0.10671	0.10804	0.11035	0.11402	0.11583	0.11734	0.12122	0.12255	0.12168	
0.03332	0.066044	0.0838	0.088846	0.08738	0.086649	0.087088	0.091477	0.10133	0.098044	0.10049	0.10568	0.10783	0.10722	0.10657	0.10829	0.11096	0.11501	0.117	0.11839	0.12222	0.12347	0.12257	0.12171	
0.053777	0.073841	0.078698	0.08004	0.08142	0.081865	0.087894	0.099762	0.096101	0.098569	0.10416	0.10681	0.10637	0.10592	0.108	0.11062	0.1151	0.11734	0.11858	0.12232	0.12345	0.12266	0.12194	0.11958	
0.036396	0.046422	0.067741	0.074367	0.076371	0.085057	0.099669	0.095721	0.098188	0.10398	0.10711	0.10671	0.10642	0.10876	0.11123	0.1161	0.11851	0.1195	0.12318	0.1241	0.12338	0.12278	0.12029	0.11953	
0.022799	0.060907	0.073985	0.076008	0.079712	0.10129	0.097842	0.099581	0.10728	0.11075	0.11009	0.10952	0.11183	0.11425	0.11884	0.12101	0.12186	0.1256	0.12621	0.12522	0.1244	0.12164	0.12092	0.12043	
0.042532	0.06813	0.075028	0.076898	0.10283	0.099854	0.10217	0.11047	0.11354	0.11189	0.11067	0.1126	0.11507	0.11935	0.12129	0.12231	0.12639	0.12686	0.12539	0.12417	0.12115	0.12061	0.11995	0.11859	
0.041717	0.07017	0.077775	0.10485	0.10102	0.10444	0.11282	0.11503	0.11239	0.11034	0.11186	0.11429	0.11833	0.12003	0.12138	0.12594	0.12632	0.12435	0.1227	0.11955	0.11931	0.11853	0.11701	0.11622	
0.050665	0.073999	0.10956	0.10284	0.10745	0.11605	0.11793	0.11426	0.11187	0.11327	0.11598	0.12001	0.12155	0.123	0.1277	0.12784	0.1255	0.12342	0.12009	0.1199	0.11901	0.11724	0.11628	0.11498	
0.047302	0.12098	0.1141	0.11328	0.12358	0.12556	0.12112	0.11832	0.11991	0.12191	0.12569	0.12412	0.12539	0.12996	0.12954	0.12688	0.12455	0.12105	0.12094	0.11993	0.11794	0.11687	0.11545	0.11606	
0.095817	0.1065	0.11944	0.1311	0.12954	0.12187	0.11735	0.11773	0.12021	0.12317	0.1212	0.12341	0.1294	0.12919	0.12568	0.12256	0.11909	0.11946	0.11827	0.1162	0.11518	0.11393	0.11493	0.11676	
0.060803	0.11287	0.12139	0.11617	0.10729	0.10282	0.10332	0.10549	0.10955	0.10831	0.1117	0.11927	0.11942	0.11614	0.1134	0.1106	0.11191	0.11077	0.10909	0.10851	0.10749	0.10861	0.11069	0.11138	
0.057823	0.098117	0.11054	0.10347	0.10023	0.10212	0.10518	0.10942	0.10919	0.11258	0.12042	0.12041	0.11703	0.1139	0.11079	0.11198	0.11097	0.10922	0.10849	0.10737	0.10861	0.11076	0.11154	0.11286	
0.10421	0.1111	0.10178	0.096063	0.097518	0.09938	0.1038	0.10356	0.10704	0.11588	0.1153	0.11245	0.10988	0.10712	0.10894	0.10787	0.10643	0.10608	0.10496	0.10593	0.10806	0.10881	0.11035	0.11162	
0.047943	0.05548	0.063585	0.070087	0.076102	0.085277	0.087162	0.092732	0.10403	0.1045	0.10179	0.099658	0.0978	0.10088	0.099529	0.098857	0.09914	0.098469	0.099769	0.10235	0.1033	0.10519	0.10667	0.10591	
0.03542	0.050695	0.065655	0.070597	0.08278	0.085106	0.090195	0.10203	0.10146	0.099864	0.098595	0.096795	0.10025	0.09874	0.098253	0.09865	0.097835	0.098662	0.10097	0.10171	0.10363	0.1055	0.105	0.10808	
0.033275	0.063742	0.074106	0.087951	0.090122	0.095605	0.10792	0.1059	0.10424	0.10265	0.10051	0.10425	0.10245	0.10129	0.10148	0.10035	0.10086	0.10297	0.10342	0.10518	0.10707	0.10648	0.10942	0.11295	
0.050922	0.062874	0.087254	0.087486	0.094048	0.10735	0.1034	0.10277	0.10155	0.099663	0.10395	0.10217	0.10096	0.10116	0.099856	0.10012	0.10203	0.10227	0.10395	0.10598	0.10541	0.10833	0.11188	0.11449	
0.04821	0.07761	0.079644	0.094092	0.11351	0.10875	0.10611	0.10409	0.099895	0.10503	0.10264	0.10159	0.10186	0.10089	0.10111	0.10308	0.1032	0.10482	0.10652	0.10552	0.10852	0.11204	0.11457	0.1163	
0.052183	0.069232	0.094953	0.11709	0.11047	0.10539	0.1033	0.099556	0.1054	0.10334	0.10146	0.10116	0.099712	0.099751	0.10175	0.1018	0.1031	0.10454	0.10299	0.106	0.10945	0.11185	0.11334	0.11591	
0.047392	0.082604	0.12225	0.11146	0.10906	0.1062	0.10223	0.10792	0.10596	0.10311	0.10158	0.099526	0.099773	0.10189	0.10184	0.10284	0.10394	0.1018	0.10482	0.10813	0.11039	0.11164	0.11408	0.11681	
0.06553	0.092566	0.088378	0.09146	0.094165	0.093073	0.098801	0.10042	0.096594	0.094367	0.091953	0.092753	0.095088	0.09551	0.09671	0.09824	0.095997	0.099222	0.10277	0.1052	0.1066	0.10921	0.11214	0.11622	
0.047224	0.067857	0.083624	0.089815	0.090141	0.094838	0.099	0.094853	0.092204	0.089471	0.090346	0.092716	0.093313	0.0947	0.096809	0.09466	0.09797	0.10167	0.10418	0.10563	0.10843	0.11155	0.11576	0.11988	
0.065119	0.084705	0.090889	0.088886	0.09241	0.098629	0.093992	0.091702	0.089416	0.091562	0.094595	0.095376	0.09681	0.09894	0.096482	0.10012	0.10399	0.10654	0.10797	0.11078	0.11385	0.11813	0.12222	0.12711	
0.049099	0.065245	0.069521	0.081558	0.085748	0.082807	0.082474	0.082203	0.086099	0.090501	0.091799	0.093875	0.096163	0.093911	0.098124	0.10253	0.10539	0.10707	0.11002	0.1132	0.11775	0.12198	0.12701	0.13434	
0.036616	0.048953	0.059279	0.078611	0.075734	0.076984	0.078682	0.085531	0.091324	0.093171	0.095544	0.097903	0.095485	0.10022	0.10507	0.10803	0.1097	0.11267	0.11595	0.12054	0.1248	0.12981	0.13715	0.14628	
0.030949	0.051747	0.081842	0.077333	0.079007	0.081089	0.08687	0.091612	0.093017	0.095736	0.09948	0.096958	0.10127	0.10595	0.10862	0.11012	0.11299	0.11615	0.12058	0.12467	0.12956	0.13687	0.14602	0.15411	
0.037959	0.08115	0.081374	0.081897	0.080968	0.082166	0.085674	0.087303	0.091374	0.097932	0.096365	0.10034	0.10499	0.10746	0.10895	0.11188	0.11519	0.11962	0.12367	0.12853	0.13518	0.14452	0.15249	0.15663	
0.064651	0.084243	0.086785	0.078216	0.077297	0.080791	0.083282	0.088131	0.096147	0.094383	0.098192	0.10269	0.1048	0.10603	0.10882	0.11207	0.11642	0.12042	0.12535	0.13233	0.14192	0.14975	0.15347	0.15662	
0.029217	0.066464	0.070405	0.07255	0.077489	0.079495	0.084536	0.091563	0.088868	0.093756	0.098663	0.098294	0.099404	0.10215	0.10553	0.10996	0.11418	0.11943	0.12697	0.1368	0.14452	0.14805	0.1511	0.15676	
0.030879	0.044014	0.053064	0.062291	0.067791	0.074993	0.082543	0.079785	0.085576	0.091126	0.091103	0.092199	0.095004	0.098663	0.10329	0.10778	0.11337	0.12134	0.1314	0.13913	0.14248	0.14543	0.1511	0.15692	
0.021766	0.045608	0.06099	0.067727	0.073214	0.079305	0.076176	0.082685	0.088624	0.088654	0.088978	0.091364	0.095021	0.099635	0.10416	0.10954	0.11777	0.12799	0.13572	0.13904	0.14198	0.14777	0.15362	0.15622	
0.031793	0.061144	0.066993	0.067404	0.076342	0.074292	0.081278	0.087284	0.08686	0.086637	0.088974	0.092463	0.097145	0.10179	0.10725	0.11556	0.12546	0.13285	0.13571	0.13823	0.14379	0.14941	0.15182	0.15356	
0.038085	0.053206	0.056836	0.070692	0.069965	0.078309	0.084773	0.084142	0.083866	0.086419	0.090243	0.095055	0.099811	0.10532	0.11344	0.12234	0.1291	0.13098	0.13262	0.13755	0.14269	0.14486	0.14637	0.14779	
0.031914	0.04986	0.071598	0.069656	0.080278	0.087418	0.086513	0.086226	0.08889	0.092698	0.09781	0.10243	0.10755	0.11465	0.12159	0.12709	0.12726	0.1274	0.13126	0.13575	0.13761	0.13891	0.14034	0.1416	
0.026218	0.062579	0.064147	0.080155	0.089314	0.088715	0.088121	0.09072	0.094366	0.099806	0.10428	0.1091	0.11536	0.1203	0.125	0.12413	0.12337	0.12669	0.13086	0.1326	0.13381	0.13528	0.13652	0.13827	
0.055904	0.064081	0.084892	0.091494	0.089678	0.088411	0.090779	0.094213	0.09982	0.1037	0.10778	0.11302	0.11667	0.12032	0.1188	0.11715	0.12005	0.12419	0.12601	0.12728	0.12884	0.1301	0.13191	0.13354	
0.037699	0.085304	0.093942	0.092267	0.090237	0.091445	0.093925	0.099784	0.10325	0.10676	0.11154	0.11453	0.1176	0.11548	0.11339	0.11621	0.12043	0.12225	0.12347	0.12504	0.12626	0.12806	0.12961	0.13399	
0.068571	0.0845	0.081104	0.076806	0.079635	0.084451	0.09186	0.095954	0.099695	0.10462	0.10735	0.10994	0.10738	0.10513	0.10814	0.11276	0.11492	0.11633	0.11819	0.11962	0.12163	0.12334	0.12783	0.13201	
0.03321	0.058343	0.060475	0.067298	0.075269	0.084028	0.088396	0.092176	0.097325	0.099873	0.10196	0.098993	0.096563	0.099835	0.10498	0.10747	0.10901	0.11117	0.11278	0.11507	0.11688	0.12151	0.12582	0.12863	
0.032629	0.044426	0.056245	0.065653	0.078118	0.08308	0.08739	0.092156	0.094172	0.095961	0.092798	0.090129	0.094071	0.099758	0.10241	0.1039	0.10616	0.10774	0.11006	0.11192	0.11662	0.12096	0.12368	0.12633	
0.022343	0.051542	0.06682	0.081605	0.087029	0.09125	0.093907	0.093495	0.093318	0.089948	0.086734	0.090882	0.095833	0.098622	0.10018	0.10271	0.10438	0.10683	0.10881	0.11363	0.11803	0.12071	0.12325	0.12547	
0.036451	0.059087	0.082339	0.086171	0.088766	0.088709	0.087288	0.086835	0.084148	0.080931	0.085785	0.090533	0.093557	0.09513	0.097892	0.099646	0.10223	0.10422	0.10908	0.11342	0.1159	0.11824	0.12023	0.12151	
0.028684	0.07613	0.081387	0.08233	0.083427	0.081466	0.081158	0.078657	0.075728	0.081592	0.086846	0.090203	0.091901	0.09487	0.09672	0.099508	0.10131	0.10583	0.10977	0.1117	0.11362	0.11511	0.11583	0.11563	
0.072246	0.074102	0.076862	0.076945	0.074662	0.074276	0.072626	0.070015	0.077005	0.08311	0.087031	0.089063	0.092462	0.094558	0.097666	0.099207	0.10334	0.10675	0.10809	0.10956	0.11047	0.11066	0.11022	0.11066	
0.034721	0.047768	0.05049	0.05375	0.056357	0.057342	0.056314	0.065408	0.074063	0.079465	0.082423	0.086739	0.089331	0.092876	0.094295	0.098078	0.10103	0.10187	0.10304	0.10355	0.10334	0.10275	0.10312	0.10402	
0.023824	0.037081	0.048484	0.054158	0.055048	0.054398	0.065339	0.074508	0.080157	0.083005	0.087134	0.089314	0.092504	0.093301	0.096355	0.09866	0.098975	0.099873	0.099947	0.09938	0.098637	0.098904	0.099785	0.10117	
0.018723	0.041379	0.050911	0.05305	0.052782	0.065577	0.076271	0.082442	0.085128	0.088634	0.090134	0.093014	0.092898	0.094648	0.095974	0.095544	0.096056	0.095561	0.09455	0.093632	0.093818	0.094765	0.096313	0.099825	
0.027093	0.048287	0.050828	0.051664	0.067238	0.079563	0.085499	0.087157	0.089278	0.089572	0.092476	0.091667	0.092417	0.092904	0.091953	0.092263	0.091386	0.090067	0.089033	0.089236	0.090281	0.091947	0.095824	0.097322	
0.03286	0.047291	0.048284	0.067257	0.082579	0.088621	0.088721	0.089399	0.088563	0.092205	0.091425	0.091436	0.091318	0.090093	0.090467	0.089361	0.087994	0.086847	0.087019	0.088147	0.089894	0.094007	0.09556	0.097488	
0.025488	0.042445	0.070788	0.087154	0.091419	0.088773	0.087349	0.085904	0.091167	0.090642	0.090593	0.090283	0.089036	0.089374	0.088129	0.086761	0.085464	0.085577	0.086697	0.088428	0.092685	0.09424	0.096155	0.10143	
0.029982	0.072448	0.094413	0.095365	0.089758	0.087208	0.085225	0.089833	0.088658	0.08894	0.088613	0.087353	0.087986	0.086829	0.085563	0.084353	0.08452	0.085711	0.08736	0.091572	0.09309	0.094884	0.10009	0.10264	
0.063511	0.086278	0.08969	0.084367	0.083657	0.081316	0.084166	0.083249	0.084924	0.085455	0.084483	0.085495	0.084463	0.083599	0.082201	0.082211	0.083196	0.084602	0.088716	0.089941	0.091592	0.096729	0.09931	0.10165	
0.05049	0.075102	0.072825	0.075743	0.073647	0.075304	0.075808	0.079596	0.081131	0.080554	0.082235	0.081565	0.081004	0.079739	0.079873	0.080838	0.082152	0.086286	0.087506	0.089035	0.094095	0.096334	0.098658	0.098173	
0.04655	0.054514	0.060857	0.059046	0.063248	0.064051	0.068835	0.071228	0.070865	0.073935	0.073581	0.073208	0.072647	0.073387	0.074918	0.076642	0.081154	0.082566	0.084206	0.089474	0.09189	0.094289	0.093726	0.094684	
0.027434	0.045802	0.050726	0.053142	0.056168	0.063309	0.066755	0.066578	0.070596	0.070566	0.070271	0.0702	0.071456	0.073463	0.075595	0.080178	0.081643	0.083209	0.08843	0.090779	0.093037	0.092318	0.093348	0.095488	
0.031132	0.046587	0.051271	0.055005	0.063644	0.067515	0.067117	0.071946	0.071809	0.071413	0.071249	0.072596	0.074296	0.076278	0.080619	0.081949	0.083287	0.088316	0.090616	0.092774	0.091881	0.092898	0.095052	0.10034	
0.02657	0.042364	0.048067	0.059575	0.06406	0.063724	0.070238	0.070329	0.069798	0.069985	0.071596	0.073438	0.075111	0.079123	0.080362	0.081522	0.08644	0.088708	0.090819	0.089745	0.090819	0.093017	0.098511	0.10492	
0.028282	0.04371	0.059087	0.063773	0.06401	0.071784	0.071711	0.070991	0.071048	0.07242	0.07411	0.075166	0.078801	0.079994	0.080937	0.085673	0.087928	0.089947	0.088643	0.089705	0.091931	0.097599	0.10425	0.11103	
0.028569	0.056137	0.06396	0.063838	0.073438	0.073196	0.072353	0.072123	0.073168	0.074155	0.07434	0.077538	0.078873	0.079698	0.084258	0.086533	0.088401	0.086927	0.088058	0.090345	0.096265	0.10319	0.11031	0.11761	
0.033444	0.055776	0.060557	0.07082	0.070943	0.070051	0.070003	0.071267	0.071892	0.071746	0.075066	0.076899	0.077983	0.082305	0.084841	0.08669	0.085066	0.086231	0.088567	0.094728	0.10192	0.10924	0.11666	0.12556	
0.030051	0.044614	0.061916	0.064331	0.06472	0.064813	0.065896	0.066295	0.066307	0.070283	0.0727	0.074075	0.078879	0.081835	0.083796	0.082081	0.083384	0.085808	0.092215	0.099526	0.10685	0.11431	0.1231	0.12846	
0.028801	0.064004	0.067155	0.066811	0.06671	0.0675	0.067396	0.067107	0.071019	0.07277	0.073997	0.078676	0.081552	0.083241	0.081337	0.082791	0.085286	0.091954	0.099364	0.10671	0.11415	0.1228	0.1279	0.13338	
0.058842	0.066251	0.064657	0.065232	0.067794	0.067967	0.067674	0.071909	0.073701	0.074805	0.079429	0.082218	0.08366	0.08153	0.083081	0.085573	0.092423	0.099885	0.10718	0.11454	0.12296	0.12781	0.13313	0.13558	
0.034607	0.047171	0.055047	0.062428	0.064087	0.064169	0.069878	0.071893	0.073272	0.078454	0.081466	0.082822	0.080538	0.08213	0.084214	0.091161	0.098498	0.10554	0.11273	0.12072	0.12517	0.13019	0.13228	0.13409	
0.033351	0.046554	0.055257	0.056549	0.057641	0.063749	0.067019	0.068488	0.073376	0.076009	0.077257	0.075333	0.077732	0.080286	0.08846	0.095457	0.10268	0.11	0.11801	0.12237	0.12732	0.12914	0.13071	0.13534	
0.037398	0.055189	0.055816	0.05717	0.063556	0.0673	0.06862	0.073161	0.075483	0.076431	0.074651	0.077603	0.080216	0.08868	0.09534	0.10205	0.10895	0.11629	0.12016	0.12472	0.12608	0.12725	0.13189	0.13476	
0.034297	0.046459	0.051446	0.063137	0.068134	0.069773	0.075205	0.077446	0.078131	0.076056	0.078736	0.080777	0.088495	0.094116	0.099998	0.10632	0.11271	0.11602	0.12026	0.12115	0.12191	0.12674	0.1296	0.13653	
0.020731	0.040825	0.057424	0.064007	0.065554	0.070249	0.072146	0.072905	0.071973	0.075614	0.077794	0.085776	0.09106	0.096726	0.10285	0.10894	0.11211	0.11636	0.11702	0.11765	0.12271	0.12561	0.1328	0.14105	
0.024266	0.052247	0.060879	0.061877	0.065843	0.067217	0.068799	0.069145	0.073379	0.075154	0.082969	0.087773	0.093044	0.098912	0.10466	0.10778	0.11213	0.11268	0.11327	0.11858	0.12155	0.12906	0.13748	0.13748	
0.03377	0.050775	0.053084	0.0574	0.058948	0.062687	0.064606	0.069446	0.071261	0.079205	0.083821	0.088995	0.09486	0.10056	0.10395	0.10864	0.10911	0.10971	0.11524	0.11833	0.12616	0.13471	0.13475	0.13384	
0.03505	0.043659	0.051838	0.054097	0.058694	0.060652	0.065592	0.067078	0.075274	0.079552	0.084703	0.090717	0.096573	0.10042	0.10566	0.10609	0.10673	0.11239	0.11567	0.12383	0.13249	0.13238	0.13134	0.13033	
0.021005	0.044169	0.049061	0.057311	0.061204	0.06733	0.068881	0.077655	0.081936	0.087348	0.093643	0.099567	0.10337	0.10855	0.10878	0.1092	0.11523	0.11844	0.12676	0.13504	0.13461	0.13315	0.13172	0.13386	
0.034164	0.045388	0.05466	0.059995	0.067658	0.068397	0.078031	0.082254	0.087855	0.094295	0.10055	0.10455	0.11007	0.11016	0.11053	0.11637	0.11957	0.12747	0.13517	0.13462	0.13295	0.1311	0.13305	0.15283	
0.029817	0.045377	0.056886	0.068012	0.068599	0.079372	0.083197	0.089147	0.095816	0.10257	0.10695	0.11288	0.11269	0.11298	0.11855	0.12172	0.12896	0.13575	0.13497	0.13319	0.13095	0.13271	0.15282	0.15934	
0.021162	0.045571	0.058936	0.059313	0.071422	0.075456	0.08411	0.092314	0.099422	0.10437	0.11061	0.1103	0.1105	0.11734	0.12081	0.12922	0.13607	0.1351	0.13306	0.13047	0.13208	0.15293	0.15941	0.16351	
0.03726	0.055923	0.058117	0.072342	0.076769	0.084878	0.092598	0.099383	0.10344	0.10941	0.10904	0.10914	0.1163	0.11965	0.12696	0.13257	0.13227	0.13064	0.12788	0.1294	0.1509	0.15696	0.16053	0.16416	
0.032509	0.046022	0.067118	0.072075	0.08187	0.089616	0.096152	0.10014	0.10596	0.10555	0.10538	0.11327	0.11649	0.12314	0.12774	0.1283	0.12725	0.1245	0.1259	0.14787	0.1537	0.15699	0.1604	0.15984	
0.028629	0.062003	0.069344	0.077853	0.084036	0.090725	0.094258	0.099791	0.099565	0.099371	0.10744	0.11009	0.11531	0.11877	0.12157	0.12191	0.11944	0.1208	0.14318	0.1487	0.15182	0.15513	0.15477	0.15552	
0.052758	0.061219	0.069026	0.074795	0.081999	0.085487	0.091245	0.091454	0.091179	0.099214	0.10123	0.10505	0.10808	0.1133	0.11528	0.11344	0.11479	0.1375	0.14299	0.14613	0.14954	0.14951	0.15048	0.14888	
0.031701	0.051591	0.060337	0.068945	0.073434	0.07963	0.081007	0.080888	0.08878	0.090465	0.09374	0.096951	0.10536	0.10911	0.10793	0.10927	0.13251	0.13788	0.14108	0.14451	0.1448	0.14594	0.1445	0.146	
0.034374	0.049942	0.066357	0.070719	0.075702	0.077797	0.077003	0.083062	0.085552	0.088313	0.091791	0.10303	0.10822	0.10745	0.1086	0.13229	0.13749	0.13998	0.14336	0.14379	0.14503	0.14362	0.1453	0.1444	
0.033705	0.05282	0.059888	0.065443	0.070874	0.0701	0.075821	0.078856	0.081508	0.085399	0.099846	0.10622	0.10586	0.10684	0.13116	0.13613	0.13916	0.14173	0.14232	0.14356	0.14213	0.14408	0.14313	0.14918	
0.038007	0.051561	0.059962	0.067594	0.06598	0.070158	0.074079	0.076503	0.080969	0.098713	0.10672	0.10661	0.10728	0.13229	0.13691	0.13978	0.14202	0.14266	0.14384	0.14234	0.14452	0.14339	0.14952	0.16281	
0.02728	0.050981	0.065636	0.063507	0.065578	0.071491	0.074357	0.079242	0.10133	0.1108	0.11073	0.11079	0.13592	0.14001	0.1421	0.14454	0.14443	0.14543	0.14375	0.14605	0.14469	0.1509	0.16432	0.18159	
0.039942	0.063542	0.062433	0.06289	0.07096	0.07442	0.079853	0.10584	0.11519	0.11446	0.1144	0.14129	0.14519	0.14716	0.1491	0.14867	0.14929	0.14727	0.14972	0.14801	0.1541	0.1674	0.18471	0.19638	
0.063897	0.064208	0.065272	0.074274	0.07728	0.082343	0.11077	0.11859	0.11664	0.11674	0.14714	0.15119	0.15219	0.15406	0.15331	0.1536	0.15108	0.15344	0.1512	0.15679	0.16988	0.18727	0.1985	0.19683	
0.032309	0.051595	0.073197	0.077878	0.084503	0.11416	0.12013	0.11661	0.11761	0.15302	0.1583	0.15862	0.16109	0.16057	0.15959	0.15616	0.15816	0.1554	0.16056	0.17344	0.19082	0.20147	0.19944	0.19634	
0.032211	0.064071	0.071548	0.078448	0.11743	0.12263	0.11805	0.11858	0.15709	0.16172	0.16107	0.16309	0.16146	0.16068	0.15672	0.15924	0.15615	0.16122	0.1741	0.19166	0.20193	0.19985	0.19643	0.20149	
0.053182	0.069966	0.076575	0.12205	0.12282	0.11601	0.1183	0.16422	0.16887	0.16704	0.16917	0.16765	0.16518	0.16035	0.16312	0.1596	0.16426	0.17674	0.19425	0.20382	0.20176	0.19805	0.20281	0.21559	
0.026576	0.049767	0.12534	0.12404	0.11703	0.11769	0.16708	0.17051	0.16797	0.16912	0.16715	0.16475	0.15855	0.16213	0.15855	0.16334	0.17605	0.19398	0.20317	0.20146	0.19758	0.20234	0.21548	0.23622	
0.034914	0.11999	0.11735	0.10667	0.11345	0.17917	0.18128	0.17689	0.1772	0.17315	0.16895	0.16246	0.16651	0.16275	0.16753	0.17998	0.19782	0.20618	0.20491	0.20091	0.20543	0.21861	0.23959	0.25194	
0.13884	0.123	0.10775	0.11652	0.19125	0.19167	0.18769	0.18563	0.1795	0.17365	0.16621	0.17059	0.16667	0.17166	0.18448	0.20251	0.2105	0.20979	0.20549	0.20999	0.22354	0.24513	0.25729	0.26775	
0.062606	0.072405	0.096671	0.20233	0.20491	0.20262	0.19833	0.18951	0.18178	0.17316	0.17737	0.17295	0.17784	0.19112	0.20949	0.21686	0.21639	0.21141	0.21584	0.22974	0.2515	0.26311	0.27289	0.28294	
0.034225	0.080909	0.20985	0.20279	0.19222	0.18745	0.18126	0.17361	0.16474	0.17087	0.16627	0.17125	0.18474	0.20352	0.21036	0.21125	0.2066	0.21118	0.22543	0.24785	0.25923	0.26844	0.27793	0.28726	
0.07714	0.21716	0.1902	0.18153	0.17286	0.16822	0.16261	0.15463	0.16373	0.16062	0.16769	0.18182	0.20093	0.20739	0.20879	0.20351	0.20801	0.22238	0.245	0.2555	0.26371	0.27218	0.28069	0.28627	
0.18872	0.14917	0.15744	0.14778	0.14615	0.14543	0.13994	0.153	0.15269	0.16221	0.17733	0.19677	0.20277	0.20509	0.19928	0.20376	0.21835	0.24109	0.25054	0.25768	0.26512	0.2728	0.27757	0.28354	
0.07171	0.13473	0.12898	0.12888	0.13437	0.13076	0.14688	0.14857	0.16316	0.18058	0.20049	0.20585	0.2077	0.20094	0.20507	0.21935	0.2415	0.24967	0.25581	0.26218	0.26911	0.27309	0.27844	0.2835	
0.051903	0.095898	0.10737	0.11299	0.11037	0.13134	0.13282	0.14588	0.16415	0.18704	0.19252	0.2001	0.19395	0.19944	0.21664	0.24314	0.25381	0.26121	0.26854	0.27585	0.27975	0.28477	0.28941	0.29051	
0.07556	0.08851	0.11252	0.10832	0.12992	0.13196	0.14509	0.16364	0.18908	0.19316	0.20776	0.20019	0.20552	0.22302	0.24935	0.25873	0.26479	0.27064	0.27649	0.27917	0.28316	0.28705	0.28738	0.28646	
0.058401	0.091052	0.089128	0.12029	0.12457	0.13777	0.15915	0.18984	0.19446	0.21625	0.20747	0.21282	0.23069	0.25643	0.26376	0.26798	0.27206	0.27648	0.27779	0.28055	0.28353	0.283	0.28125	0.28036	
0.048486	0.064241	0.1132	0.11665	0.13114	0.15742	0.19508	0.19923	0.22082	0.21045	0.2148	0.23226	0.25744	0.26324	0.26633	0.26915	0.27251	0.27289	0.2748	0.27726	0.27614	0.2738	0.2724	0.27231	
0.044484	0.11393	0.11437	0.11412	0.14372	0.18599	0.18671	0.21919	0.21025	0.21257	0.22868	0.2526	0.25682	0.25859	0.26019	0.26255	0.26208	0.26337	0.26557	0.26413	0.26142	0.25974	0.25966	0.25765	
0.10735	0.11137	0.12148	0.15341	0.19722	0.19509	0.22033	0.20878	0.20877	0.22303	0.24512	0.24679	0.24713	0.24739	0.24882	0.2476	0.24835	0.24895	0.24737	0.2445	0.24276	0.24278	0.24119	0.23887	
0.078221	0.11101	0.19422	0.20503	0.19869	0.21428	0.20644	0.2042	0.21607	0.23539	0.23422	0.2331	0.23187	0.23239	0.23048	0.23091	0.23149	0.22984	0.22696	0.22519	0.22551	0.22416	0.22212	0.21802	
0.033855	0.13416	0.18308	0.17933	0.18479	0.19031	0.18696	0.19555	0.2114	0.20786	0.20653	0.20457	0.20486	0.20264	0.20346	0.20478	0.20355	0.20103	0.19972	0.20063	0.19965	0.19811	0.19454	0.19477	
0.10194	0.11733	0.12612	0.13478	0.1665	0.16473	0.17155	0.1865	0.18259	0.18216	0.17994	0.18034	0.17822	0.17974	0.18208	0.1814	0.17921	0.1783	0.17989	0.17935	0.1783	0.17513	0.17584	0.17617	
0.056977	0.068006	0.096957	0.15045	0.15004	0.15715	0.17267	0.1682	0.16783	0.16468	0.1646	0.16217	0.16322	0.16598	0.16525	0.16298	0.16218	0.16409	0.16358	0.16269	0.15991	0.16087	0.16157	0.16158	
0.037409	0.08941	0.16196	0.1577	0.16254	0.17718	0.17036	0.16801	0.16307	0.16153	0.15789	0.15808	0.16047	0.15912	0.15632	0.15529	0.15702	0.15604	0.15488	0.1524	0.15322	0.15395	0.15402	0.15782	
0.078023	0.15665	0.15606	0.16741	0.18387	0.17362	0.1691	0.16269	0.16039	0.15574	0.15547	0.15744	0.15548	0.15218	0.15075	0.15223	0.15059	0.14894	0.14693	0.14747	0.14812	0.14821	0.1522	0.15375	
0.029732	0.14555	0.15609	0.16658	0.16789	0.16243	0.15581	0.15286	0.14819	0.14787	0.15053	0.14799	0.14448	0.14307	0.1444	0.14227	0.14045	0.13931	0.13976	0.14041	0.1406	0.14481	0.14641	0.14851	
0.027295	0.066223	0.12481	0.14768	0.14491	0.13743	0.13541	0.13137	0.13189	0.13607	0.13414	0.1309	0.12982	0.13188	0.13016	0.12898	0.12828	0.1292	0.13016	0.13062	0.13545	0.13729	0.13962	0.14159	
0.036102	0.10872	0.12171	0.12553	0.12151	0.11948	0.11634	0.11826	0.12525	0.125	0.12191	0.12091	0.12452	0.12392	0.12377	0.12271	0.12444	0.12601	0.12693	0.13217	0.13403	0.13616	0.13709	0.13727	
0.088633	0.11594	0.1323	0.12258	0.12177	0.11568	0.11758	0.12647	0.12539	0.1216	0.11991	0.12385	0.12328	0.1233	0.12214	0.12398	0.12568	0.12655	0.13134	0.13254	0.13377	0.1333	0.1322	0.13092	
0.1002	0.12151	0.12572	0.12202	0.1164	0.1159	0.1255	0.12433	0.11973	0.11759	0.12233	0.12247	0.12285	0.12145	0.1235	0.12496	0.12523	0.12833	0.12836	0.12842	0.12648	0.12441	0.12313	0.12113	
0.041286	0.07093	0.085463	0.086027	0.093339	0.10565	0.10487	0.10182	0.10112	0.10796	0.11027	0.1123	0.111	0.11391	0.11491	0.11453	0.11653	0.11596	0.11542	0.11321	0.11138	0.11075	0.10902	0.10854	
0.04985	0.072002	0.074449	0.08161	0.096902	0.096707	0.094752	0.094419	0.10262	0.10611	0.10885	0.10769	0.11076	0.11136	0.11053	0.1116	0.11042	0.10945	0.10711	0.1055	0.10514	0.1036	0.1035	0.10271	
0.048225	0.05629	0.067413	0.08792	0.089947	0.089546	0.089386	0.098517	0.10221	0.10516	0.10472	0.10787	0.10854	0.10771	0.10808	0.10638	0.10505	0.10284	0.1015	0.10132	0.099957	0.10014	0.099449	0.099166	
0.028389	0.054133	0.080707	0.080182	0.082606	0.08338	0.093919	0.098826	0.10173	0.10151	0.10467	0.10465	0.10314	0.10294	0.10095	0.099582	0.097715	0.096757	0.096662	0.095655	0.096234	0.095681	0.095455	0.098702	
0.042403	0.071903	0.07997	0.083407	0.083791	0.095362	0.098924	0.10069	0.10096	0.10366	0.10306	0.10122	0.1008	0.098495	0.096977	0.095201	0.09441	0.094222	0.093349	0.094228	0.093795	0.093588	0.097201	0.10291	
0.043303	0.070082	0.079481	0.080904	0.094032	0.095736	0.096816	0.09866	0.10084	0.099702	0.097596	0.097137	0.094725	0.093218	0.09179	0.091366	0.091153	0.090453	0.091475	0.090703	0.090287	0.094134	0.10149	0.10636	
0.037645	0.080765	0.084147	0.095195	0.09154	0.091634	0.096992	0.097727	0.096443	0.094379	0.094445	0.092172	0.090758	0.089709	0.089403	0.08894	0.088416	0.089786	0.08904	0.088706	0.092968	0.10082	0.10578	0.10762	
0.038289	0.057183	0.089427	0.086966	0.088089	0.093624	0.096393	0.096524	0.094971	0.096414	0.094093	0.092661	0.091322	0.09082	0.090416	0.089644	0.090853	0.089863	0.08935	0.093664	0.10114	0.10613	0.10791	0.11377	
0.03779	0.082307	0.085985	0.091422	0.098313	0.10073	0.1001	0.097708	0.097653	0.094533	0.092603	0.091459	0.09119	0.090625	0.089934	0.091442	0.090373	0.089882	0.094484	0.10236	0.10722	0.10911	0.11523	0.11635	
0.076314	0.085236	0.08826	0.094849	0.097742	0.095493	0.092278	0.091205	0.088248	0.086677	0.086789	0.087364	0.086758	0.086504	0.088779	0.087214	0.087053	0.09237	0.10179	0.10697	0.10914	0.11458	0.11568	0.1202	
0.031133	0.045105	0.073701	0.082909	0.085589	0.082463	0.081992	0.08035	0.079734	0.081352	0.082921	0.082128	0.08266	0.085743	0.08447	0.084672	0.090803	0.10136	0.10672	0.1092	0.11487	0.11587	0.12063	0.12301	
0.022517	0.073984	0.089152	0.089398	0.085288	0.084633	0.082311	0.08104	0.082262	0.083615	0.083128	0.083539	0.086182	0.084711	0.084814	0.090967	0.10169	0.10742	0.10978	0.11569	0.11681	0.12095	0.12325	0.12886	
0.065405	0.088556	0.093595	0.088478	0.085962	0.08233	0.080307	0.08139	0.082829	0.082936	0.083173	0.08584	0.084364	0.084371	0.090667	0.10163	0.10765	0.10995	0.11625	0.11748	0.12182	0.12416	0.13004	0.13544	
0.050582	0.084615	0.08503	0.08146	0.078242	0.077036	0.078168	0.080173	0.081347	0.081601	0.084348	0.082929	0.082891	0.089448	0.10074	0.10713	0.10944	0.11614	0.11753	0.12225	0.12437	0.13061	0.13612	0.13963	
0.03312	0.058355	0.069837	0.067912	0.067683	0.07224	0.076083	0.076251	0.078028	0.08216	0.081505	0.081657	0.088823	0.10106	0.10755	0.11019	0.11764	0.11906	0.12417	0.12642	0.13291	0.13863	0.14216	0.14478	
0.02144	0.061892	0.061858	0.063664	0.067862	0.071587	0.073843	0.075196	0.079022	0.078219	0.078803	0.086789	0.10005	0.10762	0.10988	0.11781	0.11941	0.12374	0.12594	0.13259	0.1383	0.1418	0.1443	0.14792	
0.038479	0.048227	0.054352	0.06042	0.065295	0.070129	0.071235	0.075306	0.074864	0.075967	0.085341	0.099711	0.10775	0.1098	0.11798	0.11958	0.12418	0.12625	0.13293	0.13857	0.14191	0.14422	0.14766	0.14916	
0.0259	0.043856	0.057285	0.063848	0.069898	0.071452	0.076018	0.075311	0.076318	0.085627	0.10023	0.10846	0.11048	0.11938	0.12125	0.12623	0.12803	0.13481	0.1403	0.14349	0.14552	0.14881	0.15011	0.14962	
0.027886	0.054956	0.063064	0.070477	0.07107	0.075194	0.073625	0.073788	0.082558	0.09736	0.10704	0.1091	0.11947	0.12172	0.12696	0.12828	0.13516	0.14025	0.14322	0.14488	0.14799	0.14909	0.14837	0.15039	
0.043798	0.057864	0.070196	0.070419	0.074445	0.072092	0.07201	0.080702	0.095871	0.10687	0.1088	0.12021	0.12269	0.12803	0.12878	0.13569	0.14035	0.143	0.14418	0.14707	0.14797	0.14686	0.14867	0.15066	
0.034161	0.057392	0.061812	0.067651	0.066331	0.066473	0.07577	0.092089	0.10554	0.10754	0.12028	0.12327	0.12897	0.12894	0.13598	0.14012	0.14238	0.14302	0.14561	0.1463	0.14488	0.14645	0.14819	0.14936	
0.047625	0.05901	0.068324	0.066724	0.06673	0.076639	0.093942	0.10938	0.11087	0.12432	0.12714	0.13267	0.13185	0.13857	0.14213	0.14364	0.14364	0.14595	0.14645	0.14461	0.14594	0.14739	0.14834	0.1516	
0.050477	0.069394	0.066858	0.066084	0.077362	0.095748	0.11314	0.11418	0.12833	0.1308	0.13624	0.13444	0.14111	0.14404	0.14493	0.14437	0.14655	0.14693	0.1448	0.14593	0.14709	0.14785	0.15104	0.1539	
0.035871	0.048551	0.053987	0.069107	0.089853	0.11153	0.11209	0.12809	0.13136	0.1373	0.1343	0.14129	0.14355	0.14404	0.14288	0.14472	0.1449	0.14238	0.14333	0.14429	0.14495	0.1481	0.151	0.14888	
0.029206	0.04441	0.061187	0.08625	0.1154	0.11473	0.13227	0.13546	0.14153	0.13658	0.14319	0.14466	0.14423	0.14243	0.14408	0.14392	0.14105	0.14187	0.14255	0.14301	0.14612	0.14907	0.147	0.14817	
0.022985	0.05823	0.09114	0.1243	0.12256	0.14207	0.14442	0.14938	0.14216	0.14743	0.14875	0.14691	0.14469	0.14601	0.14597	0.14259	0.14318	0.14365	0.14393	0.14697	0.14997	0.14784	0.14898	0.14853	
0.048871	0.087737	0.12475	0.12402	0.15002	0.1546	0.15804	0.14844	0.15268	0.15351	0.15047	0.14761	0.14828	0.14795	0.14397	0.14438	0.14466	0.1447	0.14765	0.15061	0.14838	0.14947	0.14907	0.15186	
0.054492	0.11212	0.11927	0.15907	0.16521	0.16481	0.15314	0.15612	0.15667	0.15241	0.14895	0.14897	0.14831	0.14384	0.14426	0.14457	0.14457	0.14754	0.15055	0.14834	0.14945	0.1492	0.15188	0.15527	
0.1089	0.13488	0.16913	0.1653	0.15908	0.14897	0.15026	0.15346	0.14795	0.14536	0.14554	0.14575	0.14133	0.14246	0.14325	0.14373	0.14716	0.15043	0.14849	0.14992	0.14997	0.15274	0.15608	0.15982	
0.093938	0.12936	0.13159	0.12564	0.12605	0.12704	0.13719	0.13131	0.13186	0.13364	0.13608	0.13276	0.13562	0.13766	0.13921	0.14368	0.14789	0.1466	0.14867	0.14915	0.15225	0.15599	0.15993	0.16442	
0.11045	0.12323	0.12556	0.11899	0.12052	0.13099	0.12638	0.12501	0.12552	0.12658	0.1241	0.12794	0.13093	0.13279	0.1373	0.14168	0.14046	0.14261	0.14295	0.1462	0.15025	0.1545	0.1593	0.16453	
0.077021	0.093001	0.10347	0.10563	0.12135	0.1181	0.11839	0.11799	0.11931	0.11882	0.12335	0.12872	0.13228	0.13755	0.14241	0.14164	0.14383	0.14422	0.14712	0.15093	0.15485	0.15928	0.16447	0.17121	
0.074058	0.10315	0.11367	0.12727	0.1227	0.12136	0.1199	0.11944	0.11893	0.12322	0.12748	0.1294	0.13389	0.13814	0.13638	0.13779	0.13746	0.14044	0.14457	0.14906	0.15426	0.15958	0.16663	0.17384	
0.055381	0.081881	0.10459	0.10415	0.10197	0.10029	0.1002	0.10226	0.10934	0.11515	0.1184	0.12362	0.1286	0.12767	0.12942	0.12994	0.13311	0.13745	0.14205	0.14719	0.15261	0.1597	0.16695	0.17409	
0.061955	0.09255	0.10156	0.096167	0.097254	0.09686	0.099661	0.10675	0.11118	0.11341	0.11821	0.12286	0.12171	0.1232	0.1237	0.12703	0.13154	0.13631	0.14165	0.14722	0.15449	0.16186	0.16909	0.17365	
0.073558	0.091582	0.086718	0.094418	0.096249	0.10004	0.10755	0.11129	0.11295	0.11729	0.12163	0.12156	0.12293	0.12372	0.12708	0.1318	0.13662	0.14193	0.14744	0.15476	0.16201	0.16909	0.1734	0.18005	
0.06401	0.078652	0.084804	0.087352	0.089573	0.095085	0.096767	0.096942	0.10121	0.10635	0.10578	0.10764	0.10923	0.1134	0.11897	0.12459	0.13078	0.13709	0.14513	0.15292	0.16045	0.16503	0.17205	0.17411	
0.043504	0.073638	0.087303	0.089248	0.097288	0.099656	0.098855	0.10322	0.10877	0.10809	0.10977	0.11104	0.11574	0.1218	0.12751	0.13305	0.13894	0.14637	0.15359	0.16049	0.16444	0.17097	0.17243	0.17038	
0.028856	0.062477	0.072319	0.082786	0.084163	0.083515	0.088897	0.095795	0.096635	0.098812	0.10121	0.10633	0.11264	0.1186	0.12403	0.12998	0.1374	0.14477	0.15168	0.15544	0.16219	0.16357	0.1615	0.15896	
0.041409	0.065618	0.083489	0.08541	0.082911	0.087609	0.094994	0.096575	0.098594	0.10167	0.10653	0.11245	0.11739	0.12116	0.12647	0.13307	0.13983	0.14633	0.14968	0.15642	0.15725	0.15506	0.15271	0.15177	
0.041427	0.070791	0.076836	0.075933	0.081188	0.088677	0.092027	0.094671	0.098489	0.10313	0.10875	0.11248	0.11503	0.12028	0.12662	0.13342	0.14001	0.14327	0.15047	0.15114	0.14905	0.14694	0.14653	0.1446	
0.054643	0.077163	0.075791	0.083061	0.091894	0.095384	0.097266	0.10016	0.10618	0.1113	0.11267	0.11291	0.11786	0.12363	0.13014	0.13666	0.13979	0.14703	0.14703	0.14524	0.14348	0.1436	0.14172	0.14934	
0.041832	0.050656	0.065128	0.075814	0.086659	0.089511	0.094339	0.10044	0.10539	0.10629	0.10657	0.11183	0.11766	0.12485	0.13156	0.13489	0.14239	0.14173	0.14018	0.13867	0.13909	0.13726	0.14548	0.16551	
0.024002	0.055796	0.068078	0.088	0.090228	0.096404	0.10182	0.10557	0.10514	0.10428	0.10939	0.11532	0.12277	0.12977	0.13272	0.13996	0.13867	0.13757	0.13642	0.13716	0.13526	0.14403	0.16519	0.19056	
0.038025	0.057883	0.087323	0.085129	0.091792	0.097768	0.10156	0.10035	0.099378	0.10474	0.11118	0.11932	0.12667	0.12913	0.13605	0.13437	0.13426	0.13378	0.13508	0.13324	0.14254	0.16482	0.19147	0.23219	
0.047811	0.067367	0.068745	0.077353	0.089284	0.096869	0.09739	0.097534	0.10288	0.1099	0.11845	0.12587	0.12778	0.13436	0.13248	0.13299	0.13272	0.13408	0.13202	0.14202	0.16575	0.19372	0.23593	0.27291	
0.048477	0.059077	0.073053	0.085061	0.090294	0.089337	0.089234	0.096789	0.1052	0.1142	0.12154	0.12251	0.12848	0.12648	0.12902	0.13021	0.1326	0.13061	0.14113	0.16619	0.19535	0.23894	0.27664	0.30753	
0.040477	0.066621	0.081623	0.085332	0.081664	0.081837	0.093339	0.1029	0.11217	0.11923	0.11921	0.12506	0.12328	0.12774	0.13064	0.13386	0.13178	0.14285	0.16912	0.19925	0.24391	0.28221	0.31336	0.34415	
0.059326	0.078505	0.083999	0.08242	0.084306	0.09392	0.10355	0.11274	0.1197	0.11908	0.12456	0.1226	0.12679	0.1284	0.13057	0.12786	0.14072	0.17011	0.20306	0.25048	0.28976	0.3214	0.35256	0.36865	
0.042547	0.075099	0.078043	0.076722	0.097427	0.10765	0.11653	0.12312	0.1219	0.12732	0.12508	0.12817	0.12814	0.12919	0.1265	0.14142	0.17431	0.20958	0.25822	0.29819	0.3302	0.36152	0.37723	0.3892	
0.042213	0.058256	0.064636	0.081258	0.09443	0.10476	0.1126	0.11319	0.11813	0.11526	0.11619	0.11505	0.11684	0.11566	0.13303	0.17038	0.21048	0.26416	0.30618	0.33937	0.37153	0.38697	0.39845	0.41166	
0.03046	0.046313	0.071591	0.086884	0.097887	0.10619	0.10745	0.11367	0.11022	0.1096	0.10868	0.11154	0.11135	0.13129	0.17342	0.21716	0.27369	0.31677	0.35017	0.38231	0.39703	0.40766	0.42005	0.42432	
0.026796	0.05976	0.082593	0.093011	0.10102	0.10211	0.10685	0.10263	0.10257	0.10305	0.10745	0.10811	0.13049	0.17733	0.22421	0.2833	0.32724	0.36069	0.39253	0.4063	0.41587	0.42724	0.4304	0.43355	
0.026258	0.068389	0.08374	0.089993	0.09081	0.096277	0.090383	0.092939	0.095256	0.10187	0.10345	0.12901	0.18176	0.23222	0.29398	0.33873	0.37199	0.40328	0.41577	0.42403	0.43413	0.43598	0.43788	0.43825	
0.034748	0.054499	0.067113	0.066456	0.072629	0.075386	0.08212	0.086971	0.09543	0.097955	0.12684	0.18581	0.23983	0.3042	0.34942	0.38212	0.41253	0.42332	0.43	0.43855	0.43899	0.43943	0.43884	0.43915	
0.026043	0.051702	0.056484	0.066589	0.068773	0.076809	0.084017	0.095086	0.098684	0.13118	0.19522	0.25108	0.31604	0.36154	0.39371	0.42319	0.43241	0.43747	0.4445	0.44349	0.44262	0.44115	0.44036	0.44058	
0.03487	0.05189	0.069622	0.067963	0.077662	0.086797	0.10086	0.10417	0.13924	0.20499	0.26181	0.32681	0.37182	0.40267	0.43068	0.43772	0.44074	0.44594	0.44337	0.44112	0.4389	0.43702	0.4357	0.43684	
0.034834	0.061741	0.065828	0.077361	0.088445	0.10382	0.10639	0.14321	0.21363	0.27075	0.33551	0.37958	0.40851	0.43463	0.43923	0.44003	0.44332	0.43917	0.43552	0.43254	0.42958	0.42672	0.42637	0.42373	
0.043594	0.061413	0.078194	0.088951	0.10418	0.10604	0.14482	0.22019	0.27684	0.34115	0.38382	0.4104	0.43423	0.43591	0.43421	0.43543	0.42969	0.4247	0.42113	0.41717	0.4129	0.41119	0.40974	0.40672	
0.047864	0.078276	0.09267	0.10683	0.10783	0.14869	0.22838	0.28358	0.34748	0.38827	0.41218	0.43312	0.43128	0.42669	0.42552	0.41802	0.41146	0.40735	0.40242	0.39684	0.39397	0.39426	0.39113	0.39132	
0.046389	0.069989	0.087595	0.088935	0.13894	0.22445	0.2784	0.3427	0.38278	0.40406	0.42173	0.41612	0.40863	0.40526	0.39648	0.38918	0.38527	0.37978	0.37371	0.36967	0.37273	0.37008	0.37049	0.4013	
0.034376	0.073038	0.075686	0.13826	0.22637	0.27817	0.3419	0.37874	0.39455	0.40679	0.39658	0.386	0.38022	0.37033	0.36234	0.35854	0.35267	0.3464	0.34241	0.34845	0.34653	0.34732	0.38178	0.39925	
0.041758	0.070316	0.14542	0.22968	0.27646	0.34101	0.37113	0.37931	0.38465	0.37014	0.35676	0.34894	0.33848	0.33005	0.32651	0.32062	0.3148	0.31129	0.32044	0.31952	0.32092	0.35925	0.37849	0.41345	
0.032013	0.13995	0.23423	0.27214	0.33338	0.35172	0.35108	0.35107	0.33361	0.31939	0.31087	0.30064	0.29256	0.2898	0.28446	0.2797	0.27708	0.28957	0.29003	0.29263	0.33516	0.35657	0.39538	0.43608	
0.14452	0.22393	0.26322	0.30456	0.3106	0.30483	0.3038	0.28639	0.27434	0.26652	0.25716	0.25107	0.24858	0.24411	0.24121	0.23962	0.25582	0.25794	0.26214	0.3095	0.33319	0.37553	0.41957	0.4462	
0.16126	0.17232	0.21935	0.23195	0.22881	0.22857	0.21726	0.21135	0.20611	0.20129	0.198	0.19751	0.19535	0.19663	0.19772	0.21797	0.22309	0.23008	0.28184	0.30851	0.35453	0.40246	0.43156	0.46622	
0.049899	0.1658	0.17373	0.16382	0.16057	0.16307	0.16824	0.16408	0.1638	0.16179	0.16228	0.16205	0.16707	0.17066	0.19526	0.20268	0.21096	0.26715	0.29633	0.34539	0.39627	0.42705	0.4635	0.54433	
0.13256	0.14508	0.12928	0.123	0.13955	0.15381	0.14941	0.15101	0.14841	0.14899	0.14935	0.15609	0.16068	0.18855	0.19698	0.20556	0.26488	0.29545	0.34647	0.39892	0.43004	0.4673	0.55011	0.63369	
0.041552	0.05892	0.068669	0.098015	0.11914	0.12544	0.13088	0.13048	0.13683	0.14091	0.14908	0.15563	0.18748	0.19644	0.20492	0.26741	0.29922	0.35168	0.40686	0.43837	0.4767	0.55948	0.64324	0.71816	
0.034324	0.055971	0.098179	0.11436	0.12758	0.13177	0.12988	0.13426	0.13249	0.14025	0.14569	0.18003	0.18884	0.19715	0.26331	0.29709	0.35255	0.40982	0.44125	0.47948	0.56353	0.64784	0.72319	0.81408	
